backbone,chip,mask_ratio,trial,trial_seed,summer_masked,block_psnr,random_psnr,delta_rand_minus_block
600M,chip_010_063_merged.tif,0.2,0,1233354241,50,31.8484,38.4044,6.5559
600M,chip_010_063_merged.tif,0.2,1,753408723,50,36.3988,38.1518,1.753
600M,chip_010_063_merged.tif,0.2,2,372802092,50,37.7062,38.293,0.5868
600M,chip_010_063_merged.tif,0.2,3,2040340222,50,31.7912,38.7434,6.9521
600M,chip_010_063_merged.tif,0.2,4,1659733591,50,32.2104,38.2986,6.0882
600M,chip_010_063_merged.tif,0.4,0,973400021,100,35.7175,38.0533,2.3358
600M,chip_010_063_merged.tif,0.4,1,592793390,100,33.5565,38.2588,4.7023
600M,chip_010_063_merged.tif,0.4,2,112847872,100,33.274,38.7278,5.4538
600M,chip_010_063_merged.tif,0.4,3,1879724889,100,32.7037,38.1644,5.4607
600M,chip_010_063_merged.tif,0.4,4,1499118258,100,32.9733,36.8991,3.9259
600M,chip_010_063_merged.tif,0.6,0,230101814,154,34.3703,37.5991,3.2289
600M,chip_010_063_merged.tif,0.6,1,1996978831,154,33.0922,37.7178,4.6256
600M,chip_010_063_merged.tif,0.6,2,1616372200,154,32.855,37.2741,4.4191
600M,chip_010_063_merged.tif,0.6,3,1136426682,154,32.8544,36.4439,3.5895
600M,chip_010_063_merged.tif,0.6,4,755820051,154,34.3704,37.0328,2.6624
600M,chip_010_063_merged.tif,0.8,0,1994332153,208,33.0473,36.6835,3.6362
600M,chip_010_063_merged.tif,0.8,1,1514386635,208,33.6023,35.204,1.6017
600M,chip_010_063_merged.tif,0.8,2,1133780004,208,33.5726,36.4734,2.9009
600M,chip_010_063_merged.tif,0.8,3,653834486,208,33.5658,34.5755,1.0097
600M,chip_010_063_merged.tif,0.8,4,273227855,208,33.5656,36.3837,2.8181
600M,chip_030_076_merged.tif,0.2,0,344705013,50,38.9608,40.9527,1.9919
600M,chip_030_076_merged.tif,0.2,1,2111582030,50,42.9904,40.4217,-2.5687
600M,chip_030_076_merged.tif,0.2,2,1631636512,50,39.3253,40.1307,0.8054
600M,chip_030_076_merged.tif,0.2,3,1251029881,50,37.7532,39.8873,2.134
600M,chip_030_076_merged.tif,0.2,4,771084363,50,39.7353,40.844,1.1087
600M,chip_030_076_merged.tif,0.4,0,1426913591,100,38.4877,40.7234,2.2357
600M,chip_030_076_merged.tif,0.4,1,1046306960,100,39.7214,40.6874,0.9661
600M,chip_030_076_merged.tif,0.4,2,665700329,100,38.0677,40.4259,2.3582
600M,chip_030_076_merged.tif,0.4,3,185754811,100,38.7606,40.7904,2.0298
600M,chip_030_076_merged.tif,0.4,4,1952631828,100,38.5713,41.064,2.4927
600M,chip_030_076_merged.tif,0.6,0,782954271,154,39.1907,40.6524,1.4617
600M,chip_030_076_merged.tif,0.6,1,303008753,154,39.1907,40.6901,1.4994
600M,chip_030_076_merged.tif,0.6,2,2069885770,154,39.6586,40.4675,0.8089
600M,chip_030_076_merged.tif,0.6,3,1589940252,154,38.8567,39.95,1.0933
600M,chip_030_076_merged.tif,0.6,4,1209333621,154,39.4476,40.5889,1.1412
600M,chip_030_076_merged.tif,0.8,0,300362075,208,38.9666,39.8298,0.8632
600M,chip_030_076_merged.tif,0.8,1,1967900205,208,38.9675,40.1056,1.1382
600M,chip_030_076_merged.tif,0.8,2,1587293574,208,38.956,40.0334,1.0774
600M,chip_030_076_merged.tif,0.8,3,1107348056,208,38.7269,40.1644,1.4375
600M,chip_030_076_merged.tif,0.8,4,726741425,208,39.0793,39.9379,0.8586
600M,chip_032_111_merged.tif,0.2,0,1839455341,50,33.153,38.6833,5.5304
600M,chip_032_111_merged.tif,0.2,1,1458848710,50,38.9843,36.2292,-2.7551
600M,chip_032_111_merged.tif,0.2,2,978903192,50,33.9727,40.236,6.2633
600M,chip_032_111_merged.tif,0.2,3,598296561,50,33.1526,36.6507,3.4981
600M,chip_032_111_merged.tif,0.2,4,217689930,50,37.974,38.1442,0.1702
600M,chip_032_111_merged.tif,0.4,0,873519158,100,35.9678,38.62,2.6523
600M,chip_032_111_merged.tif,0.4,1,393573640,100,35.1609,38.1097,2.9488
600M,chip_032_111_merged.tif,0.4,2,12967009,100,36.9814,37.291,0.3096
600M,chip_032_111_merged.tif,0.4,3,1779844026,100,35.3357,37.7635,2.4278
600M,chip_032_111_merged.tif,0.4,4,1299898508,100,37.4769,38.505,1.0281
600M,chip_032_111_merged.tif,0.6,0,935541801,154,35.6876,37.0307,1.343
600M,chip_032_111_merged.tif,0.6,1,554935170,154,35.1721,37.5331,2.361
600M,chip_032_111_merged.tif,0.6,2,74989652,154,33.4547,37.5638,4.1091
600M,chip_032_111_merged.tif,0.6,3,1841866669,154,37.1302,37.861,0.7308
600M,chip_032_111_merged.tif,0.6,4,1361921151,154,37.4012,37.8812,0.48
600M,chip_032_111_merged.tif,0.8,0,1846833277,208,35.0107,35.0895,0.0788
600M,chip_032_111_merged.tif,0.8,1,1366887759,208,35.0111,36.3125,1.3014
600M,chip_032_111_merged.tif,0.8,2,986281128,208,34.9801,36.0906,1.1105
600M,chip_032_111_merged.tif,0.8,3,506335610,208,35.0116,36.9776,1.966
600M,chip_032_111_merged.tif,0.8,4,125728979,208,33.3861,35.2797,1.8935
600M,chip_032_183_merged.tif,0.2,0,524253025,50,47.7582,47.1218,-0.6364
600M,chip_032_183_merged.tif,0.2,1,44307507,50,47.4122,47.7313,0.3191
600M,chip_032_183_merged.tif,0.2,2,1811184524,50,46.7763,46.6346,-0.1417
600M,chip_032_183_merged.tif,0.2,3,1430577893,50,46.036,46.7301,0.6941
600M,chip_032_183_merged.tif,0.2,4,950632375,50,45.0833,46.9519,1.8687
600M,chip_032_183_merged.tif,0.4,0,363637692,100,47.2146,47.3833,0.1687
600M,chip_032_183_merged.tif,0.4,1,2031175822,100,46.697,47.6818,0.9847
600M,chip_032_183_merged.tif,0.4,2,1650569191,100,46.7521,48.003,1.2509
600M,chip_032_183_merged.tif,0.4,3,1170623673,100,47.2149,47.6905,0.4755
600M,chip_032_183_merged.tif,0.4,4,790017042,100,47.427,47.7504,0.3233
600M,chip_032_183_merged.tif,0.6,0,1767823133,154,46.7424,48.1823,1.4399
600M,chip_032_183_merged.tif,0.6,1,1287877615,154,47.0047,47.678,0.6732
600M,chip_032_183_merged.tif,0.6,2,907270984,154,46.9637,48.2158,1.2521
600M,chip_032_183_merged.tif,0.6,3,427325466,154,46.7546,47.9942,1.2396
600M,chip_032_183_merged.tif,0.6,4,46718835,154,46.8645,48.1302,1.2658
600M,chip_032_183_merged.tif,0.8,0,1285230937,208,42.5244,47.8851,5.3608
600M,chip_032_183_merged.tif,0.8,1,805285419,208,42.5272,47.6699,5.1427
600M,chip_032_183_merged.tif,0.8,2,424678788,208,46.0328,48.0909,2.058
600M,chip_032_183_merged.tif,0.8,3,44072157,208,46.0319,47.3236,1.2917
600M,chip_032_183_merged.tif,0.8,4,1711610287,208,39.5636,47.5845,8.0209
600M,chip_036_147_merged.tif,0.2,0,1971329537,50,35.2862,39.7748,4.4886
600M,chip_036_147_merged.tif,0.2,1,1590722906,50,41.0988,39.328,-1.7708
600M,chip_036_147_merged.tif,0.2,2,1210116275,50,36.7254,40.155,3.4297
600M,chip_036_147_merged.tif,0.2,3,730170757,50,35.7716,40.3877,4.6161
600M,chip_036_147_merged.tif,0.2,4,349564126,50,36.4872,38.9494,2.4622
600M,chip_036_147_merged.tif,0.4,0,1810714204,100,37.6736,39.5885,1.9148
600M,chip_036_147_merged.tif,0.4,1,1430107573,100,39.7014,39.8912,0.1899
600M,chip_036_147_merged.tif,0.4,2,950162055,100,37.6749,39.1726,1.4977
600M,chip_036_147_merged.tif,0.4,3,569555424,100,40.7945,40.7211,-0.0734
600M,chip_036_147_merged.tif,0.4,4,89609906,100,36.53,39.6219,3.092
600M,chip_036_147_merged.tif,0.6,0,1067415997,154,37.7513,39.9851,2.2338
600M,chip_036_147_merged.tif,0.6,1,686809366,154,37.2472,38.9957,1.7485
600M,chip_036_147_merged.tif,0.6,2,206863848,154,37.247,39.4139,2.1669
600M,chip_036_147_merged.tif,0.6,3,1973740865,154,37.9533,39.5896,1.6363
600M,chip_036_147_merged.tif,0.6,4,1593134234,154,38.3833,40.0102,1.6269
600M,chip_036_147_merged.tif,0.8,0,584823801,208,38.081,38.6363,0.5553
600M,chip_036_147_merged.tif,0.8,1,204217170,208,38.081,38.3188,0.2378
600M,chip_036_147_merged.tif,0.8,2,1971094187,208,38.514,38.6697,0.1557
600M,chip_036_147_merged.tif,0.8,3,1491148669,208,38.2086,39.1243,0.9157
600M,chip_036_147_merged.tif,0.8,4,1110542038,208,38.2077,38.2123,0.0046
600M,chip_037_102_merged.tif,0.2,0,515017938,50,38.3461,41.5108,3.1648
600M,chip_037_102_merged.tif,0.2,1,35072420,50,38.7385,42.6529,3.9143
600M,chip_037_102_merged.tif,0.2,2,1801949437,50,35.8324,41.5193,5.6868
600M,chip_037_102_merged.tif,0.2,3,1322003919,50,40.3352,40.4094,0.0742
600M,chip_037_102_merged.tif,0.2,4,941397288,50,40.4226,41.92,1.4974
600M,chip_037_102_merged.tif,0.4,0,1597226516,100,33.4492,41.5687,8.1195
600M,chip_037_102_merged.tif,0.4,1,1216619885,100,37.1398,40.7096,3.5699
600M,chip_037_102_merged.tif,0.4,2,736674367,100,33.4113,42.0979,8.6866
600M,chip_037_102_merged.tif,0.4,3,356067736,100,37.6142,41.7861,4.1719
600M,chip_037_102_merged.tif,0.4,4,2122944753,100,32.679,41.6106,8.9316
600M,chip_037_102_merged.tif,0.6,0,1758588046,154,33.0872,39.1128,6.0256
600M,chip_037_102_merged.tif,0.6,1,1278642528,154,34.4533,40.6901,6.2368
600M,chip_037_102_merged.tif,0.6,2,898035897,154,32.1463,41.2366,9.0902
600M,chip_037_102_merged.tif,0.6,3,418090379,154,32.9892,39.3988,6.4097
600M,chip_037_102_merged.tif,0.6,4,37483748,154,32.5748,41.3587,8.7839
600M,chip_037_102_merged.tif,0.8,0,371336113,208,32.9918,38.4521,5.4603
600M,chip_037_102_merged.tif,0.8,1,2138213130,208,32.9921,39.2255,6.2333
600M,chip_037_102_merged.tif,0.8,2,1757606499,208,33.0842,35.6177,2.5335
600M,chip_037_102_merged.tif,0.8,3,1277660981,208,30.946,38.1001,7.1541
600M,chip_037_102_merged.tif,0.8,4,897054350,208,30.9459,39.6251,8.6793
600M,chip_038_107_merged.tif,0.2,0,1434632243,50,35.7455,40.1153,4.3698
600M,chip_038_107_merged.tif,0.2,1,1054025612,50,37.1625,40.1726,3.0101
600M,chip_038_107_merged.tif,0.2,2,574080094,50,36.9565,38.5108,1.5544
600M,chip_038_107_merged.tif,0.2,3,193473463,50,37.4115,39.4728,2.0613
600M,chip_038_107_merged.tif,0.2,4,1861011593,50,36.9715,40.1098,3.1382
600M,chip_038_107_merged.tif,0.4,0,1274016910,100,35.3318,39.7848,4.4531
600M,chip_038_107_merged.tif,0.4,1,794071392,100,33.5549,39.9351,6.3802
600M,chip_038_107_merged.tif,0.4,2,413464761,100,35.8507,39.5221,3.6714
600M,chip_038_107_merged.tif,0.4,3,32858130,100,35.2935,38.0751,2.7816
600M,chip_038_107_merged.tif,0.4,4,1700396260,100,36.4288,39.2663,2.8375
600M,chip_038_107_merged.tif,0.6,0,530718703,154,35.2714,37.7526,2.4812
600M,chip_038_107_merged.tif,0.6,1,50773185,154,34.887,38.9112,4.0242
600M,chip_038_107_merged.tif,0.6,2,1817650202,154,35.355,39.3297,3.9747
600M,chip_038_107_merged.tif,0.6,3,1437043571,154,35.2728,38.1572,2.8845
600M,chip_038_107_merged.tif,0.6,4,957098053,154,33.8718,36.1904,2.3186
600M,chip_038_107_merged.tif,0.8,0,48126507,208,27.8443,36.8447,9.0004
600M,chip_038_107_merged.tif,0.8,1,1815003524,208,34.4406,37.2069,2.7663
600M,chip_038_107_merged.tif,0.8,2,1335058006,208,34.4397,36.7048,2.265
600M,chip_038_107_merged.tif,0.8,3,954451375,208,27.8452,35.4082,7.563
600M,chip_038_107_merged.tif,0.8,4,474505857,208,33.4717,36.22,2.7482
600M,chip_039_108_merged.tif,0.2,0,1016999535,50,36.9953,39.4922,2.4969
600M,chip_039_108_merged.tif,0.2,1,636392904,50,37.3479,39.5035,2.1556
600M,chip_039_108_merged.tif,0.2,2,156447386,50,33.7845,39.5284,5.7439
600M,chip_039_108_merged.tif,0.2,3,1923324403,50,36.9941,39.1363,2.1422
600M,chip_039_108_merged.tif,0.2,4,1542717772,50,32.5101,40.471,7.9609
600M,chip_039_108_merged.tif,0.4,0,856384202,100,35.8041,39.0681,3.264
600M,chip_039_108_merged.tif,0.4,1,475777571,100,32.1314,39.5173,7.3858
600M,chip_039_108_merged.tif,0.4,2,2143315701,100,31.9116,39.0645,7.1529
600M,chip_039_108_merged.tif,0.4,3,1762709070,100,31.9899,38.8127,6.8229
600M,chip_039_108_merged.tif,0.4,4,1282763552,100,28.7553,39.3868,10.6315
600M,chip_039_108_merged.tif,0.6,0,113085995,154,29.0015,39.1191,10.1175
600M,chip_039_108_merged.tif,0.6,1,1879963012,154,30.4317,37.7065,7.2749
600M,chip_039_108_merged.tif,0.6,2,1400017494,154,29.5301,35.3401,5.81
600M,chip_039_108_merged.tif,0.6,3,1019410863,154,28.9586,37.2578,8.2992
600M,chip_039_108_merged.tif,0.6,4,539465345,154,29.4142,37.8221,8.408
600M,chip_039_108_merged.tif,0.8,0,1777977447,208,29.6754,36.3814,6.7061
600M,chip_039_108_merged.tif,0.8,1,1397370816,208,29.6754,35.3736,5.6983
600M,chip_039_108_merged.tif,0.8,2,917425298,208,29.6964,34.5389,4.8425
600M,chip_039_108_merged.tif,0.8,3,536818667,208,29.6757,36.636,6.9603
600M,chip_039_108_merged.tif,0.8,4,156212036,208,24.1793,33.9832,9.8039
600M,chip_039_111_merged.tif,0.2,0,118711396,50,39.583,39.9289,0.346
600M,chip_039_111_merged.tif,0.2,1,1885588413,50,41.7977,39.9042,-1.8935
600M,chip_039_111_merged.tif,0.2,2,1405642895,50,38.484,39.5433,1.0593
600M,chip_039_111_merged.tif,0.2,3,1025036264,50,36.8574,40.2573,3.4
600M,chip_039_111_merged.tif,0.2,4,545090746,50,37.8213,40.8861,3.0648
600M,chip_039_111_merged.tif,0.4,0,2105579711,100,38.3192,38.6977,0.3786
600M,chip_039_111_merged.tif,0.4,1,1625634193,100,39.3369,39.5158,0.1788
600M,chip_039_111_merged.tif,0.4,2,1245027562,100,39.0337,39.2094,0.1757
600M,chip_039_111_merged.tif,0.4,3,765082044,100,38.1074,37.9172,-0.1902
600M,chip_039_111_merged.tif,0.4,4,384475413,100,38.0207,38.4044,0.3836
600M,chip_039_111_merged.tif,0.6,0,1362281504,154,37.4858,38.4846,0.9988
600M,chip_039_111_merged.tif,0.6,1,882335986,154,36.3504,38.0188,1.6683
600M,chip_039_111_merged.tif,0.6,2,501729355,154,36.3494,38.3789,2.0295
600M,chip_039_111_merged.tif,0.6,3,21783837,154,37.3418,38.7925,1.4507
600M,chip_039_111_merged.tif,0.6,4,1788660854,154,37.3427,38.5208,1.1782
600M,chip_039_111_merged.tif,0.8,0,879689308,208,36.1787,36.8353,0.6566
600M,chip_039_111_merged.tif,0.8,1,499082677,208,36.025,37.5351,1.5101
600M,chip_039_111_merged.tif,0.8,2,19137159,208,35.264,36.952,1.6879
600M,chip_039_111_merged.tif,0.8,3,1786014176,208,36.1783,37.5229,1.3446
600M,chip_039_111_merged.tif,0.8,4,1306068658,208,35.3897,37.7716,2.3819
600M,chip_042_092_merged.tif,0.2,0,2078446524,50,32.5097,41.0977,8.588
600M,chip_042_092_merged.tif,0.2,1,1697839893,50,36.4484,38.7058,2.2574
600M,chip_042_092_merged.tif,0.2,2,1317233262,50,36.3934,37.4134,1.02
600M,chip_042_092_merged.tif,0.2,3,837287744,50,36.5074,40.7988,4.2914
600M,chip_042_092_merged.tif,0.2,4,456681113,50,39.1423,40.8265,1.6841
600M,chip_042_092_merged.tif,0.4,0,1917831191,100,30.9462,40.5487,9.6025
600M,chip_042_092_merged.tif,0.4,1,1537224560,100,31.3069,39.6428,8.336
600M,chip_042_092_merged.tif,0.4,2,1057279042,100,30.946,39.3445,8.3985
600M,chip_042_092_merged.tif,0.4,3,676672411,100,36.4063,38.9417,2.5354
600M,chip_042_092_merged.tif,0.4,4,296065780,100,34.4395,38.958,4.5185
600M,chip_042_092_merged.tif,0.6,0,1174532984,154,30.8543,39.5026,8.6482
600M,chip_042_092_merged.tif,0.6,1,793926353,154,31.6972,38.0192,6.322
600M,chip_042_092_merged.tif,0.6,2,313980835,154,30.1385,38.6966,8.5581
600M,chip_042_092_merged.tif,0.6,3,2080857852,154,27.5469,37.7853,10.2384
600M,chip_042_092_merged.tif,0.6,4,1700251221,154,30.0827,38.2826,8.1998
600M,chip_042_092_merged.tif,0.8,0,691940788,208,27.4511,35.8746,8.4235
600M,chip_042_092_merged.tif,0.8,1,311334157,208,29.3395,35.9786,6.6391
600M,chip_042_092_merged.tif,0.8,2,2078211174,208,29.3395,32.2515,2.912
600M,chip_042_092_merged.tif,0.8,3,1598265656,208,30.1168,34.6371,4.5203
600M,chip_042_092_merged.tif,0.8,4,1217659025,208,27.451,34.9839,7.5329
600M,chip_047_106_merged.tif,0.2,0,1114144184,50,34.6249,38.0109,3.3861
600M,chip_047_106_merged.tif,0.2,1,634198666,50,37.5727,40.8398,3.2671
600M,chip_047_106_merged.tif,0.2,2,253592035,50,34.9291,39.7493,4.8202
600M,chip_047_106_merged.tif,0.2,3,2020469052,50,39.4563,40.4112,0.9548
600M,chip_047_106_merged.tif,0.2,4,1540523534,50,33.9466,40.2866,6.34
600M,chip_047_106_merged.tif,0.4,0,953528851,100,33.7782,40.3596,6.5814
600M,chip_047_106_merged.tif,0.4,1,473583333,100,37.1922,40.6191,3.4269
600M,chip_047_106_merged.tif,0.4,2,92976702,100,37.6964,39.7832,2.0868
600M,chip_047_106_merged.tif,0.4,3,1760514832,100,35.4683,40.11,4.6417
600M,chip_047_106_merged.tif,0.4,4,1379908201,100,34.2978,39.7765,5.4787
600M,chip_047_106_merged.tif,0.6,0,210230644,154,32.7091,39.7135,7.0044
600M,chip_047_106_merged.tif,0.6,1,1877768774,154,32.0447,39.5483,7.5036
600M,chip_047_106_merged.tif,0.6,2,1497162143,154,32.707,38.7754,6.0684
600M,chip_047_106_merged.tif,0.6,3,1017216625,154,35.7244,38.047,2.3226
600M,chip_047_106_merged.tif,0.6,4,636609994,154,35.7272,39.6894,3.9621
600M,chip_047_106_merged.tif,0.8,0,1875122096,208,32.6385,35.995,3.3565
600M,chip_047_106_merged.tif,0.8,1,1395176578,208,31.9496,37.1496,5.2
600M,chip_047_106_merged.tif,0.8,2,1014569947,208,32.6379,36.1302,3.4923
600M,chip_047_106_merged.tif,0.8,3,633963316,208,32.638,36.7103,4.0723
600M,chip_047_106_merged.tif,0.8,4,154017798,208,31.9481,37.8811,5.933
600M,chip_051_235_merged.tif,0.2,0,235405407,50,38.3596,40.1456,1.7859
600M,chip_051_235_merged.tif,0.2,1,1902943537,50,32.6153,39.4836,6.8683
600M,chip_051_235_merged.tif,0.2,2,1522336906,50,35.3959,39.2498,3.8539
600M,chip_051_235_merged.tif,0.2,3,1042391388,50,35.2384,38.8559,3.6175
600M,chip_051_235_merged.tif,0.2,4,661784757,50,34.8725,39.0332,4.1607
600M,chip_051_235_merged.tif,0.4,0,2122934835,100,34.6029,37.9453,3.3423
600M,chip_051_235_merged.tif,0.4,1,1742328204,100,32.2684,39.1532,6.8847
600M,chip_051_235_merged.tif,0.4,2,1262382686,100,38.6792,39.227,0.5478
600M,chip_051_235_merged.tif,0.4,3,881776055,100,32.9318,38.4926,5.5608
600M,chip_051_235_merged.tif,0.4,4,501169424,100,31.7249,39.0044,7.2796
600M,chip_051_235_merged.tif,0.6,0,1379636628,154,33.9915,37.2219,3.2304
600M,chip_051_235_merged.tif,0.6,1,999029997,154,34.8309,36.2729,1.442
600M,chip_051_235_merged.tif,0.6,2,618423366,154,35.8654,37.8332,1.9678
600M,chip_051_235_merged.tif,0.6,3,138477848,154,33.8743,36.5446,2.6703
600M,chip_051_235_merged.tif,0.6,4,1905354865,154,32.6094,37.8787,5.2693
600M,chip_051_235_merged.tif,0.8,0,996383319,208,32.1766,34.153,1.9763
600M,chip_051_235_merged.tif,0.8,1,516437801,208,32.2549,35.5458,3.2909
600M,chip_051_235_merged.tif,0.8,2,135831170,208,31.9988,35.5633,3.5645
600M,chip_051_235_merged.tif,0.8,3,1803369300,208,30.5059,35.3042,4.7983
600M,chip_051_235_merged.tif,0.8,4,1422762669,208,31.9983,35.2003,3.2019
600M,chip_053_176_merged.tif,0.2,0,143321580,50,41.3014,42.6134,1.312
600M,chip_053_176_merged.tif,0.2,1,1810859710,50,39.2242,42.7436,3.5194
600M,chip_053_176_merged.tif,0.2,2,1430253079,50,41.7684,43.139,1.3706
600M,chip_053_176_merged.tif,0.2,3,950307561,50,42.5144,42.631,0.1165
600M,chip_053_176_merged.tif,0.2,4,569700930,50,42.0663,42.1457,0.0794
600M,chip_053_176_merged.tif,0.4,0,2030851008,100,41.0659,43.2172,2.1513
600M,chip_053_176_merged.tif,0.4,1,1650244377,100,40.8654,42.9309,2.0656
600M,chip_053_176_merged.tif,0.4,2,1170298859,100,40.7796,44.1192,3.3395
600M,chip_053_176_merged.tif,0.4,3,789692228,100,39.5878,43.5946,4.0068
600M,chip_053_176_merged.tif,0.4,4,409085597,100,41.2392,42.4067,1.1675
600M,chip_053_176_merged.tif,0.6,0,1287552801,154,40.8116,40.5699,-0.2416
600M,chip_053_176_merged.tif,0.6,1,906946170,154,37.6971,42.7407,5.0435
600M,chip_053_176_merged.tif,0.6,2,526339539,154,36.4568,43.4297,6.9729
600M,chip_053_176_merged.tif,0.6,3,46394021,154,40.8117,41.8887,1.077
600M,chip_053_176_merged.tif,0.6,4,1813271038,154,40.9319,42.9276,1.9956
600M,chip_053_176_merged.tif,0.8,0,904299492,208,39.2806,40.395,1.1144
600M,chip_053_176_merged.tif,0.8,1,424353974,208,39.2809,40.7814,1.5005
600M,chip_053_176_merged.tif,0.8,2,43747343,208,39.2806,41.6345,2.3538
600M,chip_053_176_merged.tif,0.8,3,1711285473,208,39.281,40.6946,1.4136
600M,chip_053_176_merged.tif,0.8,4,1330678842,208,39.2812,41.1108,1.8296
600M,chip_054_264_merged.tif,0.2,0,709690311,50,40.803,39.244,-1.5591
600M,chip_054_264_merged.tif,0.2,1,329083680,50,38.243,38.9414,0.6984
600M,chip_054_264_merged.tif,0.2,2,2095960697,50,39.9499,39.0043,-0.9456
600M,chip_054_264_merged.tif,0.2,3,1616015179,50,40.2128,39.1853,-1.0275
600M,chip_054_264_merged.tif,0.2,4,1235408548,50,38.2041,38.2349,0.0308
600M,chip_054_264_merged.tif,0.4,0,549074978,100,36.6091,39.2716,2.6625
600M,chip_054_264_merged.tif,0.4,1,168468347,100,34.9176,39.3801,4.4625
600M,chip_054_264_merged.tif,0.4,2,1836006477,100,38.1196,39.7449,1.6253
600M,chip_054_264_merged.tif,0.4,3,1455399846,100,36.5755,39.0482,2.4727
600M,chip_054_264_merged.tif,0.4,4,1074793215,100,37.2646,39.663,2.3984
600M,chip_054_264_merged.tif,0.6,0,1953260419,154,34.6152,38.4604,3.8451
600M,chip_054_264_merged.tif,0.6,1,1572653788,154,37.1555,37.5171,0.3616
600M,chip_054_264_merged.tif,0.6,2,1092708270,154,37.5352,38.6581,1.123
600M,chip_054_264_merged.tif,0.6,3,712101639,154,36.5039,38.3551,1.8512
600M,chip_054_264_merged.tif,0.6,4,331495008,154,37.6429,38.0077,0.3648
600M,chip_054_264_merged.tif,0.8,0,1470668223,208,34.2225,37.9634,3.7409
600M,chip_054_264_merged.tif,0.8,1,1090061592,208,34.2218,37.1136,2.8918
600M,chip_054_264_merged.tif,0.8,2,709454961,208,32.3238,37.1274,4.8036
600M,chip_054_264_merged.tif,0.8,3,229509443,208,35.2034,37.3576,2.1542
600M,chip_054_264_merged.tif,0.8,4,1996386460,208,35.2035,36.2541,1.0506
600M,chip_055_200_merged.tif,0.2,0,845006678,50,42.301,42.1422,-0.1588
600M,chip_055_200_merged.tif,0.2,1,365061160,50,38.5776,41.8781,3.3005
600M,chip_055_200_merged.tif,0.2,2,2131938177,50,40.7219,42.3597,1.6378
600M,chip_055_200_merged.tif,0.2,3,1751331546,50,41.5657,42.5451,0.9793
600M,chip_055_200_merged.tif,0.2,4,1271386028,50,41.228,42.7761,1.548
600M,chip_055_200_merged.tif,0.4,0,1927215256,100,39.16,42.7193,3.5593
600M,chip_055_200_merged.tif,0.4,1,1546608625,100,39.3029,42.4184,3.1155
600M,chip_055_200_merged.tif,0.4,2,1066663107,100,41.5772,41.9656,0.3883
600M,chip_055_200_merged.tif,0.4,3,686056476,100,39.2519,41.918,2.6661
600M,chip_055_200_merged.tif,0.4,4,305449845,100,39.9537,41.8528,1.8992
600M,chip_055_200_merged.tif,0.6,0,2088576786,154,39.8548,41.7914,1.9365
600M,chip_055_200_merged.tif,0.6,1,1608631268,154,40.3187,41.6932,1.3745
600M,chip_055_200_merged.tif,0.6,2,1228024637,154,39.3955,39.724,0.3286
600M,chip_055_200_merged.tif,0.6,3,748079119,154,39.4904,42.0478,2.5574
600M,chip_055_200_merged.tif,0.6,4,367472488,154,38.7594,42.1327,3.3734
600M,chip_055_200_merged.tif,0.8,0,1605984590,208,38.264,39.668,1.404
600M,chip_055_200_merged.tif,0.8,1,1126039072,208,39.376,40.1405,0.7644
600M,chip_055_200_merged.tif,0.8,2,745432441,208,38.2634,40.3875,2.1241
600M,chip_055_200_merged.tif,0.8,3,364825810,208,38.8494,40.5641,1.7147
600M,chip_055_200_merged.tif,0.8,4,2032363940,208,38.2631,39.9462,1.6831
600M,chip_055_202_merged.tif,0.2,0,303412921,50,41.899,42.9344,1.0355
600M,chip_055_202_merged.tif,0.2,1,1970951051,50,40.28,42.6653,2.3852
600M,chip_055_202_merged.tif,0.2,2,1590344420,50,40.0715,41.8126,1.7411
600M,chip_055_202_merged.tif,0.2,3,1209737789,50,41.8811,43.258,1.3768
600M,chip_055_202_merged.tif,0.2,4,729792271,50,38.5958,42.5634,3.9676
600M,chip_055_202_merged.tif,0.4,0,142797588,100,38.821,43.3595,4.5385
600M,chip_055_202_merged.tif,0.4,1,1810335718,100,38.3943,43.3763,4.982
600M,chip_055_202_merged.tif,0.4,2,1429729087,100,37.108,43.656,6.5479
600M,chip_055_202_merged.tif,0.4,3,949783569,100,42.0765,42.8145,0.738
600M,chip_055_202_merged.tif,0.4,4,569176938,100,39.328,42.036,2.7079
600M,chip_055_202_merged.tif,0.6,0,1546983029,154,32.4413,42.5293,10.088
600M,chip_055_202_merged.tif,0.6,1,1067037511,154,37.162,42.5131,5.3511
600M,chip_055_202_merged.tif,0.6,2,686430880,154,37.1635,42.2498,5.0864
600M,chip_055_202_merged.tif,0.6,3,206485362,154,38.2594,41.762,3.5027
600M,chip_055_202_merged.tif,0.6,4,1973362379,154,38.2591,42.3557,4.0966
600M,chip_055_202_merged.tif,0.8,0,1064390833,208,37.9845,41.8512,3.8667
600M,chip_055_202_merged.tif,0.8,1,584445315,208,37.4532,41.9652,4.512
600M,chip_055_202_merged.tif,0.8,2,203838684,208,32.5488,41.6666,9.1178
600M,chip_055_202_merged.tif,0.8,3,1970715701,208,32.5505,41.6494,9.0988
600M,chip_055_202_merged.tif,0.8,4,1490770183,208,36.8406,41.9239,5.0833
600M,chip_057_118_merged.tif,0.2,0,2102522737,50,35.1734,40.5129,5.3394
600M,chip_057_118_merged.tif,0.2,1,1721916106,50,36.031,40.2858,4.2548
600M,chip_057_118_merged.tif,0.2,2,1241970588,50,35.4197,39.5716,4.1519
600M,chip_057_118_merged.tif,0.2,3,861363957,50,34.1733,39.3524,5.1791
600M,chip_057_118_merged.tif,0.2,4,381418439,50,35.8217,38.0442,2.2224
600M,chip_057_118_merged.tif,0.4,0,1037247667,100,35.7273,38.5993,2.872
600M,chip_057_118_merged.tif,0.4,1,656641036,100,33.9242,39.1562,5.232
600M,chip_057_118_merged.tif,0.4,2,276034405,100,34.146,38.4644,4.3183
600M,chip_057_118_merged.tif,0.4,3,1943572535,100,35.3977,38.6112,3.2135
600M,chip_057_118_merged.tif,0.4,4,1562965904,100,36.0755,39.5527,3.4773
600M,chip_057_118_merged.tif,0.6,0,1198609197,154,33.0168,38.4315,5.4147
600M,chip_057_118_merged.tif,0.6,1,718663679,154,33.7728,36.9485,3.1757
600M,chip_057_118_merged.tif,0.6,2,338057048,154,34.4141,36.7439,2.3299
600M,chip_057_118_merged.tif,0.6,3,2104934065,154,33.7757,36.6631,2.8874
600M,chip_057_118_merged.tif,0.6,4,1624988547,154,34.4774,37.7347,3.2572
600M,chip_057_118_merged.tif,0.8,0,716017001,208,30.1692,34.8058,4.6366
600M,chip_057_118_merged.tif,0.8,1,335410370,208,29.962,35.0784,5.1164
600M,chip_057_118_merged.tif,0.8,2,2002948500,208,31.6544,36.3689,4.7145
600M,chip_057_118_merged.tif,0.8,3,1622341869,208,32.7854,35.2068,2.4214
600M,chip_057_118_merged.tif,0.8,4,1142396351,208,29.9629,36.469,6.5061
600M,chip_058_191_merged.tif,0.2,0,1449137339,50,36.212,42.9951,6.7831
600M,chip_058_191_merged.tif,0.2,1,1068530708,50,41.0331,43.0,1.967
600M,chip_058_191_merged.tif,0.2,2,588585190,50,36.6518,42.1735,5.5217
600M,chip_058_191_merged.tif,0.2,3,207978559,50,42.1467,43.2034,1.0567
600M,chip_058_191_merged.tif,0.2,4,1875516689,50,40.5973,42.299,1.7017
600M,chip_058_191_merged.tif,0.4,0,1288522006,100,35.4374,42.9703,7.5329
600M,chip_058_191_merged.tif,0.4,1,808576488,100,36.2952,42.9579,6.6626
600M,chip_058_191_merged.tif,0.4,2,427969857,100,37.7454,42.4222,4.6768
600M,chip_058_191_merged.tif,0.4,3,47363226,100,36.2948,42.1082,5.8134
600M,chip_058_191_merged.tif,0.4,4,1714901356,100,39.1585,42.2725,3.114
600M,chip_058_191_merged.tif,0.6,0,545223799,154,36.447,41.6954,5.2484
600M,chip_058_191_merged.tif,0.6,1,65278281,154,36.8946,39.6612,2.7666
600M,chip_058_191_merged.tif,0.6,2,1832155298,154,36.7025,41.0724,4.3699
600M,chip_058_191_merged.tif,0.6,3,1451548667,154,37.2871,41.6519,4.3647
600M,chip_058_191_merged.tif,0.6,4,971603149,154,36.703,42.6117,5.9087
600M,chip_058_191_merged.tif,0.8,0,62631603,208,32.9112,39.4699,6.5587
600M,chip_058_191_merged.tif,0.8,1,1829508620,208,32.8044,39.9207,7.1163
600M,chip_058_191_merged.tif,0.8,2,1349563102,208,32.9111,39.827,6.9159
600M,chip_058_191_merged.tif,0.8,3,968956471,208,35.7321,37.7045,1.9724
600M,chip_058_191_merged.tif,0.8,4,489010953,208,35.7327,39.1173,3.3846
600M,chip_059_190_merged.tif,0.2,0,880076579,50,33.1358,45.4808,12.345
600M,chip_059_190_merged.tif,0.2,1,499469948,50,33.5703,45.6271,12.0568
600M,chip_059_190_merged.tif,0.2,2,19524430,50,44.0424,43.5367,-0.5057
600M,chip_059_190_merged.tif,0.2,3,1786401447,50,38.7535,45.007,6.2536
600M,chip_059_190_merged.tif,0.2,4,1405794816,50,44.4202,45.987,1.5668
600M,chip_059_190_merged.tif,0.4,0,719461246,100,34.9767,46.262,11.2853
600M,chip_059_190_merged.tif,0.4,1,338854615,100,40.6445,45.394,4.7494
600M,chip_059_190_merged.tif,0.4,2,2006392745,100,40.7196,44.7462,4.0266
600M,chip_059_190_merged.tif,0.4,3,1625786114,100,42.0301,44.7394,2.7093
600M,chip_059_190_merged.tif,0.4,4,1145840596,100,40.7194,45.3362,4.6169
600M,chip_059_190_merged.tif,0.6,0,2123646687,154,36.0681,44.5707,8.5026
600M,chip_059_190_merged.tif,0.6,1,1743040056,154,40.4169,44.4386,4.0217
600M,chip_059_190_merged.tif,0.6,2,1263094538,154,42.0882,45.0855,2.9973
600M,chip_059_190_merged.tif,0.6,3,882487907,154,36.3507,44.2775,7.9268
600M,chip_059_190_merged.tif,0.6,4,402542389,154,36.351,43.7086,7.3576
600M,chip_059_190_merged.tif,0.8,0,1641054491,208,37.4176,42.0509,4.6333
600M,chip_059_190_merged.tif,0.8,1,1260447860,208,36.2845,40.7626,4.4781
600M,chip_059_190_merged.tif,0.8,2,780502342,208,37.4174,41.4333,4.0159
600M,chip_059_190_merged.tif,0.8,3,399895711,208,37.4576,40.9991,3.5415
600M,chip_059_190_merged.tif,0.8,4,19289080,208,37.4617,42.5952,5.1336
600M,chip_060_083_merged.tif,0.2,0,1377125614,50,35.0577,38.9816,3.9239
600M,chip_060_083_merged.tif,0.2,1,996518983,50,37.461,39.2043,1.7433
600M,chip_060_083_merged.tif,0.2,2,516573465,50,32.205,38.7414,6.5364
600M,chip_060_083_merged.tif,0.2,3,135966834,50,32.5965,38.999,6.4025
600M,chip_060_083_merged.tif,0.2,4,1902843851,50,36.4526,38.4629,2.0103
600M,chip_060_083_merged.tif,0.4,0,1216510281,100,35.3278,37.8847,2.557
600M,chip_060_083_merged.tif,0.4,1,835903650,100,31.7761,37.9795,6.2034
600M,chip_060_083_merged.tif,0.4,2,355958132,100,33.0195,38.2941,5.2746
600M,chip_060_083_merged.tif,0.4,3,2122835149,100,36.1733,38.9023,2.729
600M,chip_060_083_merged.tif,0.4,4,1642889631,100,33.0689,37.3603,4.2914
600M,chip_060_083_merged.tif,0.6,0,473212074,154,33.1059,38.1545,5.0486
600M,chip_060_083_merged.tif,0.6,1,92605443,154,33.0346,35.9091,2.8745
600M,chip_060_083_merged.tif,0.6,2,1760143573,154,32.3811,37.6484,5.2673
600M,chip_060_083_merged.tif,0.6,3,1379536942,154,31.9452,37.6265,5.6813
600M,chip_060_083_merged.tif,0.6,4,899591424,154,33.1056,37.6298,4.5242
600M,chip_060_083_merged.tif,0.8,0,2138103526,208,30.9893,35.6133,4.624
600M,chip_060_083_merged.tif,0.8,1,1757496895,208,31.8385,36.3963,4.5579
600M,chip_060_083_merged.tif,0.8,2,1277551377,208,30.994,34.1342,3.1402
600M,chip_060_083_merged.tif,0.8,3,896944746,208,31.8362,35.128,3.2918
600M,chip_060_083_merged.tif,0.8,4,516338115,208,30.9937,35.1267,4.133
600M,chip_060_117_merged.tif,0.2,0,667875156,50,37.749,40.9098,3.1608
600M,chip_060_117_merged.tif,0.2,1,287268525,50,37.2172,41.0563,3.8391
600M,chip_060_117_merged.tif,0.2,2,1954806655,50,37.4462,39.0346,1.5884
600M,chip_060_117_merged.tif,0.2,3,1574200024,50,39.9629,39.9191,-0.0438
600M,chip_060_117_merged.tif,0.2,4,1193593393,50,40.1735,41.1387,0.9652
600M,chip_060_117_merged.tif,0.4,0,1849422621,100,35.6845,40.9527,5.2683
600M,chip_060_117_merged.tif,0.4,1,1369477103,100,37.7384,37.5343,-0.204
600M,chip_060_117_merged.tif,0.4,2,988870472,100,37.2203,41.1468,3.9266
600M,chip_060_117_merged.tif,0.4,3,608263841,100,37.6492,40.7097,3.0605
600M,chip_060_117_merged.tif,0.4,4,128318323,100,35.8886,40.5782,4.6896
600M,chip_060_117_merged.tif,0.6,0,1106124414,154,36.6297,39.4327,2.803
600M,chip_060_117_merged.tif,0.6,1,626178896,154,38.2813,36.3286,-1.9528
600M,chip_060_117_merged.tif,0.6,2,245572265,154,35.4447,37.3396,1.8949
600M,chip_060_117_merged.tif,0.6,3,2012449282,154,36.1478,37.7183,1.5706
600M,chip_060_117_merged.tif,0.6,4,1532503764,154,38.2805,40.2366,1.956
600M,chip_060_117_merged.tif,0.8,0,623532218,208,33.5469,37.5423,3.9953
600M,chip_060_117_merged.tif,0.8,1,242925587,208,33.9393,38.0782,4.1389
600M,chip_060_117_merged.tif,0.8,2,1910463717,208,33.9396,38.593,4.6534
600M,chip_060_117_merged.tif,0.8,3,1529857086,208,33.547,36.7478,3.2008
600M,chip_060_117_merged.tif,0.8,4,1049911568,208,33.9392,36.8984,2.9591
600M,chip_060_118_merged.tif,0.2,0,1808410001,50,41.654,40.7956,-0.8584
600M,chip_060_118_merged.tif,0.2,1,1328464483,50,35.9203,41.7886,5.8683
600M,chip_060_118_merged.tif,0.2,2,947857852,50,40.3034,42.0457,1.7423
600M,chip_060_118_merged.tif,0.2,3,567251221,50,37.179,42.2465,5.0675
600M,chip_060_118_merged.tif,0.2,4,87305703,50,37.3385,41.3411,4.0026
600M,chip_060_118_merged.tif,0.4,0,743134931,100,37.8859,40.3631,2.4772
600M,chip_060_118_merged.tif,0.4,1,362528300,100,39.3074,40.62,1.3126
600M,chip_060_118_merged.tif,0.4,2,2030066430,100,39.7468,40.4378,0.691
600M,chip_060_118_merged.tif,0.4,3,1649459799,100,39.427,40.5257,1.0988
600M,chip_060_118_merged.tif,0.4,4,1268853168,100,38.1359,39.9065,1.7706
600M,chip_060_118_merged.tif,0.6,0,904496461,154,37.5692,40.0716,2.5025
600M,chip_060_118_merged.tif,0.6,1,424550943,154,34.4261,40.9132,6.4871
600M,chip_060_118_merged.tif,0.6,2,43944312,154,37.7381,39.3974,1.6593
600M,chip_060_118_merged.tif,0.6,3,1711482442,154,35.8361,41.038,5.2019
600M,chip_060_118_merged.tif,0.6,4,1330875811,154,38.863,40.2118,1.3487
600M,chip_060_118_merged.tif,0.8,0,421904265,208,37.182,37.9913,0.8093
600M,chip_060_118_merged.tif,0.8,1,2089442395,208,33.218,39.9566,6.7387
600M,chip_060_118_merged.tif,0.8,2,1708835764,208,37.0343,38.1954,1.1612
600M,chip_060_118_merged.tif,0.8,3,1328229133,208,33.2177,38.4353,5.2176
600M,chip_060_118_merged.tif,0.8,4,848283615,208,37.0359,38.6185,1.5826
600M,chip_063_116_merged.tif,0.2,0,1739033392,50,34.7641,38.6521,3.888
600M,chip_063_116_merged.tif,0.2,1,1259087874,50,35.3511,38.0321,2.681
600M,chip_063_116_merged.tif,0.2,2,878481243,50,36.2689,38.8107,2.5418
600M,chip_063_116_merged.tif,0.2,3,398535725,50,37.711,37.3448,-0.3662
600M,chip_063_116_merged.tif,0.2,4,17929094,50,35.4778,38.5466,3.0688
600M,chip_063_116_merged.tif,0.4,0,1479079172,100,35.1441,38.4718,3.3278
600M,chip_063_116_merged.tif,0.4,1,1098472541,100,35.558,36.8726,1.3145
600M,chip_063_116_merged.tif,0.4,2,618527023,100,34.3196,38.9821,4.6625
600M,chip_063_116_merged.tif,0.4,3,237920392,100,35.9272,38.3498,2.4225
600M,chip_063_116_merged.tif,0.4,4,2004797409,100,35.4571,38.5297,3.0726
600M,chip_063_116_merged.tif,0.6,0,735780965,154,34.5043,36.9005,2.3963
600M,chip_063_116_merged.tif,0.6,1,355174334,154,35.2601,37.179,1.9189
600M,chip_063_116_merged.tif,0.6,2,2022712464,154,34.6888,37.9373,3.2485
600M,chip_063_116_merged.tif,0.6,3,1642105833,154,34.9756,37.8011,2.8255
600M,chip_063_116_merged.tif,0.6,4,1261499202,154,34.5051,37.6067,3.1016
600M,chip_063_116_merged.tif,0.8,0,352527656,208,33.8923,36.041,2.1487
600M,chip_063_116_merged.tif,0.8,1,2020065786,208,33.3643,35.1136,1.7493
600M,chip_063_116_merged.tif,0.8,2,1639459155,208,30.5339,35.7821,5.2481
600M,chip_063_116_merged.tif,0.8,3,1159513637,208,33.892,36.2153,2.3233
600M,chip_063_116_merged.tif,0.8,4,778907006,208,34.238,36.5019,2.2639
600M,chip_064_067_merged.tif,0.2,0,464660653,50,31.1198,40.0578,8.938
600M,chip_064_067_merged.tif,0.2,1,2132198783,50,38.7295,36.1418,-2.5877
600M,chip_064_067_merged.tif,0.2,2,1751592152,50,37.2566,43.559,6.3024
600M,chip_064_067_merged.tif,0.2,3,1271646634,50,38.7895,41.745,2.9555
600M,chip_064_067_merged.tif,0.2,4,891040003,50,38.7263,40.2183,1.492
600M,chip_064_067_merged.tif,0.4,0,204706433,100,40.3939,40.0229,-0.371
600M,chip_064_067_merged.tif,0.4,1,1971583450,100,33.4675,37.6609,4.1933
600M,chip_064_067_merged.tif,0.4,2,1590976819,100,30.5665,37.9036,7.3371
600M,chip_064_067_merged.tif,0.4,3,1111031301,100,37.8299,39.6195,1.7896
600M,chip_064_067_merged.tif,0.4,4,730424670,100,36.2503,40.9114,4.6611
600M,chip_064_067_merged.tif,0.6,0,1608891874,154,36.0367,39.5804,3.5437
600M,chip_064_067_merged.tif,0.6,1,1228285243,154,34.9313,36.6733,1.742
600M,chip_064_067_merged.tif,0.6,2,847678612,154,36.0357,39.9239,3.8882
600M,chip_064_067_merged.tif,0.6,3,367733094,154,34.9329,34.5322,-0.4007
600M,chip_064_067_merged.tif,0.6,4,2134610111,154,35.3712,36.7358,1.3646
600M,chip_064_067_merged.tif,0.8,0,1225638565,208,34.9039,35.2939,0.39
600M,chip_064_067_merged.tif,0.8,1,745693047,208,36.7477,35.9946,-0.7531
600M,chip_064_067_merged.tif,0.8,2,365086416,208,36.7468,36.5136,-0.2332
600M,chip_064_067_merged.tif,0.8,3,2032624546,208,34.9031,36.4713,1.5682
600M,chip_064_067_merged.tif,0.8,4,1652017915,208,29.5597,36.9848,7.4251
600M,chip_064_120_merged.tif,0.2,0,472967990,50,34.7624,39.3502,4.5879
600M,chip_064_120_merged.tif,0.2,1,92361359,50,33.8063,38.7095,4.9032
600M,chip_064_120_merged.tif,0.2,2,1759899489,50,35.734,39.4125,3.6784
600M,chip_064_120_merged.tif,0.2,3,1379292858,50,34.7611,39.2288,4.4677
600M,chip_064_120_merged.tif,0.2,4,899347340,50,38.4984,39.3092,0.8108
600M,chip_064_120_merged.tif,0.4,0,1654515455,100,37.2651,39.5263,2.2611
600M,chip_064_120_merged.tif,0.4,1,1174569937,100,37.4308,39.2243,1.7935
600M,chip_064_120_merged.tif,0.4,2,793963306,100,35.6155,39.6893,4.0738
600M,chip_064_120_merged.tif,0.4,3,314017788,100,37.0982,39.0747,1.9766
600M,chip_064_120_merged.tif,0.4,4,2080894805,100,36.8653,39.3105,2.4452
600M,chip_064_120_merged.tif,0.6,0,1716538098,154,36.1902,37.857,1.6669
600M,chip_064_120_merged.tif,0.6,1,1236592580,154,33.3775,38.5562,5.1787
600M,chip_064_120_merged.tif,0.6,2,855985949,154,34.8017,38.0667,3.265
600M,chip_064_120_merged.tif,0.6,3,475379318,154,34.0223,37.0574,3.0351
600M,chip_064_120_merged.tif,0.6,4,2142917448,154,34.0539,38.6176,4.5637
600M,chip_064_120_merged.tif,0.8,0,1233945902,208,32.0634,36.3348,4.2714
600M,chip_064_120_merged.tif,0.8,1,853339271,208,32.0643,36.2084,4.1441
600M,chip_064_120_merged.tif,0.8,2,373393753,208,33.1002,36.4116,3.3113
600M,chip_064_120_merged.tif,0.8,3,2140270770,208,33.1011,36.2179,3.1168
600M,chip_064_120_merged.tif,0.8,4,1660325252,208,33.1004,35.9129,2.8125
600M,chip_064_352_merged.tif,0.2,0,1703173790,50,33.0177,34.7398,1.7221
600M,chip_064_352_merged.tif,0.2,1,1322567159,50,30.7478,34.4066,3.6589
600M,chip_064_352_merged.tif,0.2,2,842621641,50,33.0566,34.2342,1.1776
600M,chip_064_352_merged.tif,0.2,3,462015010,50,33.2464,33.827,0.5806
600M,chip_064_352_merged.tif,0.2,4,81408379,50,32.7631,34.5899,1.8268
600M,chip_064_352_merged.tif,0.4,0,1542558457,100,31.7257,33.2642,1.5385
600M,chip_064_352_merged.tif,0.4,1,1161951826,100,31.7664,33.4512,1.6848
600M,chip_064_352_merged.tif,0.4,2,682006308,100,32.2331,33.6799,1.4468
600M,chip_064_352_merged.tif,0.4,3,301399677,100,30.7942,33.9522,3.1581
600M,chip_064_352_merged.tif,0.4,4,1968937807,100,29.0313,33.8613,4.83
600M,chip_064_352_merged.tif,0.6,0,799260250,154,31.1562,33.1474,1.9913
600M,chip_064_352_merged.tif,0.6,1,418653619,154,31.0595,32.1302,1.0708
600M,chip_064_352_merged.tif,0.6,2,2086191749,154,30.1566,33.3192,3.1626
600M,chip_064_352_merged.tif,0.6,3,1705585118,154,31.4956,33.1451,1.6495
600M,chip_064_352_merged.tif,0.6,4,1225639600,154,30.1285,32.7165,2.588
600M,chip_064_352_merged.tif,0.8,0,316668054,208,30.8944,32.1,1.2056
600M,chip_064_352_merged.tif,0.8,1,2083545071,208,30.1204,31.3907,1.2703
600M,chip_064_352_merged.tif,0.8,2,1603599553,208,29.8906,31.8701,1.9795
600M,chip_064_352_merged.tif,0.8,3,1222992922,208,30.5663,31.5113,0.945
600M,chip_064_352_merged.tif,0.8,4,842386291,208,29.8914,31.7024,1.811
600M,chip_064_354_merged.tif,0.2,0,1059364196,50,32.4111,34.6763,2.2652
600M,chip_064_354_merged.tif,0.2,1,579418678,50,30.4012,34.8977,4.4964
600M,chip_064_354_merged.tif,0.2,2,198812047,50,30.6173,35.1445,4.5272
600M,chip_064_354_merged.tif,0.2,3,1866350177,50,32.1769,34.2274,2.0505
600M,chip_064_354_merged.tif,0.2,4,1485743546,50,32.0132,34.9979,2.9847
600M,chip_064_354_merged.tif,0.4,0,799409976,100,30.7156,33.8436,3.1281
600M,chip_064_354_merged.tif,0.4,1,418803345,100,31.0626,34.7804,3.7178
600M,chip_064_354_merged.tif,0.4,2,2086341475,100,30.8264,34.247,3.4206
600M,chip_064_354_merged.tif,0.4,3,1705734844,100,30.8883,34.3965,3.5082
600M,chip_064_354_merged.tif,0.4,4,1325128213,100,30.3542,34.8932,4.5389
600M,chip_064_354_merged.tif,0.6,0,56111769,154,29.7695,33.6858,3.9164
600M,chip_064_354_merged.tif,0.6,1,1822988786,154,30.4851,33.787,3.3019
600M,chip_064_354_merged.tif,0.6,2,1343043268,154,30.3566,34.0418,3.6851
600M,chip_064_354_merged.tif,0.6,3,962436637,154,30.4848,32.7877,2.3029
600M,chip_064_354_merged.tif,0.6,4,581830006,154,30.6039,33.4826,2.8788
600M,chip_064_354_merged.tif,0.8,0,1820342108,208,30.0094,32.8665,2.8571
600M,chip_064_354_merged.tif,0.8,1,1340396590,208,28.606,31.9921,3.3861
600M,chip_064_354_merged.tif,0.8,2,959789959,208,30.0092,32.3504,2.3412
600M,chip_064_354_merged.tif,0.8,3,479844441,208,28.6053,32.5359,3.9307
600M,chip_064_354_merged.tif,0.8,4,99237810,208,30.0096,32.8693,2.8597
600M,chip_065_348_merged.tif,0.2,0,371080296,50,32.3364,33.9732,1.6368
600M,chip_065_348_merged.tif,0.2,1,2137957313,50,32.6044,33.1917,0.5872
600M,chip_065_348_merged.tif,0.2,2,1658011795,50,31.8007,34.0596,2.2589
600M,chip_065_348_merged.tif,0.2,3,1277405164,50,30.807,34.0805,3.2735
600M,chip_065_348_merged.tif,0.2,4,896798533,50,31.5932,33.8117,2.2185
600M,chip_065_348_merged.tif,0.4,0,210464963,100,31.4163,33.6784,2.2622
600M,chip_065_348_merged.tif,0.4,1,1977341980,100,31.3869,33.9135,2.5267
600M,chip_065_348_merged.tif,0.4,2,1497396462,100,31.5736,33.8372,2.2636
600M,chip_065_348_merged.tif,0.4,3,1116789831,100,30.946,34.0476,3.1017
600M,chip_065_348_merged.tif,0.4,4,636844313,100,31.7425,33.4415,1.699
600M,chip_065_348_merged.tif,0.6,0,1614650404,154,30.4265,33.1519,2.7254
600M,chip_065_348_merged.tif,0.6,1,1234043773,154,30.9432,32.9666,2.0234
600M,chip_065_348_merged.tif,0.6,2,754098255,154,30.6899,33.4785,2.7886
600M,chip_065_348_merged.tif,0.6,3,373491624,154,31.2093,32.9181,1.7089
600M,chip_065_348_merged.tif,0.6,4,2041029754,154,30.8612,33.1429,2.2816
600M,chip_065_348_merged.tif,0.8,0,1132058208,208,30.6602,32.4937,1.8335
600M,chip_065_348_merged.tif,0.8,1,751451577,208,29.457,31.9825,2.5256
600M,chip_065_348_merged.tif,0.8,2,271506059,208,30.6604,31.8245,1.1642
600M,chip_065_348_merged.tif,0.8,3,2038383076,208,30.6599,31.5187,0.8588
600M,chip_065_348_merged.tif,0.8,4,1657776445,208,30.6601,32.7099,2.0498
600M,chip_066_347_merged.tif,0.2,0,1989310281,50,31.7695,36.2864,4.5169
600M,chip_066_347_merged.tif,0.2,1,1608703650,50,34.6295,36.0841,1.4546
600M,chip_066_347_merged.tif,0.2,2,1128758132,50,34.4339,36.2962,1.8622
600M,chip_066_347_merged.tif,0.2,3,748151501,50,32.4531,36.8303,4.3772
600M,chip_066_347_merged.tif,0.2,4,268205983,50,34.1959,35.6301,1.4342
600M,chip_066_347_merged.tif,0.4,0,1828694948,100,33.067,35.4855,2.4185
600M,chip_066_347_merged.tif,0.4,1,1348749430,100,29.9636,35.6714,5.7078
600M,chip_066_347_merged.tif,0.4,2,968142799,100,31.3125,35.3841,4.0716
600M,chip_066_347_merged.tif,0.4,3,587536168,100,33.3147,35.2187,1.904
600M,chip_066_347_merged.tif,0.4,4,107590650,100,33.6236,35.5795,1.9559
600M,chip_066_347_merged.tif,0.6,0,1085396741,154,32.1656,34.9525,2.7869
600M,chip_066_347_merged.tif,0.6,1,605451223,154,32.5296,34.3678,1.8381
600M,chip_066_347_merged.tif,0.6,2,224844592,154,31.0531,34.8543,3.8012
600M,chip_066_347_merged.tif,0.6,3,1991721609,154,32.531,34.9963,2.4653
600M,chip_066_347_merged.tif,0.6,4,1511776091,154,30.7042,34.6894,3.9852
600M,chip_066_347_merged.tif,0.8,0,602804545,208,30.7671,33.0004,2.2333
600M,chip_066_347_merged.tif,0.8,1,222197914,208,30.7857,33.2155,2.4297
600M,chip_066_347_merged.tif,0.8,2,1889736044,208,30.6858,33.3123,2.6265
600M,chip_066_347_merged.tif,0.8,3,1509129413,208,30.6856,33.2781,2.5924
600M,chip_066_347_merged.tif,0.8,4,1029183895,208,30.7673,33.5761,2.8087
600M,chip_067_282_merged.tif,0.2,0,2011453840,50,33.0585,38.6174,5.5589
600M,chip_067_282_merged.tif,0.2,1,1630847209,50,33.0624,39.0254,5.963
600M,chip_067_282_merged.tif,0.2,2,1250240578,50,32.8346,38.2379,5.4033
600M,chip_067_282_merged.tif,0.2,3,770295060,50,33.0438,38.2725,5.2287
600M,chip_067_282_merged.tif,0.2,4,389688429,50,38.468,37.4739,-0.9941
600M,chip_067_282_merged.tif,0.4,0,1850838507,100,32.4176,37.217,4.7995
600M,chip_067_282_merged.tif,0.4,1,1470231876,100,31.7831,38.8296,7.0465
600M,chip_067_282_merged.tif,0.4,2,990286358,100,33.7617,37.3009,3.5392
600M,chip_067_282_merged.tif,0.4,3,609679727,100,32.6068,38.4538,5.847
600M,chip_067_282_merged.tif,0.4,4,229073096,100,33.9682,37.0517,3.0834
600M,chip_067_282_merged.tif,0.6,0,1107540300,154,31.3451,36.244,4.8989
600M,chip_067_282_merged.tif,0.6,1,726933669,154,31.1837,34.8741,3.6904
600M,chip_067_282_merged.tif,0.6,2,246988151,154,31.1837,36.0853,4.9016
600M,chip_067_282_merged.tif,0.6,3,2013865168,154,32.8023,36.7216,3.9193
600M,chip_067_282_merged.tif,0.6,4,1633258537,154,32.9682,35.6696,2.7014
600M,chip_067_282_merged.tif,0.8,0,624948104,208,31.3667,33.9139,2.5472
600M,chip_067_282_merged.tif,0.8,1,244341473,208,31.3666,33.7762,2.4096
600M,chip_067_282_merged.tif,0.8,2,2011218490,208,31.3673,33.9523,2.585
600M,chip_067_282_merged.tif,0.8,3,1531272972,208,31.3665,33.9256,2.5591
600M,chip_067_282_merged.tif,0.8,4,1150666341,208,31.3669,34.4229,3.056
600M,chip_069_353_merged.tif,0.2,0,124696358,50,33.8907,35.2684,1.3777
600M,chip_069_353_merged.tif,0.2,1,1891573375,50,35.0767,36.3,1.2233
600M,chip_069_353_merged.tif,0.2,2,1510966744,50,34.0963,36.3976,2.3013
600M,chip_069_353_merged.tif,0.2,3,1031021226,50,33.2668,35.8498,2.583
600M,chip_069_353_merged.tif,0.2,4,650414595,50,33.8395,34.5362,0.6967
600M,chip_069_353_merged.tif,0.4,0,2111564673,100,32.7661,35.6804,2.9143
600M,chip_069_353_merged.tif,0.4,1,1730958042,100,32.4266,35.3888,2.9622
600M,chip_069_353_merged.tif,0.4,2,1251012524,100,32.8718,34.5211,1.6493
600M,chip_069_353_merged.tif,0.4,3,870405893,100,32.766,35.4132,2.6472
600M,chip_069_353_merged.tif,0.4,4,390460375,100,32.2819,35.6591,3.3772
600M,chip_069_353_merged.tif,0.6,0,1368266466,154,33.1729,34.9279,1.755
600M,chip_069_353_merged.tif,0.6,1,987659835,154,32.3723,34.5829,2.2106
600M,chip_069_353_merged.tif,0.6,2,507714317,154,31.9125,35.3441,3.4316
600M,chip_069_353_merged.tif,0.6,3,127107686,154,32.3731,34.6863,2.3131
600M,chip_069_353_merged.tif,0.6,4,1794645816,154,31.4874,34.6555,3.168
600M,chip_069_353_merged.tif,0.8,0,885674270,208,32.0765,34.1717,2.0953
600M,chip_069_353_merged.tif,0.8,1,505067639,208,32.2305,33.5561,1.3256
600M,chip_069_353_merged.tif,0.8,2,124461008,208,31.9919,33.6193,1.6273
600M,chip_069_353_merged.tif,0.8,3,1791999138,208,31.711,34.2566,2.5456
600M,chip_069_353_merged.tif,0.8,4,1411392507,208,32.231,33.3133,1.0823
600M,chip_071_257_merged.tif,0.2,0,1171614058,50,35.0831,40.5573,5.4742
600M,chip_071_257_merged.tif,0.2,1,791007427,50,35.9908,40.1895,4.1986
600M,chip_071_257_merged.tif,0.2,2,311061909,50,36.0166,40.564,4.5474
600M,chip_071_257_merged.tif,0.2,3,2077938926,50,36.8194,40.0316,3.2122
600M,chip_071_257_merged.tif,0.2,4,1697332295,50,37.0436,39.5028,2.4592
600M,chip_071_257_merged.tif,0.4,0,205677875,100,31.4862,39.843,8.3568
600M,chip_071_257_merged.tif,0.4,1,1873216005,100,36.0637,39.7319,3.6682
600M,chip_071_257_merged.tif,0.4,2,1492609374,100,36.0212,39.1016,3.0805
600M,chip_071_257_merged.tif,0.4,3,1012663856,100,31.6695,39.6138,7.9443
600M,chip_071_257_merged.tif,0.4,4,632057225,100,30.668,39.4134,8.7454
600M,chip_071_257_merged.tif,0.6,0,267700518,154,32.5075,38.2666,5.7591
600M,chip_071_257_merged.tif,0.6,1,2034577535,154,31.7078,39.3024,7.5946
600M,chip_071_257_merged.tif,0.6,2,1554632017,154,36.1316,39.0863,2.9547
600M,chip_071_257_merged.tif,0.6,3,1174025386,154,31.1677,38.5527,7.385
600M,chip_071_257_merged.tif,0.6,4,694079868,154,31.1675,38.119,6.9515
600M,chip_071_257_merged.tif,0.8,0,1932591970,208,33.4647,37.0737,3.609
600M,chip_071_257_merged.tif,0.8,1,1551985339,208,33.3854,37.271,3.8856
600M,chip_071_257_merged.tif,0.8,2,1072039821,208,33.4624,37.7414,4.2789
600M,chip_071_257_merged.tif,0.8,3,691433190,208,33.464,38.1235,4.6595
600M,chip_071_257_merged.tif,0.8,4,310826559,208,31.5993,36.756,5.1567
600M,chip_074_351_merged.tif,0.2,0,738631216,50,32.2567,35.2958,3.0391
600M,chip_074_351_merged.tif,0.2,1,258685698,50,32.5306,35.6056,3.0749
600M,chip_074_351_merged.tif,0.2,2,2025562715,50,33.5316,35.7838,2.2522
600M,chip_074_351_merged.tif,0.2,3,1545617197,50,33.3747,35.4649,2.0901
600M,chip_074_351_merged.tif,0.2,4,1165010566,50,32.3786,35.2192,2.8406
600M,chip_074_351_merged.tif,0.4,0,1820839794,100,31.9912,35.1055,3.1143
600M,chip_074_351_merged.tif,0.4,1,1440233163,100,32.2945,35.2157,2.9211
600M,chip_074_351_merged.tif,0.4,2,960287645,100,33.1641,35.6052,2.4411
600M,chip_074_351_merged.tif,0.4,3,579681014,100,31.669,34.5767,2.9077
600M,chip_074_351_merged.tif,0.4,4,199074383,100,33.1638,35.2612,2.0973
600M,chip_074_351_merged.tif,0.6,0,1982201324,154,31.8377,34.285,2.4474
600M,chip_074_351_merged.tif,0.6,1,1502255806,154,32.0423,34.2236,2.1813
600M,chip_074_351_merged.tif,0.6,2,1121649175,154,31.9074,34.916,3.0086
600M,chip_074_351_merged.tif,0.6,3,641703657,154,31.9186,34.5714,2.6528
600M,chip_074_351_merged.tif,0.6,4,261097026,154,32.7038,34.5815,1.8777
600M,chip_074_351_merged.tif,0.8,0,1499609128,208,31.8501,33.9445,2.0944
600M,chip_074_351_merged.tif,0.8,1,1019663610,208,31.8232,33.3317,1.5085
600M,chip_074_351_merged.tif,0.8,2,639056979,208,31.8502,33.0753,1.2251
600M,chip_074_351_merged.tif,0.8,3,159111461,208,32.1508,33.5126,1.3618
600M,chip_074_351_merged.tif,0.8,4,1925988478,208,32.1509,33.6924,1.5415
600M,chip_075_347_merged.tif,0.2,0,1513835310,50,31.9534,34.648,2.6946
600M,chip_075_347_merged.tif,0.2,1,1133228679,50,32.8834,35.0066,2.1232
600M,chip_075_347_merged.tif,0.2,2,653283161,50,33.2339,34.8584,1.6245
600M,chip_075_347_merged.tif,0.2,3,272676530,50,31.6653,34.6712,3.0059
600M,chip_075_347_merged.tif,0.2,4,2039553547,50,34.1215,34.8068,0.6854
600M,chip_075_347_merged.tif,0.4,0,547899127,100,31.7839,34.581,2.7971
600M,chip_075_347_merged.tif,0.4,1,67953609,100,31.9828,34.2671,2.2843
600M,chip_075_347_merged.tif,0.4,2,1834830626,100,32.19,34.484,2.294
600M,chip_075_347_merged.tif,0.4,3,1354885108,100,31.067,34.5837,3.5168
600M,chip_075_347_merged.tif,0.4,4,974278477,100,31.8706,34.6274,2.7569
600M,chip_075_347_merged.tif,0.6,0,609921770,154,30.8192,33.9067,3.0875
600M,chip_075_347_merged.tif,0.6,1,229315139,154,31.2292,34.1723,2.9431
600M,chip_075_347_merged.tif,0.6,2,1896853269,154,30.4056,33.878,3.4724
600M,chip_075_347_merged.tif,0.6,3,1516246638,154,30.8465,34.1736,3.3271
600M,chip_075_347_merged.tif,0.6,4,1036301120,154,31.6398,34.1704,2.5305
600M,chip_075_347_merged.tif,0.8,0,127329574,208,30.2339,33.5,3.2661
600M,chip_075_347_merged.tif,0.8,1,1894206591,208,30.2344,32.9132,2.6788
600M,chip_075_347_merged.tif,0.8,2,1414261073,208,31.1747,32.5874,1.4127
600M,chip_075_347_merged.tif,0.8,3,1033654442,208,30.8378,32.9021,2.0643
600M,chip_075_347_merged.tif,0.8,4,653047811,208,30.2351,33.2183,2.9832
600M,chip_075_350_merged.tif,0.2,0,794666634,50,36.4654,36.1185,-0.3469
600M,chip_075_350_merged.tif,0.2,1,314721116,50,33.8022,37.2277,3.4255
600M,chip_075_350_merged.tif,0.2,2,2081598133,50,33.0514,36.7241,3.6727
600M,chip_075_350_merged.tif,0.2,3,1601652615,50,35.1419,37.1467,2.0047
600M,chip_075_350_merged.tif,0.2,4,1221045984,50,35.9422,36.1718,0.2296
600M,chip_075_350_merged.tif,0.4,0,1876875212,100,34.0753,36.1743,2.099
600M,chip_075_350_merged.tif,0.4,1,1496268581,100,33.7998,36.3308,2.531
600M,chip_075_350_merged.tif,0.4,2,1016323063,100,31.8765,36.182,4.3055
600M,chip_075_350_merged.tif,0.4,3,635716432,100,32.802,35.9661,3.1641
600M,chip_075_350_merged.tif,0.4,4,155770914,100,34.2757,36.3395,2.0638
600M,chip_075_350_merged.tif,0.6,0,1938897855,154,32.3711,35.0407,2.6697
600M,chip_075_350_merged.tif,0.6,1,1558291224,154,33.1809,35.6698,2.4889
600M,chip_075_350_merged.tif,0.6,2,1078345706,154,31.3735,35.9887,4.6153
600M,chip_075_350_merged.tif,0.6,3,697739075,154,33.3918,35.3598,1.968
600M,chip_075_350_merged.tif,0.6,4,317132444,154,32.3708,35.5275,3.1567
600M,chip_075_350_merged.tif,0.8,0,1555644546,208,31.5245,34.014,2.4895
600M,chip_075_350_merged.tif,0.8,1,1075699028,208,31.2576,34.9997,3.7421
600M,chip_075_350_merged.tif,0.8,2,695092397,208,31.4514,34.8177,3.3663
600M,chip_075_350_merged.tif,0.8,3,215146879,208,31.4513,33.8374,2.3861
600M,chip_075_350_merged.tif,0.8,4,1982023896,208,31.5253,34.436,2.9107
600M,chip_079_220_merged.tif,0.2,0,2087050298,50,32.6802,38.3273,5.6471
600M,chip_079_220_merged.tif,0.2,1,1607104780,50,32.0995,39.5098,7.4103
600M,chip_079_220_merged.tif,0.2,2,1226498149,50,30.9785,36.6824,5.7038
600M,chip_079_220_merged.tif,0.2,3,845891518,50,30.054,39.3477,9.2937
600M,chip_079_220_merged.tif,0.2,4,365946000,50,31.1004,37.4051,6.3047
600M,chip_079_220_merged.tif,0.4,0,1021775228,100,32.2393,35.9735,3.7343
600M,chip_079_220_merged.tif,0.4,1,641168597,100,34.7775,37.7612,2.9837
600M,chip_079_220_merged.tif,0.4,2,260561966,100,33.5378,36.6655,3.1277
600M,chip_079_220_merged.tif,0.4,3,1928100096,100,32.6957,37.6897,4.994
600M,chip_079_220_merged.tif,0.4,4,1547493465,100,35.2805,36.5214,1.2409
600M,chip_079_220_merged.tif,0.6,0,278477021,154,30.2436,38.0741,7.8305
600M,chip_079_220_merged.tif,0.6,1,2045354038,154,32.6026,36.4505,3.8479
600M,chip_079_220_merged.tif,0.6,2,1664747407,154,31.6359,36.9953,5.3594
600M,chip_079_220_merged.tif,0.6,3,1184801889,154,33.237,36.3092,3.0723
600M,chip_079_220_merged.tif,0.6,4,804195258,154,31.9045,36.1909,4.2864
600M,chip_079_220_merged.tif,0.8,0,2042707360,208,29.7915,34.271,4.4795
600M,chip_079_220_merged.tif,0.8,1,1562761842,208,26.4197,33.9414,7.5217
600M,chip_079_220_merged.tif,0.8,2,1182155211,208,29.791,34.4261,4.6352
600M,chip_079_220_merged.tif,0.8,3,702209693,208,26.4196,33.8139,7.3943
600M,chip_079_220_merged.tif,0.8,4,321603062,208,26.4195,35.0183,8.5989
600M,chip_080_231_merged.tif,0.2,0,723568822,50,37.0821,36.4012,-0.6809
600M,chip_080_231_merged.tif,0.2,1,342962191,50,34.3359,39.1321,4.7962
600M,chip_080_231_merged.tif,0.2,2,2010500321,50,38.7589,38.4598,-0.2991
600M,chip_080_231_merged.tif,0.2,3,1629893690,50,35.0004,38.6645,3.6641
600M,chip_080_231_merged.tif,0.2,4,1249287059,50,31.3858,39.8024,8.4167
600M,chip_080_231_merged.tif,0.4,0,562953489,100,32.6449,37.0129,4.368
600M,chip_080_231_merged.tif,0.4,1,182346858,100,30.9096,36.4361,5.5265
600M,chip_080_231_merged.tif,0.4,2,1849884988,100,32.2557,36.8674,4.6117
600M,chip_080_231_merged.tif,0.4,3,1469278357,100,32.8807,38.5259,5.6452
600M,chip_080_231_merged.tif,0.4,4,989332839,100,34.3255,37.3013,2.9757
600M,chip_080_231_merged.tif,0.6,0,1967138930,154,34.7581,35.7557,0.9976
600M,chip_080_231_merged.tif,0.6,1,1586532299,154,33.0491,36.343,3.2938
600M,chip_080_231_merged.tif,0.6,2,1106586781,154,33.3876,34.9537,1.566
600M,chip_080_231_merged.tif,0.6,3,725980150,154,32.9288,35.3956,2.4668
600M,chip_080_231_merged.tif,0.6,4,246034632,154,32.9291,36.3646,3.4355
600M,chip_080_231_merged.tif,0.8,0,1484546734,208,32.5125,33.747,1.2345
600M,chip_080_231_merged.tif,0.8,1,1103940103,208,31.5154,33.3495,1.8342
600M,chip_080_231_merged.tif,0.8,2,623994585,208,31.5158,32.8205,1.3047
600M,chip_080_231_merged.tif,0.8,3,243387954,208,31.5168,34.789,3.2723
600M,chip_080_231_merged.tif,0.8,4,2010264971,208,31.5165,33.7354,2.219
600M,chip_081_176_merged.tif,0.2,0,1651382332,50,33.9289,39.3032,5.3744
600M,chip_081_176_merged.tif,0.2,1,1270775701,50,30.4772,39.9908,9.5136
600M,chip_081_176_merged.tif,0.2,2,790830183,50,30.4775,40.3154,9.8379
600M,chip_081_176_merged.tif,0.2,3,410223552,50,34.3354,40.2299,5.8945
600M,chip_081_176_merged.tif,0.2,4,29616921,50,31.6152,39.6098,7.9945
600M,chip_081_176_merged.tif,0.4,0,1490766999,100,31.0634,38.8772,7.8138
600M,chip_081_176_merged.tif,0.4,1,1110160368,100,33.1327,40.1818,7.0492
600M,chip_081_176_merged.tif,0.4,2,630214850,100,31.9557,39.5559,7.6002
600M,chip_081_176_merged.tif,0.4,3,249608219,100,38.4771,40.2128,1.7356
600M,chip_081_176_merged.tif,0.4,4,1917146349,100,38.4773,38.4518,-0.0255
600M,chip_081_176_merged.tif,0.6,0,747468792,154,32.8075,36.8409,4.0334
600M,chip_081_176_merged.tif,0.6,1,366862161,154,31.5455,38.8353,7.2897
600M,chip_081_176_merged.tif,0.6,2,2034400291,154,31.5454,38.1833,6.6378
600M,chip_081_176_merged.tif,0.6,3,1653793660,154,32.1615,38.7235,6.562
600M,chip_081_176_merged.tif,0.6,4,1173848142,154,31.7907,37.3525,5.5618
600M,chip_081_176_merged.tif,0.8,0,264876596,208,31.9553,36.8369,4.8816
600M,chip_081_176_merged.tif,0.8,1,2031753613,208,31.955,33.5092,1.5542
600M,chip_081_176_merged.tif,0.8,2,1551808095,208,31.9556,36.2316,4.2759
600M,chip_081_176_merged.tif,0.8,3,1171201464,208,31.9554,36.2597,4.3044
600M,chip_081_176_merged.tif,0.8,4,790594833,208,32.4755,36.2963,3.8209
600M,chip_081_345_merged.tif,0.2,0,369541713,50,36.8677,38.4387,1.571
600M,chip_081_345_merged.tif,0.2,1,2037079843,50,35.3676,38.7907,3.4231
600M,chip_081_345_merged.tif,0.2,2,1656473212,50,37.2785,37.5032,0.2246
600M,chip_081_345_merged.tif,0.2,3,1176527694,50,34.4818,38.8731,4.3913
600M,chip_081_345_merged.tif,0.2,4,795921063,50,35.7123,38.8735,3.1613
600M,chip_081_345_merged.tif,0.4,0,109587493,100,32.0039,37.6199,5.6159
600M,chip_081_345_merged.tif,0.4,1,1876464510,100,33.8821,37.575,3.6929
600M,chip_081_345_merged.tif,0.4,2,1495857879,100,32.9776,37.3461,4.3686
600M,chip_081_345_merged.tif,0.4,3,1015912361,100,35.033,38.1633,3.1302
600M,chip_081_345_merged.tif,0.4,4,635305730,100,33.6563,36.9462,3.2899
600M,chip_081_345_merged.tif,0.6,0,1513772934,154,32.9445,37.2501,4.3056
600M,chip_081_345_merged.tif,0.6,1,1133166303,154,33.0759,36.3218,3.2459
600M,chip_081_345_merged.tif,0.6,2,752559672,154,33.1138,37.3752,4.2613
600M,chip_081_345_merged.tif,0.6,3,272614154,154,33.0761,36.7738,3.6976
600M,chip_081_345_merged.tif,0.6,4,2039491171,154,34.7947,36.5287,1.734
600M,chip_081_345_merged.tif,0.8,0,1130519625,208,32.3613,35.3948,3.0335
600M,chip_081_345_merged.tif,0.8,1,650574107,208,32.4873,34.9046,2.4174
600M,chip_081_345_merged.tif,0.8,2,269967476,208,32.4864,35.6609,3.1745
600M,chip_081_345_merged.tif,0.8,3,1937505606,208,32.3633,34.4222,2.0588
600M,chip_081_345_merged.tif,0.8,4,1556898975,208,32.4506,34.3008,1.8502
600M,chip_082_339_merged.tif,0.2,0,640821700,50,36.3403,38.3947,2.0544
600M,chip_082_339_merged.tif,0.2,1,260215069,50,38.1065,39.2226,1.1161
600M,chip_082_339_merged.tif,0.2,2,1927753199,50,37.9147,39.3636,1.4489
600M,chip_082_339_merged.tif,0.2,3,1547146568,50,34.4806,39.4011,4.9205
600M,chip_082_339_merged.tif,0.2,4,1067201050,50,37.6344,38.8717,1.2374
600M,chip_082_339_merged.tif,0.4,0,480206367,100,35.9102,39.0369,3.1267
600M,chip_082_339_merged.tif,0.4,1,260849,100,35.6435,38.0299,2.3864
600M,chip_082_339_merged.tif,0.4,2,1767137866,100,35.3766,38.7843,3.4077
600M,chip_082_339_merged.tif,0.4,3,1386531235,100,36.0057,38.8699,2.8643
600M,chip_082_339_merged.tif,0.4,4,906585717,100,35.5654,38.7055,3.14
600M,chip_082_339_merged.tif,0.6,0,1884391808,154,35.2481,38.091,2.8429
600M,chip_082_339_merged.tif,0.6,1,1404446290,154,35.8873,38.3201,2.4328
600M,chip_082_339_merged.tif,0.6,2,1023839659,154,35.1482,37.3043,2.1561
600M,chip_082_339_merged.tif,0.6,3,643233028,154,35.3555,37.3182,1.9627
600M,chip_082_339_merged.tif,0.6,4,163287510,154,34.1843,37.794,3.6097
600M,chip_082_339_merged.tif,0.8,0,1401799612,208,34.8981,37.1095,2.2114
600M,chip_082_339_merged.tif,0.8,1,1021192981,208,34.066,37.563,3.497
600M,chip_082_339_merged.tif,0.8,2,541247463,208,33.9715,36.4125,2.441
600M,chip_082_339_merged.tif,0.8,3,160640832,208,34.0657,36.9278,2.862
600M,chip_082_339_merged.tif,0.8,4,1828178962,208,34.0657,37.2156,3.1499
600M,chip_083_175_merged.tif,0.2,0,65261313,50,27.6195,37.0706,9.4512
600M,chip_083_175_merged.tif,0.2,1,1732799443,50,33.1854,36.7452,3.5598
600M,chip_083_175_merged.tif,0.2,2,1352192812,50,31.8624,37.4029,5.5406
600M,chip_083_175_merged.tif,0.2,3,872247294,50,31.9008,37.3072,5.4064
600M,chip_083_175_merged.tif,0.2,4,491640663,50,31.8157,38.4153,6.5996
600M,chip_083_175_merged.tif,0.4,0,1952790741,100,28.8453,36.9976,8.1523
600M,chip_083_175_merged.tif,0.4,1,1572184110,100,30.1527,37.4866,7.334
600M,chip_083_175_merged.tif,0.4,2,1191577479,100,29.3378,37.1887,7.851
600M,chip_083_175_merged.tif,0.4,3,711631961,100,29.3376,36.565,7.2275
600M,chip_083_175_merged.tif,0.4,4,331025330,100,29.5665,37.4489,7.8825
600M,chip_083_175_merged.tif,0.6,0,1209492534,154,30.7219,36.304,5.5821
600M,chip_083_175_merged.tif,0.6,1,828885903,154,30.4617,36.7817,6.32
600M,chip_083_175_merged.tif,0.6,2,448279272,154,30.7222,35.8141,5.0919
600M,chip_083_175_merged.tif,0.6,3,2115817402,154,30.3513,35.3732,5.0219
600M,chip_083_175_merged.tif,0.6,4,1735210771,154,30.7222,36.0115,5.2893
600M,chip_083_175_merged.tif,0.8,0,826239225,208,30.382,33.6903,3.3083
600M,chip_083_175_merged.tif,0.8,1,346293707,208,30.0922,33.5947,3.5025
600M,chip_083_175_merged.tif,0.8,2,2113170724,208,29.795,35.0625,5.2675
600M,chip_083_175_merged.tif,0.8,3,1633225206,208,29.7934,34.0666,4.2732
600M,chip_083_175_merged.tif,0.8,4,1252618575,208,30.3822,32.9736,2.5915
600M,chip_083_208_merged.tif,0.2,0,591140301,50,33.0689,36.284,3.2151
600M,chip_083_208_merged.tif,0.2,1,111194783,50,29.9833,36.0974,6.1141
600M,chip_083_208_merged.tif,0.2,2,1878071800,50,31.5924,35.0383,3.4459
600M,chip_083_208_merged.tif,0.2,3,1398126282,50,32.8514,35.9029,3.0516
600M,chip_083_208_merged.tif,0.2,4,1017519651,50,29.9826,35.5767,5.5941
600M,chip_083_208_merged.tif,0.4,0,1673348879,100,30.2132,36.318,6.1049
600M,chip_083_208_merged.tif,0.4,1,1292742248,100,30.9727,35.1833,4.2107
600M,chip_083_208_merged.tif,0.4,2,812796730,100,29.5966,34.0178,4.4213
600M,chip_083_208_merged.tif,0.4,3,432190099,100,30.9558,34.6783,3.7225
600M,chip_083_208_merged.tif,0.4,4,51583468,100,30.6238,34.8526,4.2288
600M,chip_083_208_merged.tif,0.6,0,1735371522,154,29.8191,33.7273,3.9082
600M,chip_083_208_merged.tif,0.6,1,1354764891,154,30.5641,34.3796,3.8156
600M,chip_083_208_merged.tif,0.6,2,974158260,154,29.8108,34.468,4.6572
600M,chip_083_208_merged.tif,0.6,3,494212742,154,30.6309,34.7893,4.1584
600M,chip_083_208_merged.tif,0.6,4,113606111,154,30.5786,34.3367,3.7581
600M,chip_083_208_merged.tif,0.8,0,1352118213,208,30.1149,32.3204,2.2056
600M,chip_083_208_merged.tif,0.8,1,872172695,208,29.572,32.4876,2.9156
600M,chip_083_208_merged.tif,0.8,2,491566064,208,29.5721,32.6153,3.0432
600M,chip_083_208_merged.tif,0.8,3,11620546,208,30.1148,32.3748,2.26
600M,chip_083_208_merged.tif,0.8,4,1778497563,208,29.5718,33.4412,3.8694
600M,chip_084_207_merged.tif,0.2,0,610406803,50,34.9476,37.2567,2.3091
600M,chip_084_207_merged.tif,0.2,1,130461285,50,34.7753,37.7191,2.9439
600M,chip_084_207_merged.tif,0.2,2,1897338302,50,33.4563,37.5478,4.0915
600M,chip_084_207_merged.tif,0.2,3,1417392784,50,32.5152,37.8839,5.3687
600M,chip_084_207_merged.tif,0.2,4,1036786153,50,33.5623,35.9257,2.3634
600M,chip_084_207_merged.tif,0.4,0,350452583,100,33.934,37.3537,3.4198
600M,chip_084_207_merged.tif,0.4,1,2117329600,100,35.2866,37.2961,2.0095
600M,chip_084_207_merged.tif,0.4,2,1736722969,100,34.5944,38.1047,3.5103
600M,chip_084_207_merged.tif,0.4,3,1256777451,100,31.0756,36.3708,5.2952
600M,chip_084_207_merged.tif,0.4,4,876170820,100,34.6878,37.0505,2.3627
600M,chip_084_207_merged.tif,0.6,0,1754638024,154,34.3872,37.4624,3.0752
600M,chip_084_207_merged.tif,0.6,1,1374031393,154,33.1291,36.1504,3.0214
600M,chip_084_207_merged.tif,0.6,2,993424762,154,33.0796,35.8399,2.7603
600M,chip_084_207_merged.tif,0.6,3,513479244,154,34.5247,36.0672,1.5424
600M,chip_084_207_merged.tif,0.6,4,132872613,154,33.2033,36.5261,3.3228
600M,chip_084_207_merged.tif,0.8,0,1371384715,208,33.7167,35.9445,2.2278
600M,chip_084_207_merged.tif,0.8,1,891439197,208,32.6395,34.7208,2.0812
600M,chip_084_207_merged.tif,0.8,2,510832566,208,33.7297,35.7942,2.0645
600M,chip_084_207_merged.tif,0.8,3,30887048,208,33.7165,35.8032,2.0866
600M,chip_084_207_merged.tif,0.8,4,1797764065,208,33.7302,34.6373,0.9071
600M,chip_085_592_merged.tif,0.2,0,1763525225,50,34.3992,37.0484,2.6492
600M,chip_085_592_merged.tif,0.2,1,1382918594,50,33.3043,37.6951,4.3907
600M,chip_085_592_merged.tif,0.2,2,902973076,50,33.8286,36.6977,2.8691
600M,chip_085_592_merged.tif,0.2,3,522366445,50,33.5986,38.5988,5.0003
600M,chip_085_592_merged.tif,0.2,4,141759814,50,33.9274,37.0583,3.1309
600M,chip_085_592_merged.tif,0.4,0,1602909892,100,32.9446,36.7708,3.8262
600M,chip_085_592_merged.tif,0.4,1,1222303261,100,32.961,37.0282,4.0673
600M,chip_085_592_merged.tif,0.4,2,742357743,100,30.843,36.668,5.825
600M,chip_085_592_merged.tif,0.4,3,361751112,100,32.7895,37.0818,4.2923
600M,chip_085_592_merged.tif,0.4,4,2029289242,100,30.8421,36.5329,5.6908
600M,chip_085_592_merged.tif,0.6,0,859611685,154,31.1943,35.8668,4.6725
600M,chip_085_592_merged.tif,0.6,1,479005054,154,30.5005,36.4753,5.9749
600M,chip_085_592_merged.tif,0.6,2,2146543184,154,30.9433,35.7971,4.8538
600M,chip_085_592_merged.tif,0.6,3,1765936553,154,32.5551,35.1797,2.6246
600M,chip_085_592_merged.tif,0.6,4,1285991035,154,30.5942,35.8013,5.2071
600M,chip_085_592_merged.tif,0.8,0,377019489,208,30.9892,33.6244,2.6352
600M,chip_085_592_merged.tif,0.8,1,2143896506,208,30.578,33.334,2.756
600M,chip_085_592_merged.tif,0.8,2,1663950988,208,30.5778,34.6755,4.0977
600M,chip_085_592_merged.tif,0.8,3,1283344357,208,31.2557,33.7177,2.4619
600M,chip_085_592_merged.tif,0.8,4,902737726,208,30.9901,33.9392,2.949
600M,chip_086_203_merged.tif,0.2,0,591139036,50,32.3905,38.637,6.2465
600M,chip_086_203_merged.tif,0.2,1,111193518,50,35.5751,38.1224,2.5473
600M,chip_086_203_merged.tif,0.2,2,1878070535,50,38.929,38.8446,-0.0845
600M,chip_086_203_merged.tif,0.2,3,1398125017,50,38.9316,37.6795,-1.2521
600M,chip_086_203_merged.tif,0.2,4,1017518386,50,36.5938,38.5131,1.9193
600M,chip_086_203_merged.tif,0.4,0,1673347614,100,36.4289,38.75,2.3211
600M,chip_086_203_merged.tif,0.4,1,1292740983,100,34.2484,38.25,4.0016
600M,chip_086_203_merged.tif,0.4,2,812795465,100,34.9423,37.0523,2.1099
600M,chip_086_203_merged.tif,0.4,3,432188834,100,35.963,38.0748,2.1118
600M,chip_086_203_merged.tif,0.4,4,51582203,100,34.3842,38.2488,3.8647
600M,chip_086_203_merged.tif,0.6,0,440825472,154,33.6265,37.1513,3.5247
600M,chip_086_203_merged.tif,0.6,1,60218841,154,33.16,37.3277,4.1677
600M,chip_086_203_merged.tif,0.6,2,1727756971,154,33.0491,36.855,3.8059
600M,chip_086_203_merged.tif,0.6,3,1347150340,154,33.5229,37.0616,3.5387
600M,chip_086_203_merged.tif,0.6,4,966543709,154,33.7849,37.6899,3.905
600M,chip_086_203_merged.tif,0.8,0,1352116948,208,32.5199,35.9012,3.3813
600M,chip_086_203_merged.tif,0.8,1,872171430,208,32.4131,35.2577,2.8445
600M,chip_086_203_merged.tif,0.8,2,491564799,208,32.1124,35.7161,3.6037
600M,chip_086_203_merged.tif,0.8,3,11619281,208,32.1109,36.0938,3.9829
600M,chip_086_203_merged.tif,0.8,4,1778496298,208,32.5194,34.9582,2.4388
600M,chip_087_268_merged.tif,0.2,0,435056749,50,43.0125,43.7871,0.7746
600M,chip_087_268_merged.tif,0.2,1,54450118,50,43.0293,44.7466,1.7172
600M,chip_087_268_merged.tif,0.2,2,1721988248,50,42.6206,44.1974,1.5768
600M,chip_087_268_merged.tif,0.2,3,1341381617,50,43.5276,44.4455,0.918
600M,chip_087_268_merged.tif,0.2,4,861436099,50,41.015,45.0006,3.9856
600M,chip_087_268_merged.tif,0.4,0,274441416,100,43.4459,45.173,1.7272
600M,chip_087_268_merged.tif,0.4,1,1941979546,100,43.2214,44.7809,1.5595
600M,chip_087_268_merged.tif,0.4,2,1561372915,100,41.4244,44.6882,3.2638
600M,chip_087_268_merged.tif,0.4,3,1081427397,100,43.2382,44.8801,1.6419
600M,chip_087_268_merged.tif,0.4,4,700820766,100,41.4597,44.4277,2.9681
600M,chip_087_268_merged.tif,0.6,0,1678626857,154,42.7543,44.0994,1.3452
600M,chip_087_268_merged.tif,0.6,1,1198681339,154,42.7528,44.1363,1.3835
600M,chip_087_268_merged.tif,0.6,2,818074708,154,39.7453,44.1498,4.4045
600M,chip_087_268_merged.tif,0.6,3,338129190,154,41.9131,44.1196,2.2065
600M,chip_087_268_merged.tif,0.6,4,2105006207,154,41.4229,44.314,2.891
600M,chip_087_268_merged.tif,0.8,0,1196034661,208,40.5049,42.8224,2.3175
600M,chip_087_268_merged.tif,0.8,1,815428030,208,40.5055,42.5772,2.0717
600M,chip_087_268_merged.tif,0.8,2,335482512,208,36.3689,41.4004,5.0314
600M,chip_087_268_merged.tif,0.8,3,2102359529,208,36.3662,43.4715,7.1053
600M,chip_087_268_merged.tif,0.8,4,1622414011,208,36.3665,42.0595,5.693
600M,chip_087_335_merged.tif,0.2,0,996339882,50,34.5288,38.1542,3.6254
600M,chip_087_335_merged.tif,0.2,1,615733251,50,35.1478,36.6096,1.4619
600M,chip_087_335_merged.tif,0.2,2,235126620,50,31.6635,38.1355,6.472
600M,chip_087_335_merged.tif,0.2,3,1902664750,50,34.5226,37.3269,2.8042
600M,chip_087_335_merged.tif,0.2,4,1522058119,50,34.7104,37.3105,2.6001
600M,chip_087_335_merged.tif,0.4,0,835724549,100,32.0165,37.0726,5.056
600M,chip_087_335_merged.tif,0.4,1,455117918,100,32.7524,36.4653,3.7128
600M,chip_087_335_merged.tif,0.4,2,2122656048,100,33.8229,36.595,2.772
600M,chip_087_335_merged.tif,0.4,3,1742049417,100,32.7527,36.4328,3.6802
600M,chip_087_335_merged.tif,0.4,4,1262103899,100,33.9136,37.3415,3.4279
600M,chip_087_335_merged.tif,0.6,0,92426342,154,33.4693,36.1354,2.6661
600M,chip_087_335_merged.tif,0.6,1,1859303359,154,33.1419,36.768,3.626
600M,chip_087_335_merged.tif,0.6,2,1379357841,154,32.9069,35.9558,3.0489
600M,chip_087_335_merged.tif,0.6,3,998751210,154,33.1421,35.6667,2.5247
600M,chip_087_335_merged.tif,0.6,4,618144579,154,33.1415,36.4016,3.2601
600M,chip_087_335_merged.tif,0.8,0,1757317794,208,30.5965,34.4319,3.8354
600M,chip_087_335_merged.tif,0.8,1,1376711163,208,30.5974,34.989,4.3916
600M,chip_087_335_merged.tif,0.8,2,996104532,208,31.5466,35.3765,3.8298
600M,chip_087_335_merged.tif,0.8,3,516159014,208,31.9518,34.8458,2.894
600M,chip_087_335_merged.tif,0.8,4,135552383,208,31.5467,34.9327,3.386
600M,chip_089_360_merged.tif,0.2,0,197554766,50,32.174,33.6707,1.4967
600M,chip_089_360_merged.tif,0.2,1,1964431783,50,31.9779,34.3197,2.3418
600M,chip_089_360_merged.tif,0.2,2,1484486265,50,32.4123,34.5911,2.1788
600M,chip_089_360_merged.tif,0.2,3,1103879634,50,32.5578,34.6844,2.1266
600M,chip_089_360_merged.tif,0.2,4,723273003,50,31.2839,33.8052,2.5213
600M,chip_089_360_merged.tif,0.4,0,1379102231,100,31.6443,33.7366,2.0923
600M,chip_089_360_merged.tif,0.4,1,899156713,100,31.93,34.7819,2.852
600M,chip_089_360_merged.tif,0.4,2,518550082,100,31.1367,33.4833,2.3466
600M,chip_089_360_merged.tif,0.4,3,137943451,100,31.9022,33.828,1.9257
600M,chip_089_360_merged.tif,0.4,4,1805481581,100,32.3239,33.7577,1.4338
600M,chip_089_360_merged.tif,0.6,0,1441124874,154,31.3611,33.4264,2.0652
600M,chip_089_360_merged.tif,0.6,1,1060518243,154,31.5578,33.1057,1.5479
600M,chip_089_360_merged.tif,0.6,2,580572725,154,31.3208,33.1498,1.8289
600M,chip_089_360_merged.tif,0.6,3,199966094,154,31.3206,33.3782,2.0576
600M,chip_089_360_merged.tif,0.6,4,1867504224,154,31.3207,33.248,1.9273
600M,chip_089_360_merged.tif,0.8,0,958532678,208,30.8293,32.3567,1.5274
600M,chip_089_360_merged.tif,0.8,1,577926047,208,30.6181,32.143,1.5249
600M,chip_089_360_merged.tif,0.8,2,97980529,208,30.8139,32.284,1.4701
600M,chip_089_360_merged.tif,0.8,3,1864857546,208,30.8299,32.2633,1.4334
600M,chip_089_360_merged.tif,0.8,4,1484250915,208,30.9169,32.2038,1.2869
600M,chip_091_253_merged.tif,0.2,0,871606353,50,36.6956,42.7382,6.0426
600M,chip_091_253_merged.tif,0.2,1,490999722,50,39.0529,42.427,3.3741
600M,chip_091_253_merged.tif,0.2,2,11054204,50,40.3888,42.5864,2.1975
600M,chip_091_253_merged.tif,0.2,3,1777931221,50,36.6941,42.8216,6.1275
600M,chip_091_253_merged.tif,0.2,4,1397324590,50,37.3725,42.193,4.8205
600M,chip_091_253_merged.tif,0.4,0,710991020,100,36.9405,41.0227,4.0822
600M,chip_091_253_merged.tif,0.4,1,330384389,100,36.6717,42.1069,5.4352
600M,chip_091_253_merged.tif,0.4,2,1997922519,100,37.6616,42.1843,4.5227
600M,chip_091_253_merged.tif,0.4,3,1617315888,100,36.6717,42.258,5.5863
600M,chip_091_253_merged.tif,0.4,4,1137370370,100,37.7705,41.9938,4.2233
600M,chip_091_253_merged.tif,0.6,0,2115176461,154,38.0089,40.8684,2.8595
600M,chip_091_253_merged.tif,0.6,1,1734569830,154,37.7899,40.9526,3.1627
600M,chip_091_253_merged.tif,0.6,2,1254624312,154,37.9279,40.5336,2.6057
600M,chip_091_253_merged.tif,0.6,3,874017681,154,38.2464,39.9899,1.7436
600M,chip_091_253_merged.tif,0.6,4,394072163,154,37.358,41.3664,4.0084
600M,chip_091_253_merged.tif,0.8,0,1632584265,208,31.0209,36.8503,5.8294
600M,chip_091_253_merged.tif,0.8,1,1251977634,208,31.0214,39.6507,8.6293
600M,chip_091_253_merged.tif,0.8,2,772032116,208,37.1855,37.5989,0.4134
600M,chip_091_253_merged.tif,0.8,3,391425485,208,31.021,36.4307,5.4097
600M,chip_091_253_merged.tif,0.8,4,10818854,208,31.0215,39.547,8.5256
600M,chip_091_324_merged.tif,0.2,0,2121559796,50,34.4366,35.2529,0.8163
600M,chip_091_324_merged.tif,0.2,1,1740953165,50,34.2591,35.0305,0.7714
600M,chip_091_324_merged.tif,0.2,2,1261007647,50,33.8073,35.3622,1.5549
600M,chip_091_324_merged.tif,0.2,3,880401016,50,32.962,35.503,2.541
600M,chip_091_324_merged.tif,0.2,4,400455498,50,34.7411,35.9961,1.255
600M,chip_091_324_merged.tif,0.4,0,1960944463,100,34.2569,35.4368,1.18
600M,chip_091_324_merged.tif,0.4,1,1480998945,100,34.3025,35.4212,1.1187
600M,chip_091_324_merged.tif,0.4,2,1100392314,100,33.7461,35.0499,1.3038
600M,chip_091_324_merged.tif,0.4,3,719785683,100,34.5041,35.4068,0.9027
600M,chip_091_324_merged.tif,0.4,4,239840165,100,34.7965,35.4658,0.6693
600M,chip_091_324_merged.tif,0.6,0,1217646256,154,33.7066,34.7093,1.0027
600M,chip_091_324_merged.tif,0.6,1,737700738,154,33.7062,34.7379,1.0317
600M,chip_091_324_merged.tif,0.6,2,357094107,154,34.0373,34.9252,0.8879
600M,chip_091_324_merged.tif,0.6,3,2123971124,154,33.8732,34.9575,1.0842
600M,chip_091_324_merged.tif,0.6,4,1644025606,154,33.4977,34.8899,1.3922
600M,chip_091_324_merged.tif,0.8,0,735054060,208,33.3036,34.27,0.9664
600M,chip_091_324_merged.tif,0.8,1,354447429,208,33.0468,34.3422,1.2954
600M,chip_091_324_merged.tif,0.8,2,2021985559,208,33.3035,34.2115,0.908
600M,chip_091_324_merged.tif,0.8,3,1641378928,208,33.4676,34.7661,1.2985
600M,chip_091_324_merged.tif,0.8,4,1161433410,208,33.0462,33.8783,0.8321
600M,chip_091_336_merged.tif,0.2,0,1535401738,50,37.7532,40.3024,2.5492
600M,chip_091_336_merged.tif,0.2,1,1154795107,50,38.4766,40.0107,1.5342
600M,chip_091_336_merged.tif,0.2,2,674849589,50,38.2598,40.1101,1.8503
600M,chip_091_336_merged.tif,0.2,3,294242958,50,39.7625,40.1653,0.4028
600M,chip_091_336_merged.tif,0.2,4,1961781088,50,37.6329,40.612,2.9791
600M,chip_091_336_merged.tif,0.4,0,1374786405,100,37.7234,39.8121,2.0886
600M,chip_091_336_merged.tif,0.4,1,894840887,100,38.8694,39.8819,1.0124
600M,chip_091_336_merged.tif,0.4,2,514234256,100,37.6179,39.6248,2.0069
600M,chip_091_336_merged.tif,0.4,3,34288738,100,38.1673,40.2554,2.0881
600M,chip_091_336_merged.tif,0.4,4,1801165755,100,37.8443,38.4886,0.6442
600M,chip_091_336_merged.tif,0.6,0,631488198,154,36.7731,38.8411,2.068
600M,chip_091_336_merged.tif,0.6,1,151542680,154,37.7443,39.984,2.2397
600M,chip_091_336_merged.tif,0.6,2,1918419697,154,37.0338,38.3755,1.3417
600M,chip_091_336_merged.tif,0.6,3,1438474179,154,37.8678,39.8613,1.9935
600M,chip_091_336_merged.tif,0.6,4,1057867548,154,38.1517,38.6169,0.4651
600M,chip_091_336_merged.tif,0.8,0,148896002,208,36.3992,38.2019,1.8027
600M,chip_091_336_merged.tif,0.8,1,1915773019,208,36.3994,37.7431,1.3436
600M,chip_091_336_merged.tif,0.8,2,1435827501,208,37.2007,37.8116,0.6109
600M,chip_091_336_merged.tif,0.8,3,1055220870,208,37.1997,38.2389,1.0392
600M,chip_091_336_merged.tif,0.8,4,575275352,208,36.804,38.3853,1.5813
600M,chip_092_214_merged.tif,0.2,0,1696816898,50,32.3633,37.6813,5.3179
600M,chip_092_214_merged.tif,0.2,1,1316210267,50,29.0863,38.399,9.3127
600M,chip_092_214_merged.tif,0.2,2,935603636,50,29.0878,37.9739,8.8861
600M,chip_092_214_merged.tif,0.2,3,455658118,50,31.6233,38.6841,7.0607
600M,chip_092_214_merged.tif,0.2,4,75051487,50,32.2379,37.9976,5.7597
600M,chip_092_214_merged.tif,0.4,0,1536201565,100,31.4623,37.3292,5.867
600M,chip_092_214_merged.tif,0.4,1,1155594934,100,30.0498,37.9201,7.8703
600M,chip_092_214_merged.tif,0.4,2,675649416,100,30.216,38.3058,8.0899
600M,chip_092_214_merged.tif,0.4,3,295042785,100,31.1279,38.6719,7.544
600M,chip_092_214_merged.tif,0.4,4,2061919802,100,30.2559,37.7897,7.5338
600M,chip_092_214_merged.tif,0.6,0,792903358,154,30.7441,36.4829,5.7388
600M,chip_092_214_merged.tif,0.6,1,412296727,154,30.745,35.2895,4.5445
600M,chip_092_214_merged.tif,0.6,2,2079834857,154,29.4407,36.2827,6.8421
600M,chip_092_214_merged.tif,0.6,3,1699228226,154,30.4631,36.1104,5.6473
600M,chip_092_214_merged.tif,0.6,4,1318621595,154,30.0197,35.628,5.6083
600M,chip_092_214_merged.tif,0.8,0,310311162,208,28.0157,34.2557,6.2399
600M,chip_092_214_merged.tif,0.8,1,2077188179,208,28.0169,32.8207,4.8037
600M,chip_092_214_merged.tif,0.8,2,1696581548,208,29.1498,32.9066,3.7569
600M,chip_092_214_merged.tif,0.8,3,1216636030,208,29.1493,34.5107,5.3614
600M,chip_092_214_merged.tif,0.8,4,836029399,208,29.1496,33.4628,4.3132
600M,chip_092_320_merged.tif,0.2,0,1944131574,50,35.1747,36.9876,1.8129
600M,chip_092_320_merged.tif,0.2,1,1464186056,50,34.345,36.4448,2.0997
600M,chip_092_320_merged.tif,0.2,2,1083579425,50,35.1405,36.8559,1.7154
600M,chip_092_320_merged.tif,0.2,3,603633907,50,34.8217,36.6557,1.834
600M,chip_092_320_merged.tif,0.2,4,223027276,50,35.9486,36.8243,0.8757
600M,chip_092_320_merged.tif,0.4,0,1684177354,100,34.7357,36.2072,1.4715
600M,chip_092_320_merged.tif,0.4,1,1303570723,100,35.1824,36.604,1.4216
600M,chip_092_320_merged.tif,0.4,2,922964092,100,34.5035,36.0996,1.5961
600M,chip_092_320_merged.tif,0.4,3,443018574,100,34.2356,36.4395,2.2039
600M,chip_092_320_merged.tif,0.4,4,62411943,100,35.028,36.6383,1.6103
600M,chip_092_320_merged.tif,0.6,0,940879147,154,34.3455,36.2318,1.8863
600M,chip_092_320_merged.tif,0.6,1,560272516,154,35.1982,36.3933,1.1952
600M,chip_092_320_merged.tif,0.6,2,179665885,154,34.726,35.9754,1.2494
600M,chip_092_320_merged.tif,0.6,3,1847204015,154,33.755,35.4694,1.7144
600M,chip_092_320_merged.tif,0.6,4,1466597384,154,34.7266,35.9735,1.2469
600M,chip_092_320_merged.tif,0.8,0,1852170623,208,33.7483,34.8409,1.0925
600M,chip_092_320_merged.tif,0.8,1,1372225105,208,33.2769,34.5532,1.2762
600M,chip_092_320_merged.tif,0.8,2,991618474,208,34.3015,35.1654,0.8639
600M,chip_092_320_merged.tif,0.8,3,611011843,208,33.8817,34.5979,0.7163
600M,chip_092_320_merged.tif,0.8,4,131066325,208,33.7482,34.7955,1.0472
600M,chip_092_322_merged.tif,0.2,0,446507656,50,34.5474,36.5038,1.9564
600M,chip_092_322_merged.tif,0.2,1,65901025,50,32.6623,35.9244,3.2621
600M,chip_092_322_merged.tif,0.2,2,1832778042,50,31.554,36.4241,4.8701
600M,chip_092_322_merged.tif,0.2,3,1352832524,50,32.144,36.1132,3.9692
600M,chip_092_322_merged.tif,0.2,4,972225893,50,33.1015,36.1748,3.0733
600M,chip_092_322_merged.tif,0.4,0,285892323,100,32.8803,35.7719,2.8916
600M,chip_092_322_merged.tif,0.4,1,2052769340,100,33.806,35.727,1.9211
600M,chip_092_322_merged.tif,0.4,2,1572823822,100,32.5849,35.8911,3.3063
600M,chip_092_322_merged.tif,0.4,3,1192217191,100,33.8443,35.6994,1.8551
600M,chip_092_322_merged.tif,0.4,4,811610560,100,33.4982,36.4743,2.9761
600M,chip_092_322_merged.tif,0.6,0,1690077764,154,32.9686,34.222,1.2534
600M,chip_092_322_merged.tif,0.6,1,1309471133,154,33.8557,34.4801,0.6244
600M,chip_092_322_merged.tif,0.6,2,829525615,154,32.9686,35.2279,2.2593
600M,chip_092_322_merged.tif,0.6,3,448918984,154,32.7813,34.9923,2.211
600M,chip_092_322_merged.tif,0.6,4,68312353,154,33.9188,35.6366,1.7179
600M,chip_092_322_merged.tif,0.8,0,1207485568,208,32.8299,34.486,1.6561
600M,chip_092_322_merged.tif,0.8,1,826878937,208,33.1403,34.2266,1.0863
600M,chip_092_322_merged.tif,0.8,2,446272306,208,33.1242,34.2972,1.173
600M,chip_092_322_merged.tif,0.8,3,2113810436,208,32.8302,34.3744,1.5442
600M,chip_092_322_merged.tif,0.8,4,1733203805,208,33.1237,33.5977,0.4741
600M,chip_093_213_merged.tif,0.2,0,720202386,50,32.9336,38.3645,5.4308
600M,chip_093_213_merged.tif,0.2,1,240256868,50,32.5031,39.3483,6.8452
600M,chip_093_213_merged.tif,0.2,2,2007133885,50,33.3563,38.9808,5.6245
600M,chip_093_213_merged.tif,0.2,3,1527188367,50,35.2651,39.1741,3.9091
600M,chip_093_213_merged.tif,0.2,4,1146581736,50,35.2245,38.747,3.5226
600M,chip_093_213_merged.tif,0.4,0,460248166,100,32.2047,38.5367,6.332
600M,chip_093_213_merged.tif,0.4,1,79641535,100,34.0341,38.693,4.6589
600M,chip_093_213_merged.tif,0.4,2,1846518552,100,32.9141,37.8409,4.9269
600M,chip_093_213_merged.tif,0.4,3,1366573034,100,32.2021,37.8871,5.6851
600M,chip_093_213_merged.tif,0.4,4,985966403,100,34.0897,37.9836,3.8939
600M,chip_093_213_merged.tif,0.6,0,1864433607,154,28.3296,37.4158,9.0862
600M,chip_093_213_merged.tif,0.6,1,1483826976,154,33.0078,37.3383,4.3305
600M,chip_093_213_merged.tif,0.6,2,1103220345,154,32.5662,37.6502,5.084
600M,chip_093_213_merged.tif,0.6,3,623274827,154,32.0287,36.9643,4.9355
600M,chip_093_213_merged.tif,0.6,4,242668196,154,32.3287,36.8308,4.5021
600M,chip_093_213_merged.tif,0.8,0,1481180298,208,27.2566,35.8095,8.5529
600M,chip_093_213_merged.tif,0.8,1,1001234780,208,32.4005,34.7046,2.3041
600M,chip_093_213_merged.tif,0.8,2,620628149,208,27.2576,35.4768,8.2192
600M,chip_093_213_merged.tif,0.8,3,140682631,208,27.2563,35.3931,8.1368
600M,chip_093_213_merged.tif,0.8,4,1907559648,208,32.185,35.7747,3.5897
600M,chip_093_331_merged.tif,0.2,0,1927064639,50,36.234,38.1822,1.9482
600M,chip_093_331_merged.tif,0.2,1,1546458008,50,34.9057,37.5363,2.6306
600M,chip_093_331_merged.tif,0.2,2,1066512490,50,36.9577,37.5384,0.5807
600M,chip_093_331_merged.tif,0.2,3,685905859,50,34.7209,37.6967,2.9758
600M,chip_093_331_merged.tif,0.2,4,305299228,50,32.4806,37.5392,5.0586
600M,chip_093_331_merged.tif,0.4,0,1766449306,100,33.4319,37.6244,4.1925
600M,chip_093_331_merged.tif,0.4,1,1385842675,100,35.692,37.1422,1.4501
600M,chip_093_331_merged.tif,0.4,2,905897157,100,34.4653,37.2896,2.8243
600M,chip_093_331_merged.tif,0.4,3,525290526,100,34.16,37.8844,3.7244
600M,chip_093_331_merged.tif,0.4,4,45345008,100,32.787,37.4534,4.6664
600M,chip_093_331_merged.tif,0.6,0,1023151099,154,34.295,36.3534,2.0584
600M,chip_093_331_merged.tif,0.6,1,642544468,154,34.7213,36.5501,1.8288
600M,chip_093_331_merged.tif,0.6,2,162598950,154,34.471,36.5838,2.1127
600M,chip_093_331_merged.tif,0.6,3,1929475967,154,32.4991,36.0714,3.5723
600M,chip_093_331_merged.tif,0.6,4,1449530449,154,34.3938,36.8751,2.4813
600M,chip_093_331_merged.tif,0.8,0,540558903,208,34.2627,34.6103,0.3476
600M,chip_093_331_merged.tif,0.8,1,159952272,208,32.0921,35.5124,3.4203
600M,chip_093_331_merged.tif,0.8,2,1827490402,208,34.1135,34.8661,0.7526
600M,chip_093_331_merged.tif,0.8,3,1446883771,208,34.1126,35.0193,0.9067
600M,chip_093_331_merged.tif,0.8,4,1066277140,208,34.5521,35.0298,0.4777
600M,chip_093_355_merged.tif,0.2,0,845609482,50,40.1622,38.3599,-1.8023
600M,chip_093_355_merged.tif,0.2,1,365663964,50,38.0217,38.9937,0.972
600M,chip_093_355_merged.tif,0.2,2,2132540981,50,39.2927,39.3306,0.0379
600M,chip_093_355_merged.tif,0.2,3,1652595463,50,38.8341,38.8479,0.0138
600M,chip_093_355_merged.tif,0.2,4,1271988832,50,36.1335,39.64,3.5065
600M,chip_093_355_merged.tif,0.4,0,585655262,100,38.0264,37.8192,-0.2072
600M,chip_093_355_merged.tif,0.4,1,205048631,100,39.4646,38.7339,-0.7307
600M,chip_093_355_merged.tif,0.4,2,1971925648,100,36.4396,38.8759,2.4364
600M,chip_093_355_merged.tif,0.4,3,1491980130,100,38.0269,38.6313,0.6044
600M,chip_093_355_merged.tif,0.4,4,1111373499,100,37.6132,38.7379,1.1247
600M,chip_093_355_merged.tif,0.6,0,1989840703,154,37.3482,38.2461,0.898
600M,chip_093_355_merged.tif,0.6,1,1609234072,154,37.3483,38.0412,0.6929
600M,chip_093_355_merged.tif,0.6,2,1228627441,154,37.1956,38.6305,1.4349
600M,chip_093_355_merged.tif,0.6,3,748681923,154,37.6087,38.842,1.2333
600M,chip_093_355_merged.tif,0.6,4,368075292,154,36.2831,38.1041,1.821
600M,chip_093_355_merged.tif,0.8,0,1606587394,208,37.3547,37.7301,0.3754
600M,chip_093_355_merged.tif,0.8,1,1126641876,208,37.3549,38.1366,0.7817
600M,chip_093_355_merged.tif,0.8,2,746035245,208,35.8185,38.1468,2.3283
600M,chip_093_355_merged.tif,0.8,3,266089727,208,35.8178,38.0329,2.2151
600M,chip_093_355_merged.tif,0.8,4,2032966744,208,35.8193,37.5289,1.7096
600M,chip_094_329_merged.tif,0.2,0,1418305508,50,34.8236,35.6793,0.8558
600M,chip_094_329_merged.tif,0.2,1,1037698877,50,32.4818,35.1574,2.6757
600M,chip_094_329_merged.tif,0.2,2,557753359,50,34.4836,35.7988,1.3152
600M,chip_094_329_merged.tif,0.2,3,177146728,50,34.5173,36.3416,1.8243
600M,chip_094_329_merged.tif,0.2,4,1944023745,50,32.8027,35.9544,3.1517
600M,chip_094_329_merged.tif,0.4,0,1257690175,100,32.5954,36.0588,3.4633
600M,chip_094_329_merged.tif,0.4,1,877083544,100,32.258,35.7755,3.5174
600M,chip_094_329_merged.tif,0.4,2,397138026,100,32.8925,35.3187,2.4262
600M,chip_094_329_merged.tif,0.4,3,16531395,100,31.8373,35.6947,3.8574
600M,chip_094_329_merged.tif,0.4,4,1684069525,100,33.6265,35.5865,1.96
600M,chip_094_329_merged.tif,0.6,0,514391968,154,32.742,35.0845,2.3426
600M,chip_094_329_merged.tif,0.6,1,133785337,154,32.7082,35.4507,2.7426
600M,chip_094_329_merged.tif,0.6,2,1801323467,154,32.7087,35.1594,2.4507
600M,chip_094_329_merged.tif,0.6,3,1420716836,154,32.479,35.3396,2.8606
600M,chip_094_329_merged.tif,0.6,4,940771318,154,31.4277,34.8039,3.3762
600M,chip_094_329_merged.tif,0.8,0,31799772,208,31.7719,33.8019,2.0299
600M,chip_094_329_merged.tif,0.8,1,1798676789,208,30.5714,33.8825,3.3111
600M,chip_094_329_merged.tif,0.8,2,1318731271,208,32.0172,33.9986,1.9815
600M,chip_094_329_merged.tif,0.8,3,938124640,208,31.7714,34.0219,2.2505
600M,chip_094_329_merged.tif,0.8,4,557518009,208,32.3487,34.0872,1.7385
600M,chip_095_323_merged.tif,0.2,0,557215453,50,35.0905,36.4121,1.3216
600M,chip_095_323_merged.tif,0.2,1,77269935,50,35.6553,36.6362,0.9809
600M,chip_095_323_merged.tif,0.2,2,1844146952,50,35.2456,35.8078,0.5622
600M,chip_095_323_merged.tif,0.2,3,1463540321,50,34.2183,36.8502,2.6318
600M,chip_095_323_merged.tif,0.2,4,983594803,50,35.981,36.9704,0.9894
600M,chip_095_323_merged.tif,0.4,0,396600120,100,35.1059,36.701,1.5951
600M,chip_095_323_merged.tif,0.4,1,2064138250,100,35.0348,36.3541,1.3193
600M,chip_095_323_merged.tif,0.4,2,1683531619,100,34.2907,36.1314,1.8407
600M,chip_095_323_merged.tif,0.4,3,1203586101,100,33.8768,35.7851,1.9083
600M,chip_095_323_merged.tif,0.4,4,822979470,100,35.0076,36.0791,1.0715
600M,chip_095_323_merged.tif,0.6,0,1800785561,154,34.2149,35.7614,1.5465
600M,chip_095_323_merged.tif,0.6,1,1320840043,154,34.6683,35.8205,1.1522
600M,chip_095_323_merged.tif,0.6,2,940233412,154,34.7715,36.5362,1.7647
600M,chip_095_323_merged.tif,0.6,3,460287894,154,34.5812,35.5989,1.0177
600M,chip_095_323_merged.tif,0.6,4,79681263,154,34.5815,36.1223,1.5408
600M,chip_095_323_merged.tif,0.8,0,1318193365,208,34.1088,34.5427,0.4339
600M,chip_095_323_merged.tif,0.8,1,838247847,208,34.2991,34.6675,0.3684
600M,chip_095_323_merged.tif,0.8,2,457641216,208,34.1088,34.8732,0.7645
600M,chip_095_323_merged.tif,0.8,3,77034585,208,34.2991,34.9726,0.6735
600M,chip_095_323_merged.tif,0.8,4,1744572715,208,34.2994,35.4333,1.1339
600M,chip_097_316_merged.tif,0.2,0,52879378,50,35.5635,37.6959,2.1325
600M,chip_097_316_merged.tif,0.2,1,1720417508,50,35.8545,37.7538,1.8994
600M,chip_097_316_merged.tif,0.2,2,1339810877,50,34.056,37.9882,3.9322
600M,chip_097_316_merged.tif,0.2,3,859865359,50,33.3769,38.0673,4.6904
600M,chip_097_316_merged.tif,0.2,4,479258728,50,35.4374,38.6577,3.2203
600M,chip_097_316_merged.tif,0.4,0,1940408806,100,32.7652,37.0763,4.3111
600M,chip_097_316_merged.tif,0.4,1,1559802175,100,33.7246,36.8072,3.0826
600M,chip_097_316_merged.tif,0.4,2,1179195544,100,35.1098,37.5369,2.4271
600M,chip_097_316_merged.tif,0.4,3,699250026,100,34.4432,37.3913,2.9482
600M,chip_097_316_merged.tif,0.4,4,318643395,100,32.7658,38.3685,5.6027
600M,chip_097_316_merged.tif,0.6,0,1296449486,154,33.05,36.7324,3.6824
600M,chip_097_316_merged.tif,0.6,1,816503968,154,32.396,36.9188,4.5228
600M,chip_097_316_merged.tif,0.6,2,435897337,154,33.0542,36.9907,3.9365
600M,chip_097_316_merged.tif,0.6,3,2103435467,154,33.0544,37.0171,3.9626
600M,chip_097_316_merged.tif,0.6,4,1722828836,154,33.2045,36.7737,3.5692
600M,chip_097_316_merged.tif,0.8,0,813857290,208,32.9447,35.7694,2.8247
600M,chip_097_316_merged.tif,0.8,1,333911772,208,31.7678,33.9911,2.2234
600M,chip_097_316_merged.tif,0.8,2,2100788789,208,32.946,35.2495,2.3035
600M,chip_097_316_merged.tif,0.8,3,1620843271,208,31.7683,35.076,3.3077
600M,chip_097_316_merged.tif,0.8,4,1240236640,208,32.9456,34.6652,1.7196
600M,chip_097_328_merged.tif,0.2,0,1604877678,50,34.7389,36.281,1.5421
600M,chip_097_328_merged.tif,0.2,1,1224271047,50,33.2186,36.3244,3.1058
600M,chip_097_328_merged.tif,0.2,2,843664416,50,33.819,36.2663,2.4473
600M,chip_097_328_merged.tif,0.2,3,363718898,50,32.5222,36.0725,3.5503
600M,chip_097_328_merged.tif,0.2,4,2130595915,50,32.9793,36.1202,3.1408
600M,chip_097_328_merged.tif,0.4,0,1444262345,100,32.1982,35.3242,3.1259
600M,chip_097_328_merged.tif,0.4,1,1063655714,100,31.999,35.0983,3.0993
600M,chip_097_328_merged.tif,0.4,2,583710196,100,33.5375,34.8307,1.2932
600M,chip_097_328_merged.tif,0.4,3,203103565,100,32.549,35.5347,2.9857
600M,chip_097_328_merged.tif,0.4,4,1870641695,100,32.5715,35.2702,2.6988
600M,chip_097_328_merged.tif,0.6,0,700964138,154,32.7075,34.6034,1.8959
600M,chip_097_328_merged.tif,0.6,1,320357507,154,33.1027,34.7067,1.604
600M,chip_097_328_merged.tif,0.6,2,1987895637,154,32.4904,34.4663,1.9759
600M,chip_097_328_merged.tif,0.6,3,1607289006,154,32.8537,34.5456,1.6919
600M,chip_097_328_merged.tif,0.6,4,1226682375,154,32.9433,35.0665,2.1232
600M,chip_097_328_merged.tif,0.8,0,218371942,208,32.0021,33.0905,1.0884
600M,chip_097_328_merged.tif,0.8,1,1985248959,208,32.2664,33.6074,1.341
600M,chip_097_328_merged.tif,0.8,2,1604642328,208,32.0017,33.3013,1.2995
600M,chip_097_328_merged.tif,0.8,3,1124696810,208,32.2677,33.488,1.2204
600M,chip_097_328_merged.tif,0.8,4,744090179,208,31.3406,33.4308,2.0901
600M,chip_097_356_merged.tif,0.2,0,2141674348,50,38.9412,37.402,-1.5393
600M,chip_097_356_merged.tif,0.2,1,1761067717,50,36.7827,38.7264,1.9437
600M,chip_097_356_merged.tif,0.2,2,1281122199,50,36.2847,37.8583,1.5736
600M,chip_097_356_merged.tif,0.2,3,900515568,50,36.8393,38.2618,1.4226
600M,chip_097_356_merged.tif,0.2,4,420570050,50,36.7885,38.8652,2.0768
600M,chip_097_356_merged.tif,0.4,0,1175738165,100,37.8831,37.6271,-0.2561
600M,chip_097_356_merged.tif,0.4,1,695792647,100,36.7634,38.7998,2.0364
600M,chip_097_356_merged.tif,0.4,2,315186016,100,37.9283,38.0759,0.1476
600M,chip_097_356_merged.tif,0.4,3,1982724146,100,38.1308,38.6864,0.5556
600M,chip_097_356_merged.tif,0.4,4,1602117515,100,36.5071,38.4728,1.9657
600M,chip_097_356_merged.tif,0.6,0,1237760808,154,37.2939,38.4114,1.1175
600M,chip_097_356_merged.tif,0.6,1,757815290,154,36.6922,37.8818,1.1896
600M,chip_097_356_merged.tif,0.6,2,377208659,154,36.3731,38.3134,1.9402
600M,chip_097_356_merged.tif,0.6,3,2144085676,154,36.3739,37.9426,1.5688
600M,chip_097_356_merged.tif,0.6,4,1664140158,154,37.2935,38.3042,1.0107
600M,chip_097_356_merged.tif,0.8,0,755168612,208,36.2474,37.504,1.2566
600M,chip_097_356_merged.tif,0.8,1,374561981,208,35.6118,37.735,2.1232
600M,chip_097_356_merged.tif,0.8,2,2042100111,208,36.2471,37.4987,1.2516
600M,chip_097_356_merged.tif,0.8,3,1661493480,208,36.2446,37.4276,1.183
600M,chip_097_356_merged.tif,0.8,4,1181547962,208,35.2641,37.2064,1.9423
600M,chip_099_310_merged.tif,0.2,0,473319652,50,34.1735,35.5893,1.4158
600M,chip_099_310_merged.tif,0.2,1,92713021,50,33.3999,36.1278,2.7278
600M,chip_099_310_merged.tif,0.2,2,1859590038,50,33.9007,36.2172,2.3165
600M,chip_099_310_merged.tif,0.2,3,1379644520,50,34.1375,36.5282,2.3907
600M,chip_099_310_merged.tif,0.2,4,999037889,50,33.7564,36.66,2.9036
600M,chip_099_310_merged.tif,0.4,0,312704319,100,34.2095,35.7994,1.59
600M,chip_099_310_merged.tif,0.4,1,2079581336,100,34.1044,35.8548,1.7504
600M,chip_099_310_merged.tif,0.4,2,1599635818,100,34.0556,35.8872,1.8316
600M,chip_099_310_merged.tif,0.4,3,1219029187,100,29.9205,36.0077,6.0872
600M,chip_099_310_merged.tif,0.4,4,838422556,100,34.2413,35.6248,1.3835
600M,chip_099_310_merged.tif,0.6,0,1716889760,154,33.4786,35.6369,2.1583
600M,chip_099_310_merged.tif,0.6,1,1336283129,154,33.4971,35.6938,2.1967
600M,chip_099_310_merged.tif,0.6,2,856337611,154,33.5138,35.6429,2.1291
600M,chip_099_310_merged.tif,0.6,3,475730980,154,33.5139,35.9369,2.423
600M,chip_099_310_merged.tif,0.6,4,95124349,154,33.5964,35.8173,2.2209
600M,chip_099_310_merged.tif,0.8,0,1234297564,208,31.2383,34.5949,3.3565
600M,chip_099_310_merged.tif,0.8,1,853690933,208,31.2035,34.8182,3.6147
600M,chip_099_310_merged.tif,0.8,2,473084302,208,31.5011,34.4238,2.9227
600M,chip_099_310_merged.tif,0.8,3,2140622432,208,31.2034,33.9928,2.7893
600M,chip_099_310_merged.tif,0.8,4,1760015801,208,31.1547,33.9587,2.804
600M,chip_100_341_merged.tif,0.2,0,1412518445,50,34.3591,37.4176,3.0585
600M,chip_100_341_merged.tif,0.2,1,932572927,50,34.7138,38.4778,3.764
600M,chip_100_341_merged.tif,0.2,2,551966296,50,35.3077,38.108,2.8003
600M,chip_100_341_merged.tif,0.2,3,171359665,50,36.2237,38.0429,1.8193
600M,chip_100_341_merged.tif,0.2,4,1838897795,50,36.597,37.7238,1.1268
600M,chip_100_341_merged.tif,0.4,0,1251903112,100,35.4165,37.5078,2.0912
600M,chip_100_341_merged.tif,0.4,1,771957594,100,35.8224,38.1162,2.2938
600M,chip_100_341_merged.tif,0.4,2,391350963,100,32.6392,37.9616,5.3224
600M,chip_100_341_merged.tif,0.4,3,2058889093,100,32.6387,37.8819,5.2431
600M,chip_100_341_merged.tif,0.4,4,1678282462,100,36.0085,37.951,1.9425
600M,chip_100_341_merged.tif,0.6,0,508604905,154,32.6468,37.1522,4.5053
600M,chip_100_341_merged.tif,0.6,1,28659387,154,34.5246,36.9132,2.3886
600M,chip_100_341_merged.tif,0.6,2,1795536404,154,32.3176,37.6726,5.355
600M,chip_100_341_merged.tif,0.6,3,1315590886,154,33.8211,36.9825,3.1615
600M,chip_100_341_merged.tif,0.6,4,934984255,154,34.5236,36.8703,2.3466
600M,chip_100_341_merged.tif,0.8,0,26012709,208,32.5627,36.1746,3.6119
600M,chip_100_341_merged.tif,0.8,1,1693550839,208,32.8754,35.5973,2.7219
600M,chip_100_341_merged.tif,0.8,2,1312944208,208,32.8757,35.6431,2.7674
600M,chip_100_341_merged.tif,0.8,3,932337577,208,32.563,36.1375,3.5745
600M,chip_100_341_merged.tif,0.8,4,452392059,208,32.8766,35.8103,2.9337
600M,chip_101_342_merged.tif,0.2,0,958490343,50,37.1455,37.8028,0.6572
600M,chip_101_342_merged.tif,0.2,1,577883712,50,32.0123,37.3018,5.2896
600M,chip_101_342_merged.tif,0.2,2,97938194,50,35.9607,38.4418,2.4811
600M,chip_101_342_merged.tif,0.2,3,1864815211,50,34.7361,38.148,3.4119
600M,chip_101_342_merged.tif,0.2,4,1484208580,50,35.9374,37.1822,1.2448
600M,chip_101_342_merged.tif,0.4,0,2140037808,100,36.2433,38.1213,1.878
600M,chip_101_342_merged.tif,0.4,1,1660092290,100,32.837,37.6294,4.7924
600M,chip_101_342_merged.tif,0.4,2,1279485659,100,36.7661,38.5113,1.7452
600M,chip_101_342_merged.tif,0.4,3,898879028,100,35.504,37.6469,2.1429
600M,chip_101_342_merged.tif,0.4,4,418933510,100,37.0808,37.968,0.8872
600M,chip_101_342_merged.tif,0.6,0,54576803,154,33.9289,37.7561,3.8272
600M,chip_101_342_merged.tif,0.6,1,1821453820,154,33.9297,37.4116,3.4819
600M,chip_101_342_merged.tif,0.6,2,1341508302,154,35.7329,36.2349,0.5019
600M,chip_101_342_merged.tif,0.6,3,960901671,154,35.9487,36.2961,0.3473
600M,chip_101_342_merged.tif,0.6,4,480956153,154,35.4139,36.6272,1.2133
600M,chip_101_342_merged.tif,0.8,0,1719468255,208,34.369,34.9508,0.5819
600M,chip_101_342_merged.tif,0.8,1,1338861624,208,34.467,36.4886,2.0216
600M,chip_101_342_merged.tif,0.8,2,858916106,208,33.9715,36.0425,2.071
600M,chip_101_342_merged.tif,0.8,3,478309475,208,33.9717,36.4849,2.5131
600M,chip_101_342_merged.tif,0.8,4,97702844,208,33.9716,36.3184,2.3468
600M,chip_103_320_merged.tif,0.2,0,852636883,50,32.5284,36.6291,4.1007
600M,chip_103_320_merged.tif,0.2,1,472030252,50,33.6636,35.9937,2.3301
600M,chip_103_320_merged.tif,0.2,2,2139568382,50,32.5192,37.5331,5.0139
600M,chip_103_320_merged.tif,0.2,3,1758961751,50,32.7337,37.456,4.7223
600M,chip_103_320_merged.tif,0.2,4,1378355120,50,32.0373,36.7058,4.6685
600M,chip_103_320_merged.tif,0.4,0,692021550,100,31.3828,36.5075,5.1247
600M,chip_103_320_merged.tif,0.4,1,311414919,100,31.6622,36.4911,4.8289
600M,chip_103_320_merged.tif,0.4,2,1978953049,100,31.4851,36.7771,5.2921
600M,chip_103_320_merged.tif,0.4,3,1598346418,100,32.3229,36.4093,4.0864
600M,chip_103_320_merged.tif,0.4,4,1118400900,100,31.4331,36.398,4.9649
600M,chip_103_320_merged.tif,0.6,0,2096206991,154,32.8225,35.5595,2.7369
600M,chip_103_320_merged.tif,0.6,1,1715600360,154,30.3301,34.9617,4.6316
600M,chip_103_320_merged.tif,0.6,2,1235654842,154,31.8628,36.2811,4.4183
600M,chip_103_320_merged.tif,0.6,3,855048211,154,32.0172,35.9899,3.9727
600M,chip_103_320_merged.tif,0.6,4,375102693,154,32.0781,36.3693,4.2912
600M,chip_103_320_merged.tif,0.8,0,1613614795,208,30.7965,34.1724,3.3759
600M,chip_103_320_merged.tif,0.8,1,1233008164,208,32.4409,33.6284,1.1875
600M,chip_103_320_merged.tif,0.8,2,753062646,208,32.4066,34.3814,1.9748
600M,chip_103_320_merged.tif,0.8,3,372456015,208,32.4408,33.9344,1.4935
600M,chip_103_320_merged.tif,0.8,4,2139333032,208,31.5348,34.0759,2.5411
600M,chip_104_333_merged.tif,0.2,0,1795385603,50,36.7432,37.7729,1.0298
600M,chip_104_333_merged.tif,0.2,1,1315440085,50,37.6092,37.4172,-0.192
600M,chip_104_333_merged.tif,0.2,2,934833454,50,36.4165,37.927,1.5105
600M,chip_104_333_merged.tif,0.2,3,554226823,50,35.4991,37.7628,2.2637
600M,chip_104_333_merged.tif,0.2,4,74281305,50,33.226,38.1155,4.8895
600M,chip_104_333_merged.tif,0.4,0,1634770270,100,35.9281,37.3205,1.3924
600M,chip_104_333_merged.tif,0.4,1,1154824752,100,35.016,37.4758,2.4598
600M,chip_104_333_merged.tif,0.4,2,774218121,100,35.4265,37.4945,2.0681
600M,chip_104_333_merged.tif,0.4,3,294272603,100,34.0124,37.4387,3.4263
600M,chip_104_333_merged.tif,0.4,4,2061149620,100,34.5766,38.019,3.4424
600M,chip_104_333_merged.tif,0.6,0,891472063,154,35.1243,36.9114,1.7872
600M,chip_104_333_merged.tif,0.6,1,411526545,154,35.0579,37.7783,2.7204
600M,chip_104_333_merged.tif,0.6,2,30919914,154,35.0941,36.6521,1.558
600M,chip_104_333_merged.tif,0.6,3,1698458044,154,33.9415,36.603,2.6614
600M,chip_104_333_merged.tif,0.6,4,1317851413,154,35.6337,37.3601,1.7264
600M,chip_104_333_merged.tif,0.8,0,408879867,208,34.2396,35.8876,1.6481
600M,chip_104_333_merged.tif,0.8,1,2076417997,208,34.2392,35.6667,1.4275
600M,chip_104_333_merged.tif,0.8,2,1695811366,208,33.9814,36.2783,2.297
600M,chip_104_333_merged.tif,0.8,3,1215865848,208,32.8898,36.0875,3.1977
600M,chip_104_333_merged.tif,0.8,4,835259217,208,33.9809,36.387,2.406
600M,chip_104_334_merged.tif,0.2,0,704881761,50,37.2537,38.5586,1.3049
600M,chip_104_334_merged.tif,0.2,1,324275130,50,38.0531,39.0155,0.9624
600M,chip_104_334_merged.tif,0.2,2,1991813260,50,32.4761,38.3704,5.8942
600M,chip_104_334_merged.tif,0.2,3,1611206629,50,31.8934,38.3315,6.4381
600M,chip_104_334_merged.tif,0.2,4,1131261111,50,36.4938,38.0712,1.5774
600M,chip_104_334_merged.tif,0.4,0,1886429226,100,34.1584,38.4355,4.2772
600M,chip_104_334_merged.tif,0.4,1,1406483708,100,34.5298,36.6214,2.0915
600M,chip_104_334_merged.tif,0.4,2,1025877077,100,38.153,37.5529,-0.6001
600M,chip_104_334_merged.tif,0.4,3,545931559,100,34.5298,39.017,4.4872
600M,chip_104_334_merged.tif,0.4,4,165324928,100,33.9411,38.0205,4.0794
600M,chip_104_334_merged.tif,0.6,0,1948451869,154,36.2691,37.8261,1.5571
600M,chip_104_334_merged.tif,0.6,1,1468506351,154,34.3143,37.5515,3.2372
600M,chip_104_334_merged.tif,0.6,2,1087899720,154,35.0559,37.0866,2.0307
600M,chip_104_334_merged.tif,0.6,3,707293089,154,36.4518,38.014,1.5622
600M,chip_104_334_merged.tif,0.6,4,227347571,154,34.2783,37.9758,3.6975
600M,chip_104_334_merged.tif,0.8,0,1465859673,208,34.8744,36.9786,2.1042
600M,chip_104_334_merged.tif,0.8,1,1085253042,208,35.159,36.2392,1.0802
600M,chip_104_334_merged.tif,0.8,2,605307524,208,32.506,36.4556,3.9497
600M,chip_104_334_merged.tif,0.8,3,224700893,208,34.8745,36.3696,1.4951
600M,chip_104_334_merged.tif,0.8,4,1892239023,208,34.5461,36.2308,1.6846
600M,chip_105_103_merged.tif,0.2,0,445186926,50,28.955,35.6872,6.7322
600M,chip_105_103_merged.tif,0.2,1,2112725056,50,30.195,35.1846,4.9896
600M,chip_105_103_merged.tif,0.2,2,1732118425,50,30.2215,35.2099,4.9885
600M,chip_105_103_merged.tif,0.2,3,1351511794,50,31.3497,35.013,3.6633
600M,chip_105_103_merged.tif,0.2,4,871566276,50,30.0805,34.9803,4.8997
600M,chip_105_103_merged.tif,0.4,0,1527395504,100,30.1567,33.0095,2.8529
600M,chip_105_103_merged.tif,0.4,1,1146788873,100,29.1586,33.7859,4.6273
600M,chip_105_103_merged.tif,0.4,2,666843355,100,30.375,34.5633,4.1883
600M,chip_105_103_merged.tif,0.4,3,286236724,100,28.6689,34.1055,5.4366
600M,chip_105_103_merged.tif,0.4,4,2053113741,100,29.7719,35.2118,5.4399
600M,chip_105_103_merged.tif,0.6,0,1688757034,154,29.9923,33.5465,3.5541
600M,chip_105_103_merged.tif,0.6,1,1208811516,154,29.7809,32.6766,2.8957
600M,chip_105_103_merged.tif,0.6,2,828204885,154,30.9214,33.0815,2.1601
600M,chip_105_103_merged.tif,0.6,3,348259367,154,29.5715,32.2969,2.7255
600M,chip_105_103_merged.tif,0.6,4,2115136384,154,30.4213,32.1908,1.7696
600M,chip_105_103_merged.tif,0.8,0,1206164838,208,27.7236,30.6676,2.9439
600M,chip_105_103_merged.tif,0.8,1,726219320,208,29.3591,30.0841,0.725
600M,chip_105_103_merged.tif,0.8,2,345612689,208,29.3589,31.0819,1.723
600M,chip_105_103_merged.tif,0.8,3,2112489706,208,28.2846,31.3007,3.016
600M,chip_105_103_merged.tif,0.8,4,1632544188,208,27.7236,30.6052,2.8816
600M,chip_105_104_merged.tif,0.2,0,22086586,50,30.3328,35.7169,5.3841
600M,chip_105_104_merged.tif,0.2,1,1788963603,50,34.1712,35.5047,1.3335
600M,chip_105_104_merged.tif,0.2,2,1408356972,50,33.6552,34.937,1.2819
600M,chip_105_104_merged.tif,0.2,3,928411454,50,34.3976,35.2184,0.8208
600M,chip_105_104_merged.tif,0.2,4,547804823,50,34.0579,35.6397,1.5817
600M,chip_105_104_merged.tif,0.4,0,1203634051,100,30.4927,35.055,4.5623
600M,chip_105_104_merged.tif,0.4,1,723688533,100,30.0502,34.5613,4.5111
600M,chip_105_104_merged.tif,0.4,2,343081902,100,31.1241,35.501,4.3769
600M,chip_105_104_merged.tif,0.4,3,2109958919,100,31.7677,34.2434,2.4757
600M,chip_105_104_merged.tif,0.4,4,1630013401,100,30.3719,35.1573,4.7854
600M,chip_105_104_merged.tif,0.6,0,1265656694,154,31.6141,33.5674,1.9532
600M,chip_105_104_merged.tif,0.6,1,885050063,154,30.545,33.9058,3.3608
600M,chip_105_104_merged.tif,0.6,2,405104545,154,30.0496,33.982,3.9324
600M,chip_105_104_merged.tif,0.6,3,24497914,154,30.4706,33.6239,3.1533
600M,chip_105_104_merged.tif,0.6,4,1692036044,154,28.4175,33.9759,5.5584
600M,chip_105_104_merged.tif,0.8,0,783064498,208,27.1228,32.8311,5.7084
600M,chip_105_104_merged.tif,0.8,1,402457867,208,27.1231,32.1246,5.0015
600M,chip_105_104_merged.tif,0.8,2,21851236,208,28.6099,32.0372,3.4273
600M,chip_105_104_merged.tif,0.8,3,1689389366,208,27.1225,32.5576,5.4351
600M,chip_105_104_merged.tif,0.8,4,1308782735,208,27.1245,32.3314,5.2069
600M,chip_105_319_merged.tif,0.2,0,711054545,50,36.8844,37.206,0.3217
600M,chip_105_319_merged.tif,0.2,1,330447914,50,34.6202,37.3716,2.7513
600M,chip_105_319_merged.tif,0.2,2,1997986044,50,36.0601,37.0127,0.9526
600M,chip_105_319_merged.tif,0.2,3,1617379413,50,35.8103,38.2142,2.4039
600M,chip_105_319_merged.tif,0.2,4,1137433895,50,35.8113,37.732,1.9207
600M,chip_105_319_merged.tif,0.4,0,550439212,100,34.7173,35.6072,0.8899
600M,chip_105_319_merged.tif,0.4,1,70493694,100,35.2157,35.9177,0.7021
600M,chip_105_319_merged.tif,0.4,2,1837370711,100,34.3211,37.5567,3.2356
600M,chip_105_319_merged.tif,0.4,3,1357425193,100,35.814,37.2942,1.4802
600M,chip_105_319_merged.tif,0.4,4,976818562,100,34.6283,36.9261,2.2978
600M,chip_105_319_merged.tif,0.6,0,1954624653,154,33.8043,35.665,1.8607
600M,chip_105_319_merged.tif,0.6,1,1474679135,154,33.9365,36.7256,2.7891
600M,chip_105_319_merged.tif,0.6,2,1094072504,154,32.6639,36.0239,3.36
600M,chip_105_319_merged.tif,0.6,3,713465873,154,33.9919,36.9758,2.9839
600M,chip_105_319_merged.tif,0.6,4,233520355,154,34.5504,35.84,1.2896
600M,chip_105_319_merged.tif,0.8,0,1472032457,208,33.5761,34.714,1.1379
600M,chip_105_319_merged.tif,0.8,1,1091425826,208,33.5752,35.2032,1.6281
600M,chip_105_319_merged.tif,0.8,2,611480308,208,31.2933,35.1119,3.8186
600M,chip_105_319_merged.tif,0.8,3,230873677,208,33.5752,31.7876,-1.7876
600M,chip_105_319_merged.tif,0.8,4,1898411807,208,32.8171,34.637,1.82
600M,chip_105_427_merged.tif,0.2,0,2098839629,50,31.6291,35.9959,4.3668
600M,chip_105_427_merged.tif,0.2,1,1718232998,50,31.1583,36.018,4.8597
600M,chip_105_427_merged.tif,0.2,2,1238287480,50,30.7407,35.4266,4.6859
600M,chip_105_427_merged.tif,0.2,3,857680849,50,32.0303,34.2329,2.2025
600M,chip_105_427_merged.tif,0.2,4,377735331,50,32.0299,35.3885,3.3585
600M,chip_105_427_merged.tif,0.4,0,1033564559,100,31.3033,35.513,4.2097
600M,chip_105_427_merged.tif,0.4,1,652957928,100,31.4215,34.7168,3.2953
600M,chip_105_427_merged.tif,0.4,2,272351297,100,31.1102,34.19,3.0798
600M,chip_105_427_merged.tif,0.4,3,1939889427,100,31.7944,34.9414,3.147
600M,chip_105_427_merged.tif,0.4,4,1559282796,100,31.9519,35.3846,3.4327
600M,chip_105_427_merged.tif,0.6,0,389605239,154,31.2094,33.0378,1.8283
600M,chip_105_427_merged.tif,0.6,1,2057143369,154,31.2989,32.9975,1.6987
600M,chip_105_427_merged.tif,0.6,2,1676536738,154,31.2989,33.4765,2.1775
600M,chip_105_427_merged.tif,0.6,3,1196591220,154,31.1208,33.2804,2.1596
600M,chip_105_427_merged.tif,0.6,4,815984589,154,31.1204,33.1083,1.9879
600M,chip_105_427_merged.tif,0.8,0,2054496691,208,31.2888,31.7613,0.4726
600M,chip_105_427_merged.tif,0.8,1,1574551173,208,30.3752,31.9389,1.5637
600M,chip_105_427_merged.tif,0.8,2,1193944542,208,30.3752,32.6573,2.2821
600M,chip_105_427_merged.tif,0.8,3,713999024,208,31.2884,32.5924,1.3039
600M,chip_105_427_merged.tif,0.8,4,333392393,208,30.7854,32.522,1.7366
600M,chip_105_452_merged.tif,0.2,0,514788602,50,37.1742,36.5073,-0.6669
600M,chip_105_452_merged.tif,0.2,1,134181971,50,29.5617,36.6632,7.1015
600M,chip_105_452_merged.tif,0.2,2,1901058988,50,37.7158,36.8905,-0.8253
600M,chip_105_452_merged.tif,0.2,3,1421113470,50,38.14,37.6178,-0.5222
600M,chip_105_452_merged.tif,0.2,4,1040506839,50,38.2256,38.2709,0.0452
600M,chip_105_452_merged.tif,0.4,0,354173269,100,35.302,35.4109,0.1089
600M,chip_105_452_merged.tif,0.4,1,2121050286,100,37.3645,36.644,-0.7206
600M,chip_105_452_merged.tif,0.4,2,1641104768,100,37.5156,32.7666,-4.749
600M,chip_105_452_merged.tif,0.4,3,1260498137,100,36.9115,36.7592,-0.1524
600M,chip_105_452_merged.tif,0.4,4,879891506,100,35.3954,36.2202,0.8249
600M,chip_105_452_merged.tif,0.6,0,1758358710,154,29.837,34.9373,5.1003
600M,chip_105_452_merged.tif,0.6,1,1377752079,154,35.6541,33.4227,-2.2314
600M,chip_105_452_merged.tif,0.6,2,897806561,154,35.7331,32.7239,-3.0092
600M,chip_105_452_merged.tif,0.6,3,517199930,154,27.2962,34.2702,6.974
600M,chip_105_452_merged.tif,0.6,4,136593299,154,35.4528,32.8235,-2.6293
600M,chip_105_452_merged.tif,0.8,0,1275766514,208,30.0484,30.9765,0.9282
600M,chip_105_452_merged.tif,0.8,1,895159883,208,29.1747,31.4538,2.2792
600M,chip_105_452_merged.tif,0.8,2,514553252,208,28.01,32.0194,4.0093
600M,chip_105_452_merged.tif,0.8,3,34607734,208,29.1746,33.0381,3.8635
600M,chip_105_452_merged.tif,0.8,4,1801484751,208,28.0099,29.5482,1.5383
600M,chip_106_107_merged.tif,0.2,0,446857505,50,33.078,34.8215,1.7435
600M,chip_106_107_merged.tif,0.2,1,66250874,50,32.6895,34.1183,1.4288
600M,chip_106_107_merged.tif,0.2,2,1733789004,50,31.8774,33.9482,2.0708
600M,chip_106_107_merged.tif,0.2,3,1353182373,50,31.3517,34.3553,3.0036
600M,chip_106_107_merged.tif,0.2,4,873236855,50,30.3045,35.5387,5.2341
600M,chip_106_107_merged.tif,0.4,0,286242172,100,30.941,33.6776,2.7367
600M,chip_106_107_merged.tif,0.4,1,1953780302,100,31.0363,34.1176,3.0813
600M,chip_106_107_merged.tif,0.4,2,1573173671,100,31.4656,33.785,2.3193
600M,chip_106_107_merged.tif,0.4,3,1093228153,100,31.6108,33.7485,2.1377
600M,chip_106_107_merged.tif,0.4,4,712621522,100,30.0447,33.8647,3.82
600M,chip_106_107_merged.tif,0.6,0,1690427613,154,31.4675,32.8793,1.4118
600M,chip_106_107_merged.tif,0.6,1,1210482095,154,31.5244,33.8846,2.3603
600M,chip_106_107_merged.tif,0.6,2,829875464,154,31.8407,33.1948,1.3541
600M,chip_106_107_merged.tif,0.6,3,349929946,154,31.2049,33.0355,1.8306
600M,chip_106_107_merged.tif,0.6,4,2116806963,154,31.8403,32.638,0.7977
600M,chip_106_107_merged.tif,0.8,0,1207835417,208,31.0694,31.9635,0.8941
600M,chip_106_107_merged.tif,0.8,1,827228786,208,31.3786,32.2719,0.8933
600M,chip_106_107_merged.tif,0.8,2,347283268,208,31.3955,31.6707,0.2751
600M,chip_106_107_merged.tif,0.8,3,2114160285,208,30.9103,32.073,1.1626
600M,chip_106_107_merged.tif,0.8,4,1634214767,208,31.3775,32.0666,0.6891
600M,chip_106_288_merged.tif,0.2,0,1708103897,50,35.1477,38.8658,3.7181
600M,chip_106_288_merged.tif,0.2,1,1327497266,50,34.8421,38.6043,3.7622
600M,chip_106_288_merged.tif,0.2,2,847551748,50,36.8109,38.3804,1.5695
600M,chip_106_288_merged.tif,0.2,3,466945117,50,34.0744,38.9486,4.8742
600M,chip_106_288_merged.tif,0.2,4,2134483247,50,34.0698,37.8603,3.7906
600M,chip_106_288_merged.tif,0.4,0,1547488564,100,32.1815,37.9946,5.8131
600M,chip_106_288_merged.tif,0.4,1,1067543046,100,34.1874,37.7162,3.5288
600M,chip_106_288_merged.tif,0.4,2,686936415,100,31.7664,37.6634,5.8971
600M,chip_106_288_merged.tif,0.4,3,206990897,100,33.975,38.1674,4.1924
600M,chip_106_288_merged.tif,0.4,4,1973867914,100,32.2023,37.9544,5.7521
600M,chip_106_288_merged.tif,0.6,0,804190357,154,31.7412,36.7616,5.0204
600M,chip_106_288_merged.tif,0.6,1,324244839,154,33.2672,35.5578,2.2906
600M,chip_106_288_merged.tif,0.6,2,2091121856,154,33.7136,36.1875,2.4739
600M,chip_106_288_merged.tif,0.6,3,1611176338,154,32.6202,36.7715,4.1513
600M,chip_106_288_merged.tif,0.6,4,1230569707,154,33.1948,36.8589,3.6641
600M,chip_106_288_merged.tif,0.8,0,321598161,208,31.2622,35.1327,3.8705
600M,chip_106_288_merged.tif,0.8,1,2088475178,208,31.0372,35.493,4.4558
600M,chip_106_288_merged.tif,0.8,2,1608529660,208,29.4102,35.2519,5.8417
600M,chip_106_288_merged.tif,0.8,3,1227923029,208,30.729,35.2545,4.5254
600M,chip_106_288_merged.tif,0.8,4,747977511,208,31.0372,35.6224,4.5852
600M,chip_106_409_merged.tif,0.2,0,1966954545,50,36.8829,39.4904,2.6075
600M,chip_106_409_merged.tif,0.2,1,1586347914,50,35.7099,40.8448,5.1348
600M,chip_106_409_merged.tif,0.2,2,1106402396,50,36.9593,37.8712,0.9119
600M,chip_106_409_merged.tif,0.2,3,725795765,50,37.0531,40.2323,3.1792
600M,chip_106_409_merged.tif,0.2,4,345189134,50,34.6459,40.0561,5.4103
600M,chip_106_409_merged.tif,0.4,0,1806339212,100,35.59,37.6264,2.0364
600M,chip_106_409_merged.tif,0.4,1,1425732581,100,34.1206,38.4121,4.2915
600M,chip_106_409_merged.tif,0.4,2,945787063,100,34.1286,38.5687,4.4401
600M,chip_106_409_merged.tif,0.4,3,565180432,100,35.5546,38.1254,2.5708
600M,chip_106_409_merged.tif,0.4,4,85234914,100,35.0631,39.454,4.3909
600M,chip_106_409_merged.tif,0.6,0,1063041005,154,35.0434,37.7316,2.6883
600M,chip_106_409_merged.tif,0.6,1,682434374,154,36.1996,38.4477,2.2482
600M,chip_106_409_merged.tif,0.6,2,202488856,154,34.7253,38.195,3.4698
600M,chip_106_409_merged.tif,0.6,3,1969365873,154,35.0442,38.2842,3.24
600M,chip_106_409_merged.tif,0.6,4,1489420355,154,34.8111,37.3507,2.5396
600M,chip_106_409_merged.tif,0.8,0,580448809,208,34.4318,36.0468,1.615
600M,chip_106_409_merged.tif,0.8,1,199842178,208,34.4315,36.396,1.9645
600M,chip_106_409_merged.tif,0.8,2,1867380308,208,34.822,36.1116,1.2895
600M,chip_106_409_merged.tif,0.8,3,1486773677,208,34.5148,36.5769,2.062
600M,chip_106_409_merged.tif,0.8,4,1106167046,208,34.8225,36.5122,1.6897
600M,chip_106_413_merged.tif,0.2,0,296494262,50,36.7,38.9717,2.2718
600M,chip_106_413_merged.tif,0.2,1,2063371279,50,35.9707,36.6474,0.6767
600M,chip_106_413_merged.tif,0.2,2,1583425761,50,36.5866,39.094,2.5074
600M,chip_106_413_merged.tif,0.2,3,1202819130,50,39.8219,39.8703,0.0484
600M,chip_106_413_merged.tif,0.2,4,822212499,50,35.4038,40.4659,5.0622
600M,chip_106_413_merged.tif,0.4,0,135878929,100,36.2567,38.3194,2.0627
600M,chip_106_413_merged.tif,0.4,1,1902755946,100,34.3728,38.0356,3.6628
600M,chip_106_413_merged.tif,0.4,2,1422810428,100,35.9094,38.6127,2.7033
600M,chip_106_413_merged.tif,0.4,3,1042203797,100,34.7108,38.1815,3.4707
600M,chip_106_413_merged.tif,0.4,4,562258279,100,35.5414,38.8758,3.3345
600M,chip_106_413_merged.tif,0.6,0,1540064370,154,35.1655,37.6795,2.514
600M,chip_106_413_merged.tif,0.6,1,1159457739,154,35.535,38.3017,2.7667
600M,chip_106_413_merged.tif,0.6,2,679512221,154,34.596,37.8012,3.2052
600M,chip_106_413_merged.tif,0.6,3,298905590,154,34.7028,37.1079,2.405
600M,chip_106_413_merged.tif,0.6,4,1966443720,154,34.7029,36.651,1.9481
600M,chip_106_413_merged.tif,0.8,0,204533311,208,34.8148,36.188,1.3732
600M,chip_106_413_merged.tif,0.8,1,1971410328,208,34.4403,36.1013,1.6609
600M,chip_106_413_merged.tif,0.8,2,1590803697,208,34.2836,35.9614,1.6778
600M,chip_106_413_merged.tif,0.8,3,1110858179,208,33.9416,35.6848,1.7432
600M,chip_106_413_merged.tif,0.8,4,730251548,208,34.8146,36.1745,1.3599
600M,chip_107_105_merged.tif,0.2,0,412351767,50,30.2072,34.8671,4.6599
600M,chip_107_105_merged.tif,0.2,1,2079889897,50,30.3434,34.9631,4.6197
600M,chip_107_105_merged.tif,0.2,2,1699283266,50,30.6783,34.1128,3.4346
600M,chip_107_105_merged.tif,0.2,3,1219337748,50,30.3391,34.565,4.2259
600M,chip_107_105_merged.tif,0.2,4,838731117,50,30.6769,34.9257,4.2487
600M,chip_107_105_merged.tif,0.4,0,1494560345,100,31.1426,33.8329,2.6903
600M,chip_107_105_merged.tif,0.4,1,1113953714,100,29.7218,34.6345,4.9127
600M,chip_107_105_merged.tif,0.4,2,634008196,100,30.6138,34.4174,3.8036
600M,chip_107_105_merged.tif,0.4,3,253401565,100,30.6256,34.0373,3.4117
600M,chip_107_105_merged.tif,0.4,4,1920939695,100,27.0493,33.9661,6.9168
600M,chip_107_105_merged.tif,0.6,0,1556582988,154,28.1114,32.8034,4.692
600M,chip_107_105_merged.tif,0.6,1,1175976357,154,28.3579,32.6849,4.327
600M,chip_107_105_merged.tif,0.6,2,795369726,154,29.7415,32.9861,3.2446
600M,chip_107_105_merged.tif,0.6,3,315424208,154,29.2225,32.9431,3.7206
600M,chip_107_105_merged.tif,0.6,4,2082301225,154,28.3575,33.3292,4.9717
600M,chip_107_105_merged.tif,0.8,0,1173329679,208,25.2899,31.2768,5.9869
600M,chip_107_105_merged.tif,0.8,1,693384161,208,28.0553,30.1385,2.0832
600M,chip_107_105_merged.tif,0.8,2,312777530,208,27.2321,30.6575,3.4254
600M,chip_107_105_merged.tif,0.8,3,1980315660,208,28.0548,29.8114,1.7566
600M,chip_107_105_merged.tif,0.8,4,1599709029,208,27.2312,30.7354,3.5042
600M,chip_107_106_merged.tif,0.2,0,237248075,50,28.7849,34.5559,5.771
600M,chip_107_106_merged.tif,0.2,1,1904786205,50,30.085,33.1602,3.0753
600M,chip_107_106_merged.tif,0.2,2,1524179574,50,31.7758,33.4579,1.6821
600M,chip_107_106_merged.tif,0.2,3,1044234056,50,30.9172,34.8453,3.9281
600M,chip_107_106_merged.tif,0.2,4,663627425,50,29.4054,34.886,5.4806
600M,chip_107_106_merged.tif,0.4,0,2124777503,100,28.5416,34.4571,5.9155
600M,chip_107_106_merged.tif,0.4,1,1744170872,100,28.9993,33.9697,4.9703
600M,chip_107_106_merged.tif,0.4,2,1363564241,100,29.4809,34.4956,5.0147
600M,chip_107_106_merged.tif,0.4,3,883618723,100,29.0294,33.3295,4.3001
600M,chip_107_106_merged.tif,0.4,4,503012092,100,29.1938,33.2664,4.0726
600M,chip_107_106_merged.tif,0.6,0,1381479296,154,29.029,32.3197,3.2907
600M,chip_107_106_merged.tif,0.6,1,1000872665,154,30.3373,32.4662,2.1289
600M,chip_107_106_merged.tif,0.6,2,620266034,154,30.125,32.2378,2.1128
600M,chip_107_106_merged.tif,0.6,3,140320516,154,29.5493,32.3471,2.7978
600M,chip_107_106_merged.tif,0.6,4,1907197533,154,29.5561,32.6933,3.1372
600M,chip_107_106_merged.tif,0.8,0,998225987,208,28.6738,31.1499,2.4761
600M,chip_107_106_merged.tif,0.8,1,518280469,208,29.0804,31.3184,2.238
600M,chip_107_106_merged.tif,0.8,2,137673838,208,28.9223,31.2133,2.291
600M,chip_107_106_merged.tif,0.8,3,1805211968,208,28.6742,31.1291,2.4549
600M,chip_107_106_merged.tif,0.8,4,1424605337,208,29.0801,31.0413,1.9612
600M,chip_107_334_merged.tif,0.2,0,904383462,50,35.0289,38.9598,3.9309
600M,chip_107_334_merged.tif,0.2,1,424437944,50,36.179,38.4628,2.2838
600M,chip_107_334_merged.tif,0.2,2,43831313,50,36.7906,38.1656,1.3749
600M,chip_107_334_merged.tif,0.2,3,1711369443,50,35.6584,38.6341,2.9756
600M,chip_107_334_merged.tif,0.2,4,1330762812,50,35.7398,38.5025,2.7627
600M,chip_107_334_merged.tif,0.4,0,644429242,100,35.0422,38.2839,3.2416
600M,chip_107_334_merged.tif,0.4,1,263822611,100,36.3878,38.5555,2.1677
600M,chip_107_334_merged.tif,0.4,2,2030699628,100,35.4932,38.1055,2.6123
600M,chip_107_334_merged.tif,0.4,3,1550754110,100,35.3879,38.1338,2.7459
600M,chip_107_334_merged.tif,0.4,4,1170147479,100,35.7461,37.9725,2.2264
600M,chip_107_334_merged.tif,0.6,0,2048614683,154,34.1693,38.1322,3.9629
600M,chip_107_334_merged.tif,0.6,1,1668008052,154,35.3859,37.7599,2.3739
600M,chip_107_334_merged.tif,0.6,2,1287401421,154,35.4835,37.98,2.4965
600M,chip_107_334_merged.tif,0.6,3,807455903,154,34.1702,37.2665,3.0963
600M,chip_107_334_merged.tif,0.6,4,426849272,154,35.3599,38.0155,2.6556
600M,chip_107_334_merged.tif,0.8,0,1665361374,208,34.795,36.6937,1.8987
600M,chip_107_334_merged.tif,0.8,1,1185415856,208,34.7953,37.3323,2.537
600M,chip_107_334_merged.tif,0.8,2,804809225,208,33.1004,37.7074,4.607
600M,chip_107_334_merged.tif,0.8,3,324863707,208,34.4839,37.369,2.885
600M,chip_107_334_merged.tif,0.8,4,2091740724,208,34.2476,36.6869,2.4393
600M,chip_107_410_merged.tif,0.2,0,1040402896,50,36.0827,38.9155,2.8329
600M,chip_107_410_merged.tif,0.2,1,659796265,50,36.1744,38.5712,2.3968
600M,chip_107_410_merged.tif,0.2,2,279189634,50,34.767,38.272,3.5049
600M,chip_107_410_merged.tif,0.2,3,1946727764,50,36.7004,39.5435,2.8431
600M,chip_107_410_merged.tif,0.2,4,1566121133,50,36.988,38.4912,1.5031
600M,chip_107_410_merged.tif,0.4,0,74466713,100,34.9696,38.7984,3.8288
600M,chip_107_410_merged.tif,0.4,1,1841343730,100,35.2565,39.1498,3.8933
600M,chip_107_410_merged.tif,0.4,2,1361398212,100,36.1843,37.8405,1.6562
600M,chip_107_410_merged.tif,0.4,3,980791581,100,35.3749,38.0652,2.6904
600M,chip_107_410_merged.tif,0.4,4,500846063,100,35.5617,39.2194,3.6577
600M,chip_107_410_merged.tif,0.6,0,1478652154,154,34.2858,38.2671,3.9814
600M,chip_107_410_merged.tif,0.6,1,1098045523,154,35.3923,37.974,2.5817
600M,chip_107_410_merged.tif,0.6,2,618100005,154,35.0614,37.8203,2.7589
600M,chip_107_410_merged.tif,0.6,3,237493374,154,35.1204,37.1965,2.0761
600M,chip_107_410_merged.tif,0.6,4,1905031504,154,34.9247,38.3839,3.4592
600M,chip_107_410_merged.tif,0.8,0,996059958,208,34.3291,36.5124,2.1833
600M,chip_107_410_merged.tif,0.8,1,615453327,208,34.3292,35.4121,1.0829
600M,chip_107_410_merged.tif,0.8,2,135507809,208,34.9582,36.1195,1.1613
600M,chip_107_410_merged.tif,0.8,3,1902384826,208,34.4298,36.4296,1.9999
600M,chip_107_410_merged.tif,0.8,4,1521778195,208,34.3292,34.893,0.5637
600M,chip_108_401_merged.tif,0.2,0,736785144,50,39.9283,40.3939,0.4656
600M,chip_108_401_merged.tif,0.2,1,356178513,50,37.9061,40.9974,3.0913
600M,chip_108_401_merged.tif,0.2,2,2023716643,50,35.0145,40.5423,5.5278
600M,chip_108_401_merged.tif,0.2,3,1643110012,50,37.0857,39.848,2.7623
600M,chip_108_401_merged.tif,0.2,4,1163164494,50,37.9191,40.1516,2.2325
600M,chip_108_401_merged.tif,0.4,0,1818993722,100,38.7798,40.4548,1.6749
600M,chip_108_401_merged.tif,0.4,1,1438387091,100,35.6188,39.9843,4.3655
600M,chip_108_401_merged.tif,0.4,2,1057780460,100,38.814,40.3782,1.5642
600M,chip_108_401_merged.tif,0.4,3,577834942,100,38.7116,39.5445,0.8329
600M,chip_108_401_merged.tif,0.4,4,197228311,100,33.9272,39.9464,6.0192
600M,chip_108_401_merged.tif,0.6,0,1980355252,154,37.4437,38.6014,1.1577
600M,chip_108_401_merged.tif,0.6,1,1500409734,154,34.7796,40.4721,5.6925
600M,chip_108_401_merged.tif,0.6,2,1119803103,154,36.4635,38.8861,2.4226
600M,chip_108_401_merged.tif,0.6,3,739196472,154,37.9524,38.7543,0.8018
600M,chip_108_401_merged.tif,0.6,4,259250954,154,36.6421,40.1594,3.5173
600M,chip_108_401_merged.tif,0.8,0,1497763056,208,36.718,37.9823,1.2643
600M,chip_108_401_merged.tif,0.8,1,1117156425,208,37.1224,37.9867,0.8643
600M,chip_108_401_merged.tif,0.8,2,637210907,208,36.6799,37.5765,0.8966
600M,chip_108_401_merged.tif,0.8,3,256604276,208,36.6805,37.5546,0.8741
600M,chip_108_401_merged.tif,0.8,4,1924142406,208,36.7174,38.5665,1.8491
600M,chip_108_405_merged.tif,0.2,0,4185552,50,40.2945,42.3134,2.0189
600M,chip_108_405_merged.tif,0.2,1,1671723682,50,41.4107,41.2831,-0.1275
600M,chip_108_405_merged.tif,0.2,2,1291117051,50,39.5631,41.8718,2.3086
600M,chip_108_405_merged.tif,0.2,3,811171533,50,41.311,42.9034,1.5924
600M,chip_108_405_merged.tif,0.2,4,430564902,50,42.2769,41.183,-1.0939
600M,chip_108_405_merged.tif,0.4,0,1086394130,100,41.6928,41.573,-0.1198
600M,chip_108_405_merged.tif,0.4,1,705787499,100,41.0623,42.0707,1.0084
600M,chip_108_405_merged.tif,0.4,2,225841981,100,41.0314,41.8185,0.7871
600M,chip_108_405_merged.tif,0.4,3,1992718998,100,40.1633,41.6767,1.5133
600M,chip_108_405_merged.tif,0.4,4,1612112367,100,40.7675,41.8785,1.111
600M,chip_108_405_merged.tif,0.6,0,1247755660,154,39.3623,41.3205,1.9582
600M,chip_108_405_merged.tif,0.6,1,767810142,154,39.6594,41.0846,1.4252
600M,chip_108_405_merged.tif,0.6,2,387203511,154,39.363,41.1793,1.8163
600M,chip_108_405_merged.tif,0.6,3,2054741641,154,39.6597,41.8557,2.1959
600M,chip_108_405_merged.tif,0.6,4,1674135010,154,39.6603,40.5085,0.8482
600M,chip_108_405_merged.tif,0.8,0,765163464,208,39.0771,39.7436,0.6665
600M,chip_108_405_merged.tif,0.8,1,285217946,208,39.5792,40.862,1.2828
600M,chip_108_405_merged.tif,0.8,2,2052094963,208,39.0766,40.9356,1.859
600M,chip_108_405_merged.tif,0.8,3,1572149445,208,39.4629,40.4679,1.0051
600M,chip_108_405_merged.tif,0.8,4,1191542814,208,39.5798,40.2078,0.628
600M,chip_108_438_merged.tif,0.2,0,1250570845,50,32.4915,35.3691,2.8776
600M,chip_108_438_merged.tif,0.2,1,869964214,50,35.135,36.131,0.996
600M,chip_108_438_merged.tif,0.2,2,390018696,50,31.3962,35.0882,3.692
600M,chip_108_438_merged.tif,0.2,3,9412065,50,31.8803,35.3062,3.4259
600M,chip_108_438_merged.tif,0.2,4,1776289082,50,32.4918,35.6554,3.1637
600M,chip_108_438_merged.tif,0.4,0,284634662,100,33.1325,34.9443,1.8118
600M,chip_108_438_merged.tif,0.4,1,1952172792,100,30.2255,34.301,4.0755
600M,chip_108_438_merged.tif,0.4,2,1571566161,100,31.7505,35.6188,3.8683
600M,chip_108_438_merged.tif,0.4,3,1190959530,100,32.124,35.1783,3.0543
600M,chip_108_438_merged.tif,0.4,4,711014012,100,32.6783,35.0731,2.3948
600M,chip_108_438_merged.tif,0.6,0,346657305,154,30.8928,33.9995,3.1067
600M,chip_108_438_merged.tif,0.6,1,2113534322,154,32.4946,34.8406,2.346
600M,chip_108_438_merged.tif,0.6,2,1633588804,154,31.0691,34.2925,3.2234
600M,chip_108_438_merged.tif,0.6,3,1252982173,154,32.2961,34.0546,1.7585
600M,chip_108_438_merged.tif,0.6,4,773036655,154,30.7487,34.5105,3.7618
600M,chip_108_438_merged.tif,0.8,0,2011548757,208,29.852,32.7593,2.9074
600M,chip_108_438_merged.tif,0.8,1,1630942126,208,29.8522,31.9602,2.108
600M,chip_108_438_merged.tif,0.8,2,1150996608,208,30.5095,31.112,0.6026
600M,chip_108_438_merged.tif,0.8,3,770389977,208,29.8528,33.1715,3.3187
600M,chip_108_438_merged.tif,0.8,4,389783346,208,29.852,32.9846,3.1325
600M,chip_109_334_merged.tif,0.2,0,819117015,50,35.4485,38.1315,2.683
600M,chip_109_334_merged.tif,0.2,1,438510384,50,35.3878,38.7113,3.3235
600M,chip_109_334_merged.tif,0.2,2,2106048514,50,36.6316,39.0719,2.4402
600M,chip_109_334_merged.tif,0.2,3,1725441883,50,35.9097,38.5972,2.6875
600M,chip_109_334_merged.tif,0.2,4,1245496365,50,35.1406,38.9793,3.8387
600M,chip_109_334_merged.tif,0.4,0,1901325593,100,36.8281,37.4523,0.6242
600M,chip_109_334_merged.tif,0.4,1,1520718962,100,36.2468,38.2723,2.0255
600M,chip_109_334_merged.tif,0.4,2,1140112331,100,36.5219,38.3551,1.8331
600M,chip_109_334_merged.tif,0.4,3,660166813,100,35.9277,38.7867,2.8591
600M,chip_109_334_merged.tif,0.4,4,279560182,100,36.5476,38.4073,1.8597
600M,chip_109_334_merged.tif,0.6,0,2062687123,154,36.5006,37.5982,1.0976
600M,chip_109_334_merged.tif,0.6,1,1582741605,154,35.7214,37.7001,1.9787
600M,chip_109_334_merged.tif,0.6,2,1202134974,154,36.2222,37.7619,1.5397
600M,chip_109_334_merged.tif,0.6,3,821528343,154,35.721,37.3654,1.6444
600M,chip_109_334_merged.tif,0.6,4,341582825,154,34.8214,36.923,2.1016
600M,chip_109_334_merged.tif,0.8,0,1580094927,208,35.8552,36.7982,0.943
600M,chip_109_334_merged.tif,0.8,1,1199488296,208,35.567,36.9123,1.3453
600M,chip_109_334_merged.tif,0.8,2,719542778,208,35.5666,37.1562,1.5896
600M,chip_109_334_merged.tif,0.8,3,338936147,208,34.8075,37.3342,2.5267
600M,chip_109_334_merged.tif,0.8,4,2006474277,208,34.808,36.6918,1.8838
600M,chip_109_416_merged.tif,0.2,0,1333540745,50,33.6036,35.8551,2.2515
600M,chip_109_416_merged.tif,0.2,1,952934114,50,33.3529,35.9047,2.5517
600M,chip_109_416_merged.tif,0.2,2,472988596,50,32.8829,36.5295,3.6466
600M,chip_109_416_merged.tif,0.2,3,92381965,50,32.8821,36.2779,3.3958
600M,chip_109_416_merged.tif,0.2,4,1759920095,50,32.7709,35.9607,3.1898
600M,chip_109_416_merged.tif,0.4,0,1172925412,100,32.8818,34.9173,2.0355
600M,chip_109_416_merged.tif,0.4,1,692979894,100,31.7734,36.4498,4.6764
600M,chip_109_416_merged.tif,0.4,2,312373263,100,32.4075,35.7152,3.3076
600M,chip_109_416_merged.tif,0.4,3,2079250280,100,31.9111,35.3155,3.4044
600M,chip_109_416_merged.tif,0.4,4,1599304762,100,32.8227,35.7268,2.9042
600M,chip_109_416_merged.tif,0.6,0,429627205,154,32.6445,34.7505,2.1061
600M,chip_109_416_merged.tif,0.6,1,49020574,154,32.9439,34.4539,1.51
600M,chip_109_416_merged.tif,0.6,2,1716558704,154,32.6445,34.5065,1.862
600M,chip_109_416_merged.tif,0.6,3,1335952073,154,33.0214,35.2635,2.2421
600M,chip_109_416_merged.tif,0.6,4,856006555,154,32.3366,34.2522,1.9156
600M,chip_109_416_merged.tif,0.8,0,2094518657,208,31.8701,33.7396,1.8695
600M,chip_109_416_merged.tif,0.8,1,1713912026,208,32.137,33.1368,0.9998
600M,chip_109_416_merged.tif,0.8,2,1233966508,208,32.0149,33.2263,1.2113
600M,chip_109_416_merged.tif,0.8,3,853359877,208,31.8694,33.5104,1.641
600M,chip_109_416_merged.tif,0.8,4,373414359,208,32.6192,33.4622,0.843
600M,chip_109_424_merged.tif,0.2,0,967338367,50,35.6893,37.3307,1.6414
600M,chip_109_424_merged.tif,0.2,1,487392849,50,34.6801,38.2086,3.5285
600M,chip_109_424_merged.tif,0.2,2,106786218,50,30.0618,36.8714,6.8096
600M,chip_109_424_merged.tif,0.2,3,1873663235,50,31.9191,38.2564,6.3374
600M,chip_109_424_merged.tif,0.2,4,1393717717,50,35.6888,36.7895,1.1006
600M,chip_109_424_merged.tif,0.4,0,2049546945,100,31.2568,35.8189,4.5621
600M,chip_109_424_merged.tif,0.4,1,1668940314,100,35.2384,37.8247,2.5862
600M,chip_109_424_merged.tif,0.4,2,1188994796,100,34.7651,37.4794,2.7143
600M,chip_109_424_merged.tif,0.4,3,808388165,100,35.3025,38.1338,2.8313
600M,chip_109_424_merged.tif,0.4,4,427781534,100,32.7816,37.5916,4.81
600M,chip_109_424_merged.tif,0.6,0,63424827,154,35.0578,36.6587,1.6009
600M,chip_109_424_merged.tif,0.6,1,1730962957,154,31.4723,36.5572,5.0849
600M,chip_109_424_merged.tif,0.6,2,1350356326,154,32.3894,35.7667,3.3774
600M,chip_109_424_merged.tif,0.6,3,870410808,154,32.2995,36.7099,4.4103
600M,chip_109_424_merged.tif,0.6,4,489804177,154,31.7128,35.4605,3.7477
600M,chip_109_424_merged.tif,0.8,0,1728316279,208,32.3456,34.6917,2.3461
600M,chip_109_424_merged.tif,0.8,1,1248370761,208,32.0381,34.6685,2.6304
600M,chip_109_424_merged.tif,0.8,2,867764130,208,32.0379,33.9077,1.8698
600M,chip_109_424_merged.tif,0.8,3,487157499,208,32.3452,33.6514,1.3062
600M,chip_109_424_merged.tif,0.8,4,7211981,208,32.3459,34.0861,1.7401
600M,chip_110_340_merged.tif,0.2,0,1338184637,50,36.5169,37.8125,1.2956
600M,chip_110_340_merged.tif,0.2,1,858239119,50,32.497,37.14,4.643
600M,chip_110_340_merged.tif,0.2,2,477632488,50,33.6287,37.5699,3.9412
600M,chip_110_340_merged.tif,0.2,3,2145170618,50,34.4234,37.4631,3.0398
600M,chip_110_340_merged.tif,0.2,4,1764563987,50,33.2962,37.616,4.3197
600M,chip_110_340_merged.tif,0.4,0,1078230417,100,33.1823,36.9804,3.7981
600M,chip_110_340_merged.tif,0.4,1,697623786,100,32.1751,37.3971,5.222
600M,chip_110_340_merged.tif,0.4,2,217678268,100,32.9163,38.1136,5.1973
600M,chip_110_340_merged.tif,0.4,3,1984555285,100,34.7473,37.1267,2.3795
600M,chip_110_340_merged.tif,0.4,4,1603948654,100,33.3798,38.1093,4.7295
600M,chip_110_340_merged.tif,0.6,0,334932210,154,32.4084,36.6579,4.2496
600M,chip_110_340_merged.tif,0.6,1,2101809227,154,33.9121,37.0256,3.1135
600M,chip_110_340_merged.tif,0.6,2,1621863709,154,32.1141,37.1251,5.011
600M,chip_110_340_merged.tif,0.6,3,1241257078,154,33.9116,35.886,1.9744
600M,chip_110_340_merged.tif,0.6,4,860650447,154,32.7075,36.882,4.1745
600M,chip_110_340_merged.tif,0.8,0,2099162549,208,33.1982,34.89,1.6919
600M,chip_110_340_merged.tif,0.8,1,1619217031,208,32.4365,34.493,2.0565
600M,chip_110_340_merged.tif,0.8,2,1238610400,208,32.6642,35.3159,2.6518
600M,chip_110_340_merged.tif,0.8,3,758664882,208,32.437,34.8342,2.3973
600M,chip_110_340_merged.tif,0.8,4,378058251,208,32.4371,35.7543,3.3171
600M,chip_110_429_merged.tif,0.2,0,28842811,50,33.3822,37.3109,3.9287
600M,chip_110_429_merged.tif,0.2,1,1795719828,50,29.6068,36.0369,6.4301
600M,chip_110_429_merged.tif,0.2,2,1415113197,50,33.3517,36.6258,3.2741
600M,chip_110_429_merged.tif,0.2,3,935167679,50,34.4559,36.5651,2.1092
600M,chip_110_429_merged.tif,0.2,4,554561048,50,32.3596,36.6071,4.2476
600M,chip_110_429_merged.tif,0.4,0,2015711126,100,33.6112,35.6182,2.0071
600M,chip_110_429_merged.tif,0.4,1,1635104495,100,33.7759,35.3228,1.5469
600M,chip_110_429_merged.tif,0.4,2,1155158977,100,32.368,35.6114,3.2434
600M,chip_110_429_merged.tif,0.4,3,774552346,100,33.8849,36.2243,2.3394
600M,chip_110_429_merged.tif,0.4,4,294606828,100,33.6854,35.6662,1.9808
600M,chip_110_429_merged.tif,0.6,0,1272412919,154,32.3455,33.8687,1.5232
600M,chip_110_429_merged.tif,0.6,1,891806288,154,29.7042,35.5675,5.8632
600M,chip_110_429_merged.tif,0.6,2,411860770,154,33.4703,35.0202,1.5499
600M,chip_110_429_merged.tif,0.6,3,31254139,154,31.4537,35.0905,3.6368
600M,chip_110_429_merged.tif,0.6,4,1798131156,154,32.6627,34.9134,2.2506
600M,chip_110_429_merged.tif,0.8,0,789820723,208,31.9677,33.3311,1.3634
600M,chip_110_429_merged.tif,0.8,1,409214092,208,31.9669,33.5954,1.6286
600M,chip_110_429_merged.tif,0.8,2,28607461,208,31.9678,32.9497,0.9819
600M,chip_110_429_merged.tif,0.8,3,1696145591,208,32.2302,33.4493,1.219
600M,chip_110_429_merged.tif,0.8,4,1315538960,208,30.1725,33.6299,3.4575
600M,chip_111_421_merged.tif,0.2,0,1769989142,50,30.0938,35.2713,5.1775
600M,chip_111_421_merged.tif,0.2,1,1389382511,50,30.8056,34.6938,3.8882
600M,chip_111_421_merged.tif,0.2,2,909436993,50,30.7416,34.4793,3.7377
600M,chip_111_421_merged.tif,0.2,3,528830362,50,31.1092,34.8024,3.6931
600M,chip_111_421_merged.tif,0.2,4,48884844,50,30.3364,34.582,4.2455
600M,chip_111_421_merged.tif,0.4,0,1609373809,100,29.9855,33.702,3.7165
600M,chip_111_421_merged.tif,0.4,1,1129428291,100,31.0266,34.0809,3.0542
600M,chip_111_421_merged.tif,0.4,2,748821660,100,30.6189,34.041,3.4221
600M,chip_111_421_merged.tif,0.4,3,368215029,100,30.223,33.547,3.324
600M,chip_111_421_merged.tif,0.4,4,2035753159,100,30.1945,33.5076,3.313
600M,chip_111_421_merged.tif,0.6,0,1719014465,154,30.047,32.3656,2.3186
600M,chip_111_421_merged.tif,0.6,1,1239068947,154,30.9247,32.5082,1.5835
600M,chip_111_421_merged.tif,0.6,2,858462316,154,30.3591,32.8855,2.5264
600M,chip_111_421_merged.tif,0.6,3,378516798,154,30.2975,33.2409,2.9434
600M,chip_111_421_merged.tif,0.6,4,2145393815,154,30.3309,32.5429,2.212
600M,chip_111_421_merged.tif,0.8,0,383483406,208,29.8089,31.796,1.9871
600M,chip_111_421_merged.tif,0.8,1,2876775,208,30.2903,31.4947,1.2044
600M,chip_111_421_merged.tif,0.8,2,1670414905,208,29.8921,31.5974,1.7053
600M,chip_111_421_merged.tif,0.8,3,1289808274,208,29.6512,31.5966,1.9454
600M,chip_111_421_merged.tif,0.8,4,809862756,208,29.8086,31.5034,1.6948
600M,chip_111_595_merged.tif,0.2,0,1435844314,50,36.4037,37.7811,1.3775
600M,chip_111_595_merged.tif,0.2,1,1055237683,50,35.6801,38.4866,2.8066
600M,chip_111_595_merged.tif,0.2,2,575292165,50,36.4036,37.5384,1.1348
600M,chip_111_595_merged.tif,0.2,3,194685534,50,37.9401,38.5,0.5599
600M,chip_111_595_merged.tif,0.2,4,1862223664,50,36.3641,38.1591,1.795
600M,chip_111_595_merged.tif,0.4,0,1275228981,100,37.1035,38.1818,1.0783
600M,chip_111_595_merged.tif,0.4,1,795283463,100,37.6482,38.6575,1.0093
600M,chip_111_595_merged.tif,0.4,2,414676832,100,38.2258,38.4058,0.18
600M,chip_111_595_merged.tif,0.4,3,2082214962,100,37.743,39.4858,1.7427
600M,chip_111_595_merged.tif,0.4,4,1701608331,100,36.9375,38.0579,1.1204
600M,chip_111_595_merged.tif,0.6,0,531930774,154,37.3311,38.424,1.0929
600M,chip_111_595_merged.tif,0.6,1,51985256,154,37.3247,37.465,0.1403
600M,chip_111_595_merged.tif,0.6,2,1818862273,154,36.7146,37.7465,1.0318
600M,chip_111_595_merged.tif,0.6,3,1338916755,154,37.6773,38.0663,0.389
600M,chip_111_595_merged.tif,0.6,4,958310124,154,35.6101,38.1723,2.5623
600M,chip_111_595_merged.tif,0.8,0,49338578,208,36.2969,36.8764,0.5795
600M,chip_111_595_merged.tif,0.8,1,1816215595,208,36.2959,37.2728,0.9769
600M,chip_111_595_merged.tif,0.8,2,1336270077,208,36.2959,37.1161,0.8202
600M,chip_111_595_merged.tif,0.8,3,955663446,208,36.2975,37.2055,0.908
600M,chip_111_595_merged.tif,0.8,4,475717928,208,36.4071,37.4007,0.9936
600M,chip_113_329_merged.tif,0.2,0,35351916,50,31.4524,36.8713,5.4189
600M,chip_113_329_merged.tif,0.2,1,1802228933,50,34.9775,37.4346,2.4571
600M,chip_113_329_merged.tif,0.2,2,1322283415,50,34.977,34.7435,-0.2336
600M,chip_113_329_merged.tif,0.2,3,941676784,50,31.3833,37.883,6.4997
600M,chip_113_329_merged.tif,0.2,4,461731266,50,34.9767,37.7935,2.8169
600M,chip_113_329_merged.tif,0.4,0,2022220231,100,31.4142,37.1745,5.7603
600M,chip_113_329_merged.tif,0.4,1,1542274713,100,33.4018,36.1615,2.7597
600M,chip_113_329_merged.tif,0.4,2,1161668082,100,32.4548,36.5159,4.0612
600M,chip_113_329_merged.tif,0.4,3,781061451,100,30.9356,36.9188,5.9833
600M,chip_113_329_merged.tif,0.4,4,301115933,100,32.5271,37.2424,4.7153
600M,chip_113_329_merged.tif,0.6,0,1278922024,154,31.6826,36.1162,4.4336
600M,chip_113_329_merged.tif,0.6,1,798976506,154,32.2217,34.0906,1.8689
600M,chip_113_329_merged.tif,0.6,2,418369875,154,32.2553,35.699,3.4437
600M,chip_113_329_merged.tif,0.6,3,37763244,154,31.826,34.6252,2.7992
600M,chip_113_329_merged.tif,0.6,4,1705301374,154,31.156,34.264,3.108
600M,chip_113_329_merged.tif,0.8,0,796329828,208,31.8744,32.3451,0.4707
600M,chip_113_329_merged.tif,0.8,1,415723197,208,31.2368,33.5917,2.3549
600M,chip_113_329_merged.tif,0.8,2,2083261327,208,31.719,33.6008,1.8818
600M,chip_113_329_merged.tif,0.8,3,1702654696,208,31.7236,33.4542,1.7306
600M,chip_113_329_merged.tif,0.8,4,1222709178,208,31.7194,33.0316,1.3123
600M,chip_113_420_merged.tif,0.2,0,1490821606,50,32.9279,35.6785,2.7505
600M,chip_113_420_merged.tif,0.2,1,1110214975,50,31.6692,34.9242,3.255
600M,chip_113_420_merged.tif,0.2,2,630269457,50,33.6291,35.4313,1.8022
600M,chip_113_420_merged.tif,0.2,3,249662826,50,32.9119,34.8123,1.9004
600M,chip_113_420_merged.tif,0.2,4,2016539843,50,33.2391,35.1403,1.9012
600M,chip_113_420_merged.tif,0.4,0,524885423,100,32.1622,34.0153,1.8531
600M,chip_113_420_merged.tif,0.4,1,44939905,100,32.5239,34.353,1.8291
600M,chip_113_420_merged.tif,0.4,2,1811816922,100,33.2146,34.8735,1.6589
600M,chip_113_420_merged.tif,0.4,3,1431210291,100,32.885,33.9826,1.0976
600M,chip_113_420_merged.tif,0.4,4,951264773,100,32.5391,34.8293,2.2901
600M,chip_113_420_merged.tif,0.6,0,1929070864,154,32.4234,33.8032,1.3798
600M,chip_113_420_merged.tif,0.6,1,1449125346,154,32.1995,33.4816,1.2822
600M,chip_113_420_merged.tif,0.6,2,1068518715,154,32.4238,33.5553,1.1314
600M,chip_113_420_merged.tif,0.6,3,687912084,154,32.1793,33.7142,1.5349
600M,chip_113_420_merged.tif,0.6,4,207966566,154,31.7562,33.9763,2.2201
600M,chip_113_420_merged.tif,0.8,0,1446478668,208,31.7289,32.5118,0.7829
600M,chip_113_420_merged.tif,0.8,1,1065872037,208,31.2745,32.294,1.0195
600M,chip_113_420_merged.tif,0.8,2,585926519,208,31.729,33.0992,1.3701
600M,chip_113_420_merged.tif,0.8,3,205319888,208,31.7293,32.114,0.3847
600M,chip_113_420_merged.tif,0.8,4,1872858018,208,31.2743,32.7756,1.5013
600M,chip_114_441_merged.tif,0.2,0,1917993357,50,31.5592,34.1538,2.5946
600M,chip_114_441_merged.tif,0.2,1,1438047839,50,32.7898,35.9232,3.1334
600M,chip_114_441_merged.tif,0.2,2,1057441208,50,30.6724,35.8831,5.2107
600M,chip_114_441_merged.tif,0.2,3,676834577,50,31.3319,36.652,5.3201
600M,chip_114_441_merged.tif,0.2,4,196889059,50,30.5798,35.2317,4.6519
600M,chip_114_441_merged.tif,0.4,0,1757378024,100,30.7,35.2604,4.5604
600M,chip_114_441_merged.tif,0.4,1,1277432506,100,30.7429,35.9788,5.2359
600M,chip_114_441_merged.tif,0.4,2,896825875,100,31.7355,35.0416,3.3061
600M,chip_114_441_merged.tif,0.4,3,416880357,100,30.2913,35.4639,5.1726
600M,chip_114_441_merged.tif,0.4,4,36273726,100,30.7174,35.9188,5.2014
600M,chip_114_441_merged.tif,0.6,0,1014079817,154,31.3231,34.3354,3.0123
600M,chip_114_441_merged.tif,0.6,1,534134299,154,30.5255,32.921,2.3955
600M,chip_114_441_merged.tif,0.6,2,153527668,154,30.5988,33.686,3.0872
600M,chip_114_441_merged.tif,0.6,3,1821065798,154,30.7876,34.2679,3.4804
600M,chip_114_441_merged.tif,0.6,4,1440459167,154,30.1647,33.8524,3.6877
600M,chip_114_441_merged.tif,0.8,0,531487621,208,30.0791,31.8364,1.7573
600M,chip_114_441_merged.tif,0.8,1,51542103,208,30.2154,32.4287,2.2133
600M,chip_114_441_merged.tif,0.8,2,1818419120,208,30.2148,32.3483,2.1335
600M,chip_114_441_merged.tif,0.8,3,1437812489,208,30.528,31.9957,1.4676
600M,chip_114_441_merged.tif,0.8,4,957866971,208,30.215,31.5012,1.2862
600M,chip_114_505_merged.tif,0.2,0,299205922,50,33.5895,37.0341,3.4446
600M,chip_114_505_merged.tif,0.2,1,2066082939,50,33.1541,36.9486,3.7944
600M,chip_114_505_merged.tif,0.2,2,1586137421,50,33.1538,36.0276,2.8737
600M,chip_114_505_merged.tif,0.2,3,1205530790,50,33.7454,37.1209,3.3756
600M,chip_114_505_merged.tif,0.2,4,824924159,50,33.7033,37.3755,3.6722
600M,chip_114_505_merged.tif,0.4,0,138590589,100,33.3958,36.3842,2.9884
600M,chip_114_505_merged.tif,0.4,1,1905467606,100,34.0199,36.6287,2.6087
600M,chip_114_505_merged.tif,0.4,2,1425522088,100,32.7644,36.5229,3.7585
600M,chip_114_505_merged.tif,0.4,3,1044915457,100,33.7571,36.3482,2.5911
600M,chip_114_505_merged.tif,0.4,4,564969939,100,33.0751,36.5619,3.4868
600M,chip_114_505_merged.tif,0.6,0,1542776030,154,33.0155,35.3882,2.3727
600M,chip_114_505_merged.tif,0.6,1,1162169399,154,32.4329,35.15,2.7171
600M,chip_114_505_merged.tif,0.6,2,682223881,154,32.6258,35.9988,3.3731
600M,chip_114_505_merged.tif,0.6,3,301617250,154,32.2622,35.3105,3.0483
600M,chip_114_505_merged.tif,0.6,4,1969155380,154,32.356,34.8324,2.4765
600M,chip_114_505_merged.tif,0.8,0,1060183834,208,31.6304,34.1278,2.4974
600M,chip_114_505_merged.tif,0.8,1,679577203,208,32.1051,33.7808,1.6757
600M,chip_114_505_merged.tif,0.8,2,199631685,208,32.5876,33.5182,0.9306
600M,chip_114_505_merged.tif,0.8,3,1966508702,208,32.1047,33.6695,1.5648
600M,chip_114_505_merged.tif,0.8,4,1585902071,208,31.7875,33.6089,1.8214
600M,chip_115_438_merged.tif,0.2,0,1645056656,50,32.1524,35.2762,3.1238
600M,chip_115_438_merged.tif,0.2,1,1165111138,50,31.4623,34.8853,3.4231
600M,chip_115_438_merged.tif,0.2,2,784504507,50,32.9181,35.4735,2.5554
600M,chip_115_438_merged.tif,0.2,3,304558989,50,33.5567,35.5468,1.9902
600M,chip_115_438_merged.tif,0.2,4,2071436006,50,32.002,35.4325,3.4305
600M,chip_115_438_merged.tif,0.4,0,1385102436,100,31.746,34.4316,2.6856
600M,chip_115_438_merged.tif,0.4,1,1004495805,100,31.0739,34.5576,3.4838
600M,chip_115_438_merged.tif,0.4,2,623889174,100,31.2711,34.9595,3.6884
600M,chip_115_438_merged.tif,0.4,3,143943656,100,31.2297,35.1611,3.9314
600M,chip_115_438_merged.tif,0.4,4,1910820673,100,32.0992,34.8333,2.7341
600M,chip_115_438_merged.tif,0.6,0,641804229,154,31.6696,33.6388,1.9692
600M,chip_115_438_merged.tif,0.6,1,261197598,154,31.3499,33.6636,2.3137
600M,chip_115_438_merged.tif,0.6,2,2028074615,154,31.3494,34.1065,2.7571
600M,chip_115_438_merged.tif,0.6,3,1548129097,154,31.7938,32.9571,1.1634
600M,chip_115_438_merged.tif,0.6,4,1167522466,154,30.9341,32.7528,1.8187
600M,chip_115_438_merged.tif,0.8,0,258550920,208,31.042,32.6581,1.6161
600M,chip_115_438_merged.tif,0.8,1,1926089050,208,30.216,32.3578,2.1418
600M,chip_115_438_merged.tif,0.8,2,1545482419,208,31.0125,32.002,0.9896
600M,chip_115_438_merged.tif,0.8,3,1065536901,208,31.0123,32.6778,1.6655
600M,chip_115_438_merged.tif,0.8,4,684930270,208,31.012,32.1136,1.1017
600M,chip_115_478_merged.tif,0.2,0,141040201,50,35.1353,36.9953,1.8599
600M,chip_115_478_merged.tif,0.2,1,1907917218,50,36.111,37.1368,1.0258
600M,chip_115_478_merged.tif,0.2,2,1427971700,50,34.3641,38.3553,3.9912
600M,chip_115_478_merged.tif,0.2,3,1047365069,50,34.7543,37.457,2.7026
600M,chip_115_478_merged.tif,0.2,4,567419551,50,34.4964,36.8731,2.3767
600M,chip_115_478_merged.tif,0.4,0,1322587666,100,33.6078,37.2545,3.6467
600M,chip_115_478_merged.tif,0.4,1,842642148,100,34.2781,36.6616,2.3835
600M,chip_115_478_merged.tif,0.4,2,462035517,100,34.7844,37.1779,2.3936
600M,chip_115_478_merged.tif,0.4,3,2129573647,100,33.2066,37.4596,4.253
600M,chip_115_478_merged.tif,0.4,4,1748967016,100,33.513,37.3085,3.7955
600M,chip_115_478_merged.tif,0.6,0,1384610309,154,33.2284,36.696,3.4676
600M,chip_115_478_merged.tif,0.6,1,904664791,154,33.7059,36.2245,2.5186
600M,chip_115_478_merged.tif,0.6,2,524058160,154,33.0575,35.9646,2.9071
600M,chip_115_478_merged.tif,0.6,3,143451529,154,33.0068,36.4861,3.4793
600M,chip_115_478_merged.tif,0.6,4,1810989659,154,34.105,36.7631,2.6581
600M,chip_115_478_merged.tif,0.8,0,902018113,208,33.2855,34.4636,1.1781
600M,chip_115_478_merged.tif,0.8,1,521411482,208,31.769,35.6814,3.9124
600M,chip_115_478_merged.tif,0.8,2,41465964,208,33.2851,34.6238,1.3387
600M,chip_115_478_merged.tif,0.8,3,1808342981,208,33.2845,35.1016,1.8171
600M,chip_115_478_merged.tif,0.8,4,1328397463,208,33.0425,35.2644,2.2219
600M,chip_116_208_merged.tif,0.2,0,551966106,50,30.4084,37.7952,7.3868
600M,chip_116_208_merged.tif,0.2,1,171359475,50,32.0105,35.767,3.7565
600M,chip_116_208_merged.tif,0.2,2,1838897605,50,31.4478,34.8852,3.4374
600M,chip_116_208_merged.tif,0.2,3,1458290974,50,31.2094,35.2884,4.0791
600M,chip_116_208_merged.tif,0.2,4,978345456,50,32.0954,35.2561,3.1607
600M,chip_116_208_merged.tif,0.4,0,391350773,100,31.3563,35.2907,3.9344
600M,chip_116_208_merged.tif,0.4,1,2058888903,100,31.3466,35.5219,4.1753
600M,chip_116_208_merged.tif,0.4,2,1678282272,100,31.7276,35.8359,4.1083
600M,chip_116_208_merged.tif,0.4,3,1198336754,100,31.5136,34.9138,3.4002
600M,chip_116_208_merged.tif,0.4,4,817730123,100,31.6804,34.6468,2.9663
600M,chip_116_208_merged.tif,0.6,0,1795536214,154,32.4196,34.0211,1.6016
600M,chip_116_208_merged.tif,0.6,1,1315590696,154,31.069,33.8725,2.8035
600M,chip_116_208_merged.tif,0.6,2,934984065,154,31.8998,34.1752,2.2754
600M,chip_116_208_merged.tif,0.6,3,455038547,154,31.0689,34.2682,3.1993
600M,chip_116_208_merged.tif,0.6,4,74431916,154,31.2279,34.7885,3.5606
600M,chip_116_208_merged.tif,0.8,0,1312944018,208,29.876,32.3952,2.5192
600M,chip_116_208_merged.tif,0.8,1,932337387,208,30.817,32.5004,1.6834
600M,chip_116_208_merged.tif,0.8,2,452391869,208,31.4011,32.4455,1.0444
600M,chip_116_208_merged.tif,0.8,3,71785238,208,31.4013,32.2263,0.8249
600M,chip_116_208_merged.tif,0.8,4,1739323368,208,29.8764,32.4204,2.544
600M,chip_116_346_merged.tif,0.2,0,1834725886,50,35.8747,38.389,2.5143
600M,chip_116_346_merged.tif,0.2,1,1354780368,50,36.6388,38.792,2.1532
600M,chip_116_346_merged.tif,0.2,2,974173737,50,37.3997,38.5265,1.1268
600M,chip_116_346_merged.tif,0.2,3,494228219,50,34.5452,38.4499,3.9047
600M,chip_116_346_merged.tif,0.2,4,113621588,50,35.9812,38.4318,2.4506
600M,chip_116_346_merged.tif,0.4,0,1574771666,100,37.4553,38.0543,0.5989
600M,chip_116_346_merged.tif,0.4,1,1194165035,100,37.5694,37.6267,0.0573
600M,chip_116_346_merged.tif,0.4,2,813558404,100,37.5239,38.5438,1.0199
600M,chip_116_346_merged.tif,0.4,3,333612886,100,36.0237,38.2662,2.2425
600M,chip_116_346_merged.tif,0.4,4,2100489903,100,35.5243,37.7602,2.236
600M,chip_116_346_merged.tif,0.6,0,930812346,154,35.792,38.1442,2.3522
600M,chip_116_346_merged.tif,0.6,1,450866828,154,36.523,37.7948,1.2718
600M,chip_116_346_merged.tif,0.6,2,70260197,154,36.3997,37.41,1.0103
600M,chip_116_346_merged.tif,0.6,3,1737798327,154,36.5229,37.8902,1.3673
600M,chip_116_346_merged.tif,0.6,4,1357191696,154,36.1364,36.9732,0.8368
600M,chip_116_346_merged.tif,0.8,0,448220150,208,35.4434,36.6874,1.2441
600M,chip_116_346_merged.tif,0.8,1,2115758280,208,35.9499,36.6192,0.6692
600M,chip_116_346_merged.tif,0.8,2,1735151649,208,35.4438,36.5377,1.0939
600M,chip_116_346_merged.tif,0.8,3,1255206131,208,35.4431,36.6315,1.1884
600M,chip_116_346_merged.tif,0.8,4,874599500,208,35.95,37.2329,1.2829
600M,chip_116_447_merged.tif,0.2,0,1684992193,50,36.7941,39.2906,2.4965
600M,chip_116_447_merged.tif,0.2,1,1304385562,50,37.8339,39.8207,1.9868
600M,chip_116_447_merged.tif,0.2,2,923778931,50,34.6393,40.4294,5.7901
600M,chip_116_447_merged.tif,0.2,3,443833413,50,37.1497,38.9158,1.766
600M,chip_116_447_merged.tif,0.2,4,63226782,50,39.8332,39.4892,-0.344
600M,chip_116_447_merged.tif,0.4,0,719056010,100,38.6,39.3879,0.7879
600M,chip_116_447_merged.tif,0.4,1,338449379,100,35.8318,39.3676,3.5358
600M,chip_116_447_merged.tif,0.4,2,2005987509,100,35.2043,39.7755,4.5712
600M,chip_116_447_merged.tif,0.4,3,1625380878,100,38.0144,39.6923,1.6779
600M,chip_116_447_merged.tif,0.4,4,1145435360,100,37.3076,39.7993,2.4918
600M,chip_116_447_merged.tif,0.6,0,781078653,154,37.341,38.9967,1.6557
600M,chip_116_447_merged.tif,0.6,1,400472022,154,36.9585,38.778,1.8196
600M,chip_116_447_merged.tif,0.6,2,2068010152,154,36.5665,39.4773,2.9109
600M,chip_116_447_merged.tif,0.6,3,1687403521,154,36.5666,39.9779,3.4113
600M,chip_116_447_merged.tif,0.6,4,1306796890,154,37.7008,39.5893,1.8885
600M,chip_116_447_merged.tif,0.8,0,298486457,208,36.6027,37.4258,0.8231
600M,chip_116_447_merged.tif,0.8,1,2065363474,208,36.2264,36.8376,0.6112
600M,chip_116_447_merged.tif,0.8,2,1684756843,208,35.8247,38.4071,2.5824
600M,chip_116_447_merged.tif,0.8,3,1204811325,208,36.6026,37.5285,0.9259
600M,chip_116_447_merged.tif,0.8,4,824204694,208,36.6028,38.0133,1.4105
600M,chip_116_448_merged.tif,0.2,0,25971645,50,38.6166,39.974,1.3575
600M,chip_116_448_merged.tif,0.2,1,1792848662,50,37.561,39.8854,2.3243
600M,chip_116_448_merged.tif,0.2,2,1312903144,50,35.203,39.7852,4.5822
600M,chip_116_448_merged.tif,0.2,3,932296513,50,35.8374,39.23,3.3926
600M,chip_116_448_merged.tif,0.2,4,551689882,50,35.257,38.592,3.3351
600M,chip_116_448_merged.tif,0.4,0,2012839960,100,36.4665,39.8621,3.3956
600M,chip_116_448_merged.tif,0.4,1,1632233329,100,35.5543,39.5729,4.0186
600M,chip_116_448_merged.tif,0.4,2,1152287811,100,36.4883,38.6588,2.1705
600M,chip_116_448_merged.tif,0.4,3,771681180,100,35.5037,39.2802,3.7765
600M,chip_116_448_merged.tif,0.4,4,291735662,100,35.7112,39.1535,3.4423
600M,chip_116_448_merged.tif,0.6,0,1269541753,154,36.424,37.6569,1.2329
600M,chip_116_448_merged.tif,0.6,1,888935122,154,36.383,38.1295,1.7465
600M,chip_116_448_merged.tif,0.6,2,408989604,154,36.425,37.9169,1.4918
600M,chip_116_448_merged.tif,0.6,3,28382973,154,35.0324,39.9929,4.9605
600M,chip_116_448_merged.tif,0.6,4,1695921103,154,36.7927,38.7867,1.9939
600M,chip_116_448_merged.tif,0.8,0,786949557,208,35.2385,36.6767,1.4382
600M,chip_116_448_merged.tif,0.8,1,406342926,208,35.4253,37.2029,1.7775
600M,chip_116_448_merged.tif,0.8,2,2073881056,208,35.2777,37.1782,1.9006
600M,chip_116_448_merged.tif,0.8,3,1693274425,208,35.2776,37.051,1.7734
600M,chip_116_448_merged.tif,0.8,4,1312667794,208,35.4248,37.2578,1.833
600M,chip_117_438_merged.tif,0.2,0,533726774,50,30.7881,33.7398,2.9517
600M,chip_117_438_merged.tif,0.2,1,53781256,50,33.3503,36.1722,2.8218
600M,chip_117_438_merged.tif,0.2,2,1820658273,50,32.3132,35.4805,3.1672
600M,chip_117_438_merged.tif,0.2,3,1440051642,50,34.9283,36.0881,1.1598
600M,chip_117_438_merged.tif,0.2,4,960106124,50,33.3529,36.2826,2.9297
600M,chip_117_438_merged.tif,0.4,0,1615935352,100,32.0939,35.1761,3.0822
600M,chip_117_438_merged.tif,0.4,1,1235328721,100,33.5938,35.8482,2.2544
600M,chip_117_438_merged.tif,0.4,2,755383203,100,33.0801,34.5917,1.5117
600M,chip_117_438_merged.tif,0.4,3,374776572,100,32.8816,34.3595,1.4779
600M,chip_117_438_merged.tif,0.4,4,2141653589,100,31.9002,35.5288,3.6286
600M,chip_117_438_merged.tif,0.6,0,383413210,154,32.2569,34.8789,2.622
600M,chip_117_438_merged.tif,0.6,1,2806579,154,32.666,34.6398,1.9738
600M,chip_117_438_merged.tif,0.6,2,1769683596,154,33.3214,34.5265,1.2051
600M,chip_117_438_merged.tif,0.6,3,1289738078,154,32.6657,34.8625,2.1968
600M,chip_117_438_merged.tif,0.6,4,909131447,154,32.7693,35.0356,2.2664
600M,chip_117_438_merged.tif,0.8,0,1294704686,208,32.0864,33.4886,1.4022
600M,chip_117_438_merged.tif,0.8,1,814759168,208,32.0865,33.2145,1.128
600M,chip_117_438_merged.tif,0.8,2,434152537,208,32.0867,33.0157,0.929
600M,chip_117_438_merged.tif,0.8,3,53545906,208,32.0866,32.4302,0.3436
600M,chip_117_438_merged.tif,0.8,4,1721084036,208,31.7225,33.1825,1.46
600M,chip_118_448_merged.tif,0.2,0,1047932113,50,34.2148,39.1343,4.9195
600M,chip_118_448_merged.tif,0.2,1,567986595,50,37.8348,39.3405,1.5058
600M,chip_118_448_merged.tif,0.2,2,187379964,50,36.915,39.0149,2.0999
600M,chip_118_448_merged.tif,0.2,3,1854918094,50,39.5261,36.8124,-2.7138
600M,chip_118_448_merged.tif,0.2,4,1474311463,50,37.3485,40.1594,2.8109
600M,chip_118_448_merged.tif,0.4,0,787977893,100,37.6287,38.0259,0.3971
600M,chip_118_448_merged.tif,0.4,1,407371262,100,38.1317,39.4646,1.3329
600M,chip_118_448_merged.tif,0.4,2,2074909392,100,37.0767,40.3891,3.3124
600M,chip_118_448_merged.tif,0.4,3,1694302761,100,36.8713,39.9451,3.0738
600M,chip_118_448_merged.tif,0.4,4,1313696130,100,37.0454,40.1016,3.0562
600M,chip_118_448_merged.tif,0.6,0,44679686,154,37.1447,39.2561,2.1114
600M,chip_118_448_merged.tif,0.6,1,1811556703,154,36.5527,39.5416,2.9889
600M,chip_118_448_merged.tif,0.6,2,1331611185,154,36.5534,39.0327,2.4793
600M,chip_118_448_merged.tif,0.6,3,951004554,154,35.5694,38.6398,3.0704
600M,chip_118_448_merged.tif,0.6,4,570397923,154,36.557,38.4367,1.8797
600M,chip_118_448_merged.tif,0.8,0,1808910025,208,36.0962,37.1713,1.075
600M,chip_118_448_merged.tif,0.8,1,1328964507,208,36.0555,36.0828,0.0273
600M,chip_118_448_merged.tif,0.8,2,948357876,208,36.056,37.4031,1.3471
600M,chip_118_448_merged.tif,0.8,3,468412358,208,36.0964,37.4951,1.3987
600M,chip_118_448_merged.tif,0.8,4,87805727,208,36.5101,38.5996,2.0895
600M,chip_119_126_merged.tif,0.2,0,1333501509,50,38.7395,39.2626,0.5231
600M,chip_119_126_merged.tif,0.2,1,853555991,50,38.1659,39.474,1.3082
600M,chip_119_126_merged.tif,0.2,2,472949360,50,32.6013,39.4829,6.8816
600M,chip_119_126_merged.tif,0.2,3,2140487490,50,32.474,38.8507,6.3768
600M,chip_119_126_merged.tif,0.2,4,1759880859,50,37.4278,40.1328,2.705
600M,chip_119_126_merged.tif,0.4,0,268226439,100,34.5588,39.1049,4.5462
600M,chip_119_126_merged.tif,0.4,1,2035103456,100,35.806,39.5289,3.7229
600M,chip_119_126_merged.tif,0.4,2,1555157938,100,35.8802,39.2162,3.3361
600M,chip_119_126_merged.tif,0.4,3,1174551307,100,33.5032,38.3112,4.8079
600M,chip_119_126_merged.tif,0.4,4,694605789,100,36.6758,40.2179,3.5421
600M,chip_119_126_merged.tif,0.6,0,330249082,154,32.5132,38.5121,5.9989
600M,chip_119_126_merged.tif,0.6,1,2097126099,154,35.0302,36.7223,1.6921
600M,chip_119_126_merged.tif,0.6,2,1716519468,154,34.1538,38.171,4.0172
600M,chip_119_126_merged.tif,0.6,3,1236573950,154,34.359,38.6439,4.2849
600M,chip_119_126_merged.tif,0.6,4,855967319,154,36.1162,37.9207,1.8045
600M,chip_119_126_merged.tif,0.8,0,2094479421,208,32.7022,34.8763,2.1741
600M,chip_119_126_merged.tif,0.8,1,1614533903,208,32.7019,36.0922,3.3903
600M,chip_119_126_merged.tif,0.8,2,1233927272,208,31.6687,36.4222,4.7536
600M,chip_119_126_merged.tif,0.8,3,753981754,208,33.053,34.0607,1.0077
600M,chip_119_126_merged.tif,0.8,4,373375123,208,31.6694,34.7496,3.0802
600M,chip_119_323_merged.tif,0.2,0,1909179663,50,33.1324,33.7001,0.5676
600M,chip_119_323_merged.tif,0.2,1,1528573032,50,33.0113,34.1582,1.1468
600M,chip_119_323_merged.tif,0.2,2,1048627514,50,31.2962,35.106,3.8098
600M,chip_119_323_merged.tif,0.2,3,668020883,50,32.0372,34.9619,2.9247
600M,chip_119_323_merged.tif,0.2,4,188075365,50,32.8684,35.1879,2.3195
600M,chip_119_323_merged.tif,0.4,0,1748564330,100,32.318,33.6948,1.3767
600M,chip_119_323_merged.tif,0.4,1,1268618812,100,32.5003,33.7698,1.2695
600M,chip_119_323_merged.tif,0.4,2,888012181,100,32.7246,34.5565,1.8319
600M,chip_119_323_merged.tif,0.4,3,408066663,100,32.3179,34.1646,1.8467
600M,chip_119_323_merged.tif,0.4,4,27460032,100,31.7461,34.7082,2.962
600M,chip_119_323_merged.tif,0.6,0,1005266123,154,31.2613,33.5434,2.282
600M,chip_119_323_merged.tif,0.6,1,525320605,154,32.6243,33.6715,1.0472
600M,chip_119_323_merged.tif,0.6,2,144713974,154,31.9569,33.6557,1.6989
600M,chip_119_323_merged.tif,0.6,3,1812252104,154,31.543,33.827,2.284
600M,chip_119_323_merged.tif,0.6,4,1431645473,154,32.4997,33.2199,0.7201
600M,chip_119_323_merged.tif,0.8,0,522673927,208,31.6869,32.0649,0.378
600M,chip_119_323_merged.tif,0.8,1,142067296,208,31.8254,32.129,0.3036
600M,chip_119_323_merged.tif,0.8,2,1809605426,208,31.6868,32.1945,0.5077
600M,chip_119_323_merged.tif,0.8,3,1428998795,208,31.8252,32.3774,0.5522
600M,chip_119_323_merged.tif,0.8,4,949053277,208,31.3976,32.1202,0.7226
600M,chip_119_505_merged.tif,0.2,0,535554863,50,34.8325,36.9288,2.0962
600M,chip_119_505_merged.tif,0.2,1,154948232,50,32.2097,36.3971,4.1875
600M,chip_119_505_merged.tif,0.2,2,1822486362,50,36.481,37.5767,1.0956
600M,chip_119_505_merged.tif,0.2,3,1441879731,50,33.4965,37.999,4.5025
600M,chip_119_505_merged.tif,0.2,4,961934213,50,32.7592,36.3448,3.5855
600M,chip_119_505_merged.tif,0.4,0,1717102328,100,33.0854,36.4708,3.3854
600M,chip_119_505_merged.tif,0.4,1,1237156810,100,31.6365,36.7745,5.138
600M,chip_119_505_merged.tif,0.4,2,856550179,100,32.5197,36.9919,4.4722
600M,chip_119_505_merged.tif,0.4,3,376604661,100,33.0208,36.594,3.5731
600M,chip_119_505_merged.tif,0.4,4,2143481678,100,33.521,35.8479,2.3269
600M,chip_119_505_merged.tif,0.6,0,1779124971,154,31.5129,35.3697,3.8567
600M,chip_119_505_merged.tif,0.6,1,1299179453,154,32.1042,35.259,3.1547
600M,chip_119_505_merged.tif,0.6,2,918572822,154,32.1118,34.1576,2.0458
600M,chip_119_505_merged.tif,0.6,3,537966191,154,32.1017,34.698,2.5963
600M,chip_119_505_merged.tif,0.6,4,58020673,154,31.7363,35.0053,3.269
600M,chip_119_505_merged.tif,0.8,0,1296532775,208,30.2352,34.4365,4.2014
600M,chip_119_505_merged.tif,0.8,1,915926144,208,30.2348,33.9361,3.7013
600M,chip_119_505_merged.tif,0.8,2,435980626,208,31.836,34.1683,2.3324
600M,chip_119_505_merged.tif,0.8,3,55373995,208,31.8363,33.2374,1.4011
600M,chip_119_505_merged.tif,0.8,4,1722912125,208,32.1196,33.3528,1.2332
600M,chip_120_559_merged.tif,0.2,0,154542666,50,38.2608,42.7581,4.4974
600M,chip_120_559_merged.tif,0.2,1,1822080796,50,40.0013,42.2427,2.2414
600M,chip_120_559_merged.tif,0.2,2,1441474165,50,40.3919,41.5735,1.1816
600M,chip_120_559_merged.tif,0.2,3,961528647,50,35.9683,41.2989,5.3306
600M,chip_120_559_merged.tif,0.2,4,580922016,50,40.3922,41.253,0.8608
600M,chip_120_559_merged.tif,0.4,0,1236751244,100,37.5097,40.6417,3.132
600M,chip_120_559_merged.tif,0.4,1,856144613,100,38.0858,40.8083,2.7224
600M,chip_120_559_merged.tif,0.4,2,376199095,100,36.5117,40.5908,4.0792
600M,chip_120_559_merged.tif,0.4,3,2143076112,100,38.1267,41.172,3.0452
600M,chip_120_559_merged.tif,0.4,4,1663130594,100,39.6134,41.2735,1.6601
600M,chip_120_559_merged.tif,0.6,0,493453037,154,38.8745,41.3916,2.5171
600M,chip_120_559_merged.tif,0.6,1,112846406,154,38.8624,40.733,1.8705
600M,chip_120_559_merged.tif,0.6,2,1780384536,154,38.9767,39.599,0.6223
600M,chip_120_559_merged.tif,0.6,3,1399777905,154,38.572,41.5444,2.9724
600M,chip_120_559_merged.tif,0.6,4,919832387,154,38.9775,40.6472,1.6698
600M,chip_120_559_merged.tif,0.8,0,10860841,208,38.0201,39.195,1.1748
600M,chip_120_559_merged.tif,0.8,1,1777737858,208,38.2196,39.2501,1.0305
600M,chip_120_559_merged.tif,0.8,2,1297792340,208,38.02,39.748,1.728
600M,chip_120_559_merged.tif,0.8,3,917185709,208,38.2198,38.579,0.3592
600M,chip_120_559_merged.tif,0.8,4,536579078,208,38.0198,39.0269,1.0072
600M,chip_121_466_merged.tif,0.2,0,1792160309,50,34.2862,36.5164,2.2302
600M,chip_121_466_merged.tif,0.2,1,1312214791,50,34.0306,35.9437,1.9131
600M,chip_121_466_merged.tif,0.2,2,931608160,50,34.1667,35.8747,1.708
600M,chip_121_466_merged.tif,0.2,3,551001529,50,32.5557,36.3958,3.8402
600M,chip_121_466_merged.tif,0.2,4,71056011,50,33.144,36.4238,3.2797
600M,chip_121_466_merged.tif,0.4,0,1631544976,100,33.9032,36.0748,2.1717
600M,chip_121_466_merged.tif,0.4,1,1151599458,100,33.3233,36.055,2.7317
600M,chip_121_466_merged.tif,0.4,2,770992827,100,33.7713,35.4096,1.6383
600M,chip_121_466_merged.tif,0.4,3,291047309,100,33.8822,35.8093,1.9271
600M,chip_121_466_merged.tif,0.4,4,2057924326,100,33.1153,35.8722,2.7568
600M,chip_121_466_merged.tif,0.6,0,888246769,154,33.4824,34.9016,1.4192
600M,chip_121_466_merged.tif,0.6,1,408301251,154,33.2381,35.7079,2.4698
600M,chip_121_466_merged.tif,0.6,2,27694620,154,33.568,35.1802,1.6122
600M,chip_121_466_merged.tif,0.6,3,1695232750,154,33.3469,34.9325,1.5856
600M,chip_121_466_merged.tif,0.6,4,1314626119,154,33.4851,35.6899,2.2048
600M,chip_121_466_merged.tif,0.8,0,405654573,208,32.9445,34.2565,1.312
600M,chip_121_466_merged.tif,0.8,1,2073192703,208,32.9443,34.478,1.5337
600M,chip_121_466_merged.tif,0.8,2,1692586072,208,33.204,34.0368,0.8328
600M,chip_121_466_merged.tif,0.8,3,1311979441,208,33.2564,33.9857,0.7293
600M,chip_121_466_merged.tif,0.8,4,832033923,208,33.2566,34.5684,1.3118
600M,chip_122_507_merged.tif,0.2,0,882037653,50,31.2238,34.7088,3.485
600M,chip_122_507_merged.tif,0.2,1,501431022,50,31.2863,35.4658,4.1795
600M,chip_122_507_merged.tif,0.2,2,21485504,50,32.4671,35.098,2.631
600M,chip_122_507_merged.tif,0.2,3,1788362521,50,31.2225,35.9027,4.6802
600M,chip_122_507_merged.tif,0.2,4,1308417003,50,29.2416,35.4101,6.1685
600M,chip_122_507_merged.tif,0.4,0,721422320,100,30.1036,34.6154,4.5117
600M,chip_122_507_merged.tif,0.4,1,241476802,100,30.7723,34.6387,3.8664
600M,chip_122_507_merged.tif,0.4,2,2008353819,100,31.08,34.7235,3.6436
600M,chip_122_507_merged.tif,0.4,3,1627747188,100,30.6417,34.9457,4.304
600M,chip_122_507_merged.tif,0.4,4,1147801670,100,30.3564,33.0744,2.718
600M,chip_122_507_merged.tif,0.6,0,2125607761,154,30.7167,34.0148,3.2981
600M,chip_122_507_merged.tif,0.6,1,1645662243,154,30.6854,34.1784,3.493
600M,chip_122_507_merged.tif,0.6,2,1265055612,154,30.9275,33.5571,2.6297
600M,chip_122_507_merged.tif,0.6,3,884448981,154,30.6846,33.4031,2.7185
600M,chip_122_507_merged.tif,0.6,4,404503463,154,30.9271,34.0679,3.1408
600M,chip_122_507_merged.tif,0.8,0,1643015565,208,29.7841,32.9584,3.1742
600M,chip_122_507_merged.tif,0.8,1,1262408934,208,30.5628,31.9576,1.3948
600M,chip_122_507_merged.tif,0.8,2,782463416,208,30.1988,32.3516,2.1528
600M,chip_122_507_merged.tif,0.8,3,401856785,208,30.4716,32.1208,1.6492
600M,chip_122_507_merged.tif,0.8,4,2069394915,208,29.7838,32.895,3.1112
600M,chip_123_393_merged.tif,0.2,0,18406110,50,34.1754,38.3416,4.1662
600M,chip_123_393_merged.tif,0.2,1,1785283127,50,37.9019,38.4952,0.5934
600M,chip_123_393_merged.tif,0.2,2,1404676496,50,34.6937,37.4692,2.7755
600M,chip_123_393_merged.tif,0.2,3,924730978,50,36.8877,38.6175,1.7298
600M,chip_123_393_merged.tif,0.2,4,544124347,50,34.747,38.3468,3.5998
600M,chip_123_393_merged.tif,0.4,0,1199953575,100,37.6246,37.9784,0.3538
600M,chip_123_393_merged.tif,0.4,1,720008057,100,37.2487,38.8074,1.5587
600M,chip_123_393_merged.tif,0.4,2,339401426,100,35.6227,37.8342,2.2114
600M,chip_123_393_merged.tif,0.4,3,2106278443,100,37.1046,38.1414,1.0368
600M,chip_123_393_merged.tif,0.4,4,1626332925,100,34.4501,38.0029,3.5528
600M,chip_123_393_merged.tif,0.6,0,456655368,154,36.8382,38.0002,1.162
600M,chip_123_393_merged.tif,0.6,1,2124193498,154,35.6168,38.1678,2.551
600M,chip_123_393_merged.tif,0.6,2,1743586867,154,36.1576,37.8731,1.7154
600M,chip_123_393_merged.tif,0.6,3,1362980236,154,36.9852,38.1156,1.1304
600M,chip_123_393_merged.tif,0.6,4,883034718,154,35.3832,37.4297,2.0465
600M,chip_123_393_merged.tif,0.8,0,2121546820,208,35.9319,37.1753,1.2434
600M,chip_123_393_merged.tif,0.8,1,1740940189,208,36.1913,36.7077,0.5165
600M,chip_123_393_merged.tif,0.8,2,1260994671,208,36.3528,37.1631,0.8103
600M,chip_123_393_merged.tif,0.8,3,880388040,208,36.353,36.8172,0.4642
600M,chip_123_393_merged.tif,0.8,4,400442522,208,36.1914,37.4234,1.232
600M,chip_123_434_merged.tif,0.2,0,1273616095,50,33.6145,40.3602,6.7457
600M,chip_123_434_merged.tif,0.2,1,893009464,50,36.2543,39.4948,3.2405
600M,chip_123_434_merged.tif,0.2,2,413063946,50,34.5597,39.3099,4.7502
600M,chip_123_434_merged.tif,0.2,3,32457315,50,40.6709,40.6281,-0.0428
600M,chip_123_434_merged.tif,0.2,4,1799334332,50,35.303,39.997,4.694
600M,chip_123_434_merged.tif,0.4,0,307679912,100,36.0869,40.8068,4.72
600M,chip_123_434_merged.tif,0.4,1,1975218042,100,36.2758,39.2729,2.9971
600M,chip_123_434_merged.tif,0.4,2,1594611411,100,36.5179,38.5029,1.9849
600M,chip_123_434_merged.tif,0.4,3,1214004780,100,35.3512,40.05,4.6988
600M,chip_123_434_merged.tif,0.4,4,734059262,100,35.6988,40.4911,4.7923
600M,chip_123_434_merged.tif,0.6,0,369702555,154,35.0283,38.8851,3.8568
600M,chip_123_434_merged.tif,0.6,1,2136579572,154,35.9945,39.0468,3.0523
600M,chip_123_434_merged.tif,0.6,2,1656634054,154,37.6287,40.2707,2.642
600M,chip_123_434_merged.tif,0.6,3,1276027423,154,35.9949,40.4081,4.4132
600M,chip_123_434_merged.tif,0.6,4,796081905,154,36.5893,40.4067,3.8174
600M,chip_123_434_merged.tif,0.8,0,2034594007,208,35.6199,36.5168,0.8969
600M,chip_123_434_merged.tif,0.8,1,1653987376,208,35.3905,35.7804,0.3898
600M,chip_123_434_merged.tif,0.8,2,1174041858,208,35.6192,37.229,1.6099
600M,chip_123_434_merged.tif,0.8,3,793435227,208,35.5,37.5134,2.0133
600M,chip_123_434_merged.tif,0.8,4,412828596,208,35.3888,38.3222,2.9334
600M,chip_123_448_merged.tif,0.2,0,1310377624,50,38.1348,39.358,1.2233
600M,chip_123_448_merged.tif,0.2,1,929770993,50,38.8669,38.8643,-0.0026
600M,chip_123_448_merged.tif,0.2,2,549164362,50,38.1131,39.3886,1.2755
600M,chip_123_448_merged.tif,0.2,3,69218844,50,39.0735,39.2187,0.1452
600M,chip_123_448_merged.tif,0.2,4,1836095861,50,38.0678,39.2181,1.1502
600M,chip_123_448_merged.tif,0.4,0,1149762291,100,38.0742,39.6065,1.5323
600M,chip_123_448_merged.tif,0.4,1,769155660,100,38.1421,39.1405,0.9984
600M,chip_123_448_merged.tif,0.4,2,289210142,100,36.9699,39.662,2.6921
600M,chip_123_448_merged.tif,0.4,3,2056087159,100,37.9904,39.2258,1.2354
600M,chip_123_448_merged.tif,0.4,4,1675480528,100,36.97,38.9857,2.0157
600M,chip_123_448_merged.tif,0.6,0,406464084,154,36.0597,39.1369,3.0771
600M,chip_123_448_merged.tif,0.6,1,25857453,154,38.2603,38.5879,0.3275
600M,chip_123_448_merged.tif,0.6,2,1693395583,154,37.937,39.6987,1.7617
600M,chip_123_448_merged.tif,0.6,3,1312788952,154,37.9376,39.391,1.4534
600M,chip_123_448_merged.tif,0.6,4,932182321,154,37.7685,39.0498,1.2813
600M,chip_123_448_merged.tif,0.8,0,2071355536,208,37.1896,38.3156,1.126
600M,chip_123_448_merged.tif,0.8,1,1690748905,208,37.1903,38.269,1.0788
600M,chip_123_448_merged.tif,0.8,2,1310142274,208,35.3644,38.4943,3.1299
600M,chip_123_448_merged.tif,0.8,3,830196756,208,36.9583,37.9536,0.9953
600M,chip_123_448_merged.tif,0.8,4,449590125,208,37.1894,38.6206,1.4312
600M,chip_123_507_merged.tif,0.2,0,62444162,50,32.1773,35.3871,3.2098
600M,chip_123_507_merged.tif,0.2,1,1829321179,50,29.1187,34.6875,5.5688
600M,chip_123_507_merged.tif,0.2,2,1349375661,50,31.3446,34.0801,2.7355
600M,chip_123_507_merged.tif,0.2,3,968769030,50,31.0104,34.605,3.5946
600M,chip_123_507_merged.tif,0.2,4,588162399,50,32.7887,34.9605,2.1717
600M,chip_123_507_merged.tif,0.4,0,2049312477,100,31.9752,34.1455,2.1702
600M,chip_123_507_merged.tif,0.4,1,1668705846,100,31.1825,34.457,3.2745
600M,chip_123_507_merged.tif,0.4,2,1188760328,100,31.6379,34.6423,3.0043
600M,chip_123_507_merged.tif,0.4,3,808153697,100,30.9509,34.8801,3.9292
600M,chip_123_507_merged.tif,0.4,4,328208179,100,31.521,34.5821,3.0611
600M,chip_123_507_merged.tif,0.6,0,1306014270,154,30.2066,33.4887,3.2821
600M,chip_123_507_merged.tif,0.6,1,925407639,154,31.2137,33.2472,2.0335
600M,chip_123_507_merged.tif,0.6,2,445462121,154,31.4838,33.0381,1.5543
600M,chip_123_507_merged.tif,0.6,3,64855490,154,29.5991,33.6979,4.0988
600M,chip_123_507_merged.tif,0.6,4,1732393620,154,29.0917,33.3871,4.2954
600M,chip_123_507_merged.tif,0.8,0,823422074,208,29.6127,32.0774,2.4646
600M,chip_123_507_merged.tif,0.8,1,442815443,208,29.6128,32.2342,2.6214
600M,chip_123_507_merged.tif,0.8,2,2110353573,208,29.6827,32.3452,2.6625
600M,chip_123_507_merged.tif,0.8,3,1729746942,208,29.6127,31.6955,2.0828
600M,chip_123_507_merged.tif,0.8,4,1349140311,208,28.996,31.0717,2.0758
600M,chip_123_560_merged.tif,0.2,0,1162784598,50,40.8015,42.6793,1.8778
600M,chip_123_560_merged.tif,0.2,1,782177967,50,42.8624,42.2347,-0.6276
600M,chip_123_560_merged.tif,0.2,2,302232449,50,38.0518,43.4565,5.4047
600M,chip_123_560_merged.tif,0.2,3,2069109466,50,40.5284,42.9017,2.3733
600M,chip_123_560_merged.tif,0.2,4,1688502835,50,40.9228,42.1971,1.2743
600M,chip_123_560_merged.tif,0.4,0,196848415,100,40.3423,41.6412,1.2989
600M,chip_123_560_merged.tif,0.4,1,1864386545,100,41.4873,42.0302,0.5429
600M,chip_123_560_merged.tif,0.4,2,1483779914,100,41.0656,40.4547,-0.6109
600M,chip_123_560_merged.tif,0.4,3,1103173283,100,41.4647,42.7365,1.2718
600M,chip_123_560_merged.tif,0.4,4,623227765,100,41.0729,42.8334,1.7605
600M,chip_123_560_merged.tif,0.6,0,258871058,154,40.7428,41.8229,1.0801
600M,chip_123_560_merged.tif,0.6,1,2025748075,154,39.9635,41.658,1.6946
600M,chip_123_560_merged.tif,0.6,2,1545802557,154,39.8754,41.7325,1.8572
600M,chip_123_560_merged.tif,0.6,3,1165195926,154,40.7437,41.7977,1.054
600M,chip_123_560_merged.tif,0.6,4,685250408,154,40.2959,43.4319,3.136
600M,chip_123_560_merged.tif,0.8,0,1923762510,208,40.8098,41.5379,0.7281
600M,chip_123_560_merged.tif,0.8,1,1543155879,208,40.1008,41.4544,1.3537
600M,chip_123_560_merged.tif,0.8,2,1063210361,208,40.3499,41.0301,0.6802
600M,chip_123_560_merged.tif,0.8,3,682603730,208,41.0546,41.3949,0.3403
600M,chip_123_560_merged.tif,0.8,4,301997099,208,40.8106,41.3748,0.5642
600M,chip_124_123_merged.tif,0.2,0,380572147,50,31.8354,38.0032,6.1678
600M,chip_124_123_merged.tif,0.2,1,2048110277,50,31.7545,39.5405,7.786
600M,chip_124_123_merged.tif,0.2,2,1667503646,50,34.2996,39.5311,5.2315
600M,chip_124_123_merged.tif,0.2,3,1187558128,50,34.5691,38.8943,4.3252
600M,chip_124_123_merged.tif,0.2,4,806951497,50,33.084,39.4452,6.3612
600M,chip_124_123_merged.tif,0.4,0,120617927,100,32.1112,38.7843,6.6731
600M,chip_124_123_merged.tif,0.4,1,1887494944,100,31.5008,38.9902,7.4894
600M,chip_124_123_merged.tif,0.4,2,1407549426,100,33.9014,38.366,4.4646
600M,chip_124_123_merged.tif,0.4,3,1026942795,100,33.9031,38.9508,5.0477
600M,chip_124_123_merged.tif,0.4,4,646336164,100,33.1888,37.7643,4.5755
600M,chip_124_123_merged.tif,0.6,0,1524803368,154,32.9472,37.8662,4.919
600M,chip_124_123_merged.tif,0.6,1,1144196737,154,35.0732,38.5854,3.5122
600M,chip_124_123_merged.tif,0.6,2,664251219,154,34.0778,38.6318,4.5541
600M,chip_124_123_merged.tif,0.6,3,283644588,154,34.0786,37.539,3.4603
600M,chip_124_123_merged.tif,0.6,4,2050521605,154,34.4712,37.8889,3.4177
600M,chip_124_123_merged.tif,0.8,0,1141550059,208,32.2541,34.8904,2.6363
600M,chip_124_123_merged.tif,0.8,1,661604541,208,32.8901,35.4296,2.5395
600M,chip_124_123_merged.tif,0.8,2,280997910,208,32.2528,35.5355,3.2827
600M,chip_124_123_merged.tif,0.8,3,1948536040,208,32.2536,35.3053,3.0517
600M,chip_124_123_merged.tif,0.8,4,1567929409,208,32.8908,35.9965,3.1057
600M,chip_124_433_merged.tif,0.2,0,1841867895,50,37.9468,40.5372,2.5904
600M,chip_124_433_merged.tif,0.2,1,1461261264,50,38.1189,41.48,3.3611
600M,chip_124_433_merged.tif,0.2,2,981315746,50,39.3533,41.2046,1.8513
600M,chip_124_433_merged.tif,0.2,3,600709115,50,38.3807,41.1689,2.7882
600M,chip_124_433_merged.tif,0.2,4,120763597,50,39.1888,41.492,2.3033
600M,chip_124_433_merged.tif,0.4,0,776592825,100,37.7407,40.5028,2.7621
600M,chip_124_433_merged.tif,0.4,1,395986194,100,37.81,41.8975,4.0875
600M,chip_124_433_merged.tif,0.4,2,15379563,100,38.683,40.6911,2.0081
600M,chip_124_433_merged.tif,0.4,3,1682917693,100,39.744,41.6953,1.9513
600M,chip_124_433_merged.tif,0.4,4,1302311062,100,36.4106,41.4942,5.0836
600M,chip_124_433_merged.tif,0.6,0,937954355,154,38.4528,40.5922,2.1394
600M,chip_124_433_merged.tif,0.6,1,458008837,154,37.7935,40.5692,2.7757
600M,chip_124_433_merged.tif,0.6,2,77402206,154,38.8013,40.6069,1.8056
600M,chip_124_433_merged.tif,0.6,3,1744940336,154,38.8012,40.3051,1.5039
600M,chip_124_433_merged.tif,0.6,4,1364333705,154,37.7155,40.3798,2.6644
600M,chip_124_433_merged.tif,0.8,0,455362159,208,37.7303,39.7122,1.9819
600M,chip_124_433_merged.tif,0.8,1,74755528,208,37.5523,39.7188,2.1665
600M,chip_124_433_merged.tif,0.8,2,1742293658,208,37.8827,39.2011,1.3184
600M,chip_124_433_merged.tif,0.8,3,1361687027,208,37.8834,39.9975,2.1141
600M,chip_124_433_merged.tif,0.8,4,881741509,208,37.7295,39.4573,1.7278
600M,chip_124_441_merged.tif,0.2,0,429524255,50,38.3597,38.9488,0.5891
600M,chip_124_441_merged.tif,0.2,1,48917624,50,39.5289,39.9514,0.4225
600M,chip_124_441_merged.tif,0.2,2,1716455754,50,38.7162,39.7408,1.0246
600M,chip_124_441_merged.tif,0.2,3,1335849123,50,38.915,39.8504,0.9354
600M,chip_124_441_merged.tif,0.2,4,955242492,50,38.5755,40.1223,1.5469
600M,chip_124_441_merged.tif,0.4,0,1611071720,100,38.5534,40.1558,1.6024
600M,chip_124_441_merged.tif,0.4,1,1131126202,100,39.5324,40.3346,0.8023
600M,chip_124_441_merged.tif,0.4,2,750519571,100,38.8918,40.3061,1.4143
600M,chip_124_441_merged.tif,0.4,3,270574053,100,36.635,40.0087,3.3737
600M,chip_124_441_merged.tif,0.4,4,2037451070,100,37.4173,40.0619,2.6447
600M,chip_124_441_merged.tif,0.6,0,867773513,154,38.8928,39.9543,1.0615
600M,chip_124_441_merged.tif,0.6,1,387827995,154,37.3462,40.5351,3.1889
600M,chip_124_441_merged.tif,0.6,2,7221364,154,37.7308,39.353,1.6222
600M,chip_124_441_merged.tif,0.6,3,1674759494,154,38.6105,40.2945,1.6841
600M,chip_124_441_merged.tif,0.6,4,1294152863,154,37.513,40.0938,2.5809
600M,chip_124_441_merged.tif,0.8,0,385181317,208,38.3324,38.7305,0.3981
600M,chip_124_441_merged.tif,0.8,1,4574686,208,37.7815,39.0336,1.2521
600M,chip_124_441_merged.tif,0.8,2,1672112816,208,37.4342,38.703,1.2688
600M,chip_124_441_merged.tif,0.8,3,1291506185,208,38.3332,39.7105,1.3773
600M,chip_124_441_merged.tif,0.8,4,811560667,208,37.7816,39.7512,1.9696
600M,chip_124_479_merged.tif,0.2,0,1750155479,50,32.596,35.1547,2.5587
600M,chip_124_479_merged.tif,0.2,1,1270209961,50,31.78,36.9622,5.1822
600M,chip_124_479_merged.tif,0.2,2,889603330,50,32.3672,37.5496,5.1823
600M,chip_124_479_merged.tif,0.2,3,409657812,50,31.7798,36.267,4.4873
600M,chip_124_479_merged.tif,0.2,4,29051181,50,34.0353,37.2178,3.1825
600M,chip_124_479_merged.tif,0.4,0,684880409,100,31.8849,36.2777,4.3928
600M,chip_124_479_merged.tif,0.4,1,304273778,100,31.1339,37.0575,5.9236
600M,chip_124_479_merged.tif,0.4,2,1971811908,100,31.508,36.0466,4.5385
600M,chip_124_479_merged.tif,0.4,3,1591205277,100,32.0457,35.8707,3.825
600M,chip_124_479_merged.tif,0.4,4,1111259759,100,31.3781,35.5366,4.1585
600M,chip_124_479_merged.tif,0.6,0,746903052,154,31.819,35.453,3.634
600M,chip_124_479_merged.tif,0.6,1,366296421,154,31.1759,34.8387,3.6628
600M,chip_124_479_merged.tif,0.6,2,2033834551,154,31.2306,34.7982,3.5676
600M,chip_124_479_merged.tif,0.6,3,1653227920,154,32.1975,35.8194,3.6219
600M,chip_124_479_merged.tif,0.6,4,1272621289,154,32.3009,34.9275,2.6266
600M,chip_124_479_merged.tif,0.8,0,264310856,208,31.5931,33.2625,1.6694
600M,chip_124_479_merged.tif,0.8,1,2031187873,208,31.0448,33.8354,2.7906
600M,chip_124_479_merged.tif,0.8,2,1650581242,208,31.7541,33.658,1.9039
600M,chip_124_479_merged.tif,0.8,3,1170635724,208,31.5932,33.5685,1.9752
600M,chip_124_479_merged.tif,0.8,4,790029093,208,30.9856,33.9721,2.9865
600M,chip_125_124_merged.tif,0.2,0,1482003945,50,35.8964,37.9273,2.0309
600M,chip_125_124_merged.tif,0.2,1,1101397314,50,32.3803,37.3547,4.9745
600M,chip_125_124_merged.tif,0.2,2,621451796,50,33.2921,37.7575,4.4654
600M,chip_125_124_merged.tif,0.2,3,240845165,50,36.0607,38.4258,2.3651
600M,chip_125_124_merged.tif,0.2,4,2007722182,50,34.0653,37.286,3.2207
600M,chip_125_124_merged.tif,0.4,0,1321388612,100,34.0684,37.218,3.1496
600M,chip_125_124_merged.tif,0.4,1,940781981,100,33.118,37.464,4.3461
600M,chip_125_124_merged.tif,0.4,2,460836463,100,32.5556,36.6479,4.0923
600M,chip_125_124_merged.tif,0.4,3,80229832,100,32.5551,37.3837,4.8286
600M,chip_125_124_merged.tif,0.4,4,1747767962,100,34.1018,37.2364,3.1346
600M,chip_125_124_merged.tif,0.6,0,578090405,154,33.8202,33.5342,-0.286
600M,chip_125_124_merged.tif,0.6,1,197483774,154,31.9565,35.8983,3.9419
600M,chip_125_124_merged.tif,0.6,2,1865021904,154,34.422,36.2692,1.8473
600M,chip_125_124_merged.tif,0.6,3,1484415273,154,34.3595,37.0508,2.6913
600M,chip_125_124_merged.tif,0.6,4,1004469755,154,34.7621,36.5917,1.8296
600M,chip_125_124_merged.tif,0.8,0,95498209,208,32.0936,33.9284,1.8348
600M,chip_125_124_merged.tif,0.8,1,1862375226,208,32.02,33.6485,1.6285
600M,chip_125_124_merged.tif,0.8,2,1382429708,208,31.983,35.3096,3.3266
600M,chip_125_124_merged.tif,0.8,3,1001823077,208,31.6844,34.51,2.8255
600M,chip_125_124_merged.tif,0.8,4,621216446,208,31.9841,35.6295,3.6454
600M,chip_125_433_merged.tif,0.2,0,1080534141,50,38.5287,39.9722,1.4435
600M,chip_125_433_merged.tif,0.2,1,699927510,50,39.3721,41.8877,2.5155
600M,chip_125_433_merged.tif,0.2,2,219981992,50,38.1851,41.884,3.6989
600M,chip_125_433_merged.tif,0.2,3,1986859009,50,40.4286,41.2533,0.8247
600M,chip_125_433_merged.tif,0.2,4,1606252378,50,37.8606,40.0067,2.1461
600M,chip_125_433_merged.tif,0.4,0,919918808,100,38.2367,42.0716,3.8348
600M,chip_125_433_merged.tif,0.4,1,539312177,100,38.9894,41.3223,2.3329
600M,chip_125_433_merged.tif,0.4,2,59366659,100,39.1515,40.572,1.4205
600M,chip_125_433_merged.tif,0.4,3,1826243676,100,39.6394,40.4291,0.7897
600M,chip_125_433_merged.tif,0.4,4,1346298158,100,38.7467,40.9607,2.214
600M,chip_125_433_merged.tif,0.6,0,176620601,154,37.3563,40.3482,2.9919
600M,chip_125_433_merged.tif,0.6,1,1943497618,154,38.9706,40.2859,1.3153
600M,chip_125_433_merged.tif,0.6,2,1463552100,154,38.1405,40.8206,2.6801
600M,chip_125_433_merged.tif,0.6,3,1082945469,154,38.6108,41.7087,3.0979
600M,chip_125_433_merged.tif,0.6,4,602999951,154,37.3665,40.6695,3.303
600M,chip_125_433_merged.tif,0.8,0,1841512053,208,37.4406,41.0147,3.574
600M,chip_125_433_merged.tif,0.8,1,1460905422,208,37.2679,39.4148,2.1469
600M,chip_125_433_merged.tif,0.8,2,980959904,208,35.9585,39.724,3.7656
600M,chip_125_433_merged.tif,0.8,3,600353273,208,35.9597,38.9788,3.0192
600M,chip_125_433_merged.tif,0.8,4,219746642,208,37.7487,40.0853,2.3366
600M,chip_125_436_merged.tif,0.2,0,1146998673,50,33.6909,40.1203,6.4294
600M,chip_125_436_merged.tif,0.2,1,667053155,50,37.7664,39.7203,1.9539
600M,chip_125_436_merged.tif,0.2,2,286446524,50,37.7648,39.5221,1.7573
600M,chip_125_436_merged.tif,0.2,3,2053323541,50,38.4204,39.4888,1.0683
600M,chip_125_436_merged.tif,0.2,4,1573378023,50,37.7182,40.1323,2.4142
600M,chip_125_436_merged.tif,0.4,0,986383340,100,35.1918,39.672,4.4802
600M,chip_125_436_merged.tif,0.4,1,506437822,100,38.3987,38.9465,0.5478
600M,chip_125_436_merged.tif,0.4,2,125831191,100,35.5562,39.4575,3.9014
600M,chip_125_436_merged.tif,0.4,3,1793369321,100,35.4624,39.1271,3.6646
600M,chip_125_436_merged.tif,0.4,4,1412762690,100,37.8946,39.7864,1.8917
600M,chip_125_436_merged.tif,0.6,0,243085133,154,37.7092,38.6838,0.9746
600M,chip_125_436_merged.tif,0.6,1,1910623263,154,37.6859,38.7602,1.0743
600M,chip_125_436_merged.tif,0.6,2,1530016632,154,37.5532,39.3942,1.841
600M,chip_125_436_merged.tif,0.6,3,1050071114,154,36.5096,39.4551,2.9456
600M,chip_125_436_merged.tif,0.6,4,669464483,154,36.2296,39.9564,3.7268
600M,chip_125_436_merged.tif,0.8,0,1907976585,208,36.4098,38.5473,2.1375
600M,chip_125_436_merged.tif,0.8,1,1428031067,208,36.454,38.7706,2.3166
600M,chip_125_436_merged.tif,0.8,2,1047424436,208,36.4534,37.9065,1.4532
600M,chip_125_436_merged.tif,0.8,3,666817805,208,36.4544,37.2225,0.7681
600M,chip_125_436_merged.tif,0.8,4,186872287,208,36.4545,37.1971,0.7425
600M,chip_125_445_merged.tif,0.2,0,2140928939,50,38.2675,40.4643,2.1968
600M,chip_125_445_merged.tif,0.2,1,1660983421,50,37.9063,40.4767,2.5704
600M,chip_125_445_merged.tif,0.2,2,1280376790,50,40.7981,40.0325,-0.7655
600M,chip_125_445_merged.tif,0.2,3,899770159,50,41.6557,40.0531,-1.6026
600M,chip_125_445_merged.tif,0.2,4,419824641,50,37.7746,40.2684,2.4938
600M,chip_125_445_merged.tif,0.4,0,1075653869,100,38.9985,39.252,0.2535
600M,chip_125_445_merged.tif,0.4,1,695047238,100,39.8334,40.3997,0.5663
600M,chip_125_445_merged.tif,0.4,2,314440607,100,37.971,40.3519,2.3809
600M,chip_125_445_merged.tif,0.4,3,1981978737,100,38.8242,40.2286,1.4044
600M,chip_125_445_merged.tif,0.4,4,1601372106,100,40.5058,39.4779,-1.0278
600M,chip_125_445_merged.tif,0.6,0,1237015399,154,38.1591,40.3746,2.2155
600M,chip_125_445_merged.tif,0.6,1,757069881,154,39.4576,39.5194,0.0619
600M,chip_125_445_merged.tif,0.6,2,376463250,154,39.4798,39.3129,-0.1669
600M,chip_125_445_merged.tif,0.6,3,2044001380,154,38.7615,39.0579,0.2965
600M,chip_125_445_merged.tif,0.6,4,1663394749,154,37.0471,39.0926,2.0455
600M,chip_125_445_merged.tif,0.8,0,754423203,208,38.2526,38.4377,0.1851
600M,chip_125_445_merged.tif,0.8,1,274477685,208,38.276,38.2978,0.0219
600M,chip_125_445_merged.tif,0.8,2,2041354702,208,37.9185,37.738,-0.1805
600M,chip_125_445_merged.tif,0.8,3,1660748071,208,38.2762,38.4391,0.1629
600M,chip_125_445_merged.tif,0.8,4,1180802553,208,38.2761,38.0972,-0.1788
600M,chip_125_503_merged.tif,0.2,0,1243231023,50,33.4401,34.766,1.326
600M,chip_125_503_merged.tif,0.2,1,862624392,50,33.8713,34.9131,1.0418
600M,chip_125_503_merged.tif,0.2,2,482017761,50,34.2206,36.04,1.8194
600M,chip_125_503_merged.tif,0.2,3,2072243,50,29.4151,35.3834,5.9683
600M,chip_125_503_merged.tif,0.2,4,1768949260,50,32.04,35.193,3.153
600M,chip_125_503_merged.tif,0.4,0,277294840,100,31.1816,34.7907,3.6091
600M,chip_125_503_merged.tif,0.4,1,2044171857,100,31.8033,35.2604,3.4571
600M,chip_125_503_merged.tif,0.4,2,1564226339,100,32.3552,35.3733,3.0181
600M,chip_125_503_merged.tif,0.4,3,1183619708,100,32.9759,34.2818,1.3059
600M,chip_125_503_merged.tif,0.4,4,703674190,100,31.5737,35.1229,3.5493
600M,chip_125_503_merged.tif,0.6,0,339317483,154,30.6938,33.7865,3.0927
600M,chip_125_503_merged.tif,0.6,1,2106194500,154,31.2621,34.2083,2.9462
600M,chip_125_503_merged.tif,0.6,2,1626248982,154,31.9958,34.1607,2.1649
600M,chip_125_503_merged.tif,0.6,3,1245642351,154,31.7457,34.2024,2.4568
600M,chip_125_503_merged.tif,0.6,4,865035720,154,30.8382,34.4374,3.5992
600M,chip_125_503_merged.tif,0.8,0,2004208935,208,31.3349,32.6989,1.364
600M,chip_125_503_merged.tif,0.8,1,1623602304,208,31.4076,32.9668,1.5592
600M,chip_125_503_merged.tif,0.8,2,1242995673,208,30.6031,32.8172,2.2141
600M,chip_125_503_merged.tif,0.8,3,763050155,208,31.4077,32.9963,1.5886
600M,chip_125_503_merged.tif,0.8,4,382443524,208,31.4083,32.8996,1.4913
600M,chip_126_124_merged.tif,0.2,0,1917529005,50,32.1414,35.937,3.7955
600M,chip_126_124_merged.tif,0.2,1,1437583487,50,31.4055,36.3122,4.9066
600M,chip_126_124_merged.tif,0.2,2,1056976856,50,32.5151,35.9729,3.4578
600M,chip_126_124_merged.tif,0.2,3,577031338,50,31.2282,37.1953,5.967
600M,chip_126_124_merged.tif,0.2,4,196424707,50,31.3781,36.4271,5.049
600M,chip_126_124_merged.tif,0.4,0,852253935,100,32.2226,36.0367,3.8141
600M,chip_126_124_merged.tif,0.4,1,471647304,100,30.4164,36.2859,5.8694
600M,chip_126_124_merged.tif,0.4,2,2139185434,100,30.0686,35.8241,5.7555
600M,chip_126_124_merged.tif,0.4,3,1758578803,100,31.7072,35.558,3.8508
600M,chip_126_124_merged.tif,0.4,4,1278633285,100,33.7078,36.4479,2.7401
600M,chip_126_124_merged.tif,0.6,0,108955728,154,31.52,34.8716,3.3516
600M,chip_126_124_merged.tif,0.6,1,1875832745,154,30.711,35.0287,4.3177
600M,chip_126_124_merged.tif,0.6,2,1395887227,154,31.5214,35.6842,4.1629
600M,chip_126_124_merged.tif,0.6,3,1015280596,154,31.2195,34.5514,3.3318
600M,chip_126_124_merged.tif,0.6,4,535335078,154,31.8204,35.1228,3.3024
600M,chip_126_124_merged.tif,0.8,0,1773847180,208,31.0166,33.1689,2.1523
600M,chip_126_124_merged.tif,0.8,1,1393240549,208,30.7698,32.5791,1.8093
600M,chip_126_124_merged.tif,0.8,2,913295031,208,29.7645,32.0576,2.2931
600M,chip_126_124_merged.tif,0.8,3,532688400,208,30.77,32.4821,1.7122
600M,chip_126_124_merged.tif,0.8,4,152081769,208,30.7701,33.2476,2.4775
600M,chip_126_357_merged.tif,0.2,0,1828296325,50,34.974,37.1961,2.2221
600M,chip_126_357_merged.tif,0.2,1,1447689694,50,33.8857,37.4257,3.54
600M,chip_126_357_merged.tif,0.2,2,1067083063,50,31.8791,37.2981,5.419
600M,chip_126_357_merged.tif,0.2,3,587137545,50,34.7718,37.7116,2.9398
600M,chip_126_357_merged.tif,0.2,4,206530914,50,34.9737,37.8532,2.8795
600M,chip_126_357_merged.tif,0.4,0,1667680992,100,33.4703,37.1969,3.7267
600M,chip_126_357_merged.tif,0.4,1,1287074361,100,32.6124,37.546,4.9336
600M,chip_126_357_merged.tif,0.4,2,807128843,100,33.8425,36.0544,2.2118
600M,chip_126_357_merged.tif,0.4,3,426522212,100,33.2797,37.1095,3.8299
600M,chip_126_357_merged.tif,0.4,4,2094060342,100,33.8319,36.5528,2.7209
600M,chip_126_357_merged.tif,0.6,0,924382785,154,33.4979,37.1443,3.6464
600M,chip_126_357_merged.tif,0.6,1,543776154,154,34.0393,36.7065,2.6672
600M,chip_126_357_merged.tif,0.6,2,63830636,154,33.4985,35.778,2.2794
600M,chip_126_357_merged.tif,0.6,3,1830707653,154,33.9373,36.6435,2.7062
600M,chip_126_357_merged.tif,0.6,4,1450101022,154,33.4986,36.3513,2.8527
600M,chip_126_357_merged.tif,0.8,0,441790589,208,32.6408,35.9144,3.2737
600M,chip_126_357_merged.tif,0.8,1,61183958,208,34.1374,35.1008,0.9634
600M,chip_126_357_merged.tif,0.8,2,1828060975,208,34.0,34.6712,0.6712
600M,chip_126_357_merged.tif,0.8,3,1348115457,208,33.9995,35.3606,1.3611
600M,chip_126_357_merged.tif,0.8,4,967508826,208,33.9998,35.3038,1.304
600M,chip_127_445_merged.tif,0.2,0,1236817879,50,36.8332,40.428,3.5948
600M,chip_127_445_merged.tif,0.2,1,756872361,50,37.7804,40.0399,2.2595
600M,chip_127_445_merged.tif,0.2,2,376265730,50,37.3412,40.2582,2.9169
600M,chip_127_445_merged.tif,0.2,3,2043803860,50,39.4459,40.1885,0.7426
600M,chip_127_445_merged.tif,0.2,4,1663197229,50,36.8395,39.0698,2.2303
600M,chip_127_445_merged.tif,0.4,0,171542809,100,37.5274,40.6282,3.1008
600M,chip_127_445_merged.tif,0.4,1,1938419826,100,37.3992,40.3428,2.9436
600M,chip_127_445_merged.tif,0.4,2,1458474308,100,36.5072,39.4454,2.9382
600M,chip_127_445_merged.tif,0.4,3,1077867677,100,37.8711,39.7539,1.8828
600M,chip_127_445_merged.tif,0.4,4,697261046,100,37.2019,39.6467,2.4448
600M,chip_127_445_merged.tif,0.6,0,1575728250,154,37.2175,39.6561,2.4386
600M,chip_127_445_merged.tif,0.6,1,1195121619,154,37.2171,39.2178,2.0007
600M,chip_127_445_merged.tif,0.6,2,715176101,154,37.1076,38.9383,1.8307
600M,chip_127_445_merged.tif,0.6,3,334569470,154,37.5393,38.0928,0.5535
600M,chip_127_445_merged.tif,0.6,4,2101446487,154,37.2814,39.47,2.1885
600M,chip_127_445_merged.tif,0.8,0,1093136054,208,37.0651,38.2845,1.2194
600M,chip_127_445_merged.tif,0.8,1,712529423,208,37.0656,38.0779,1.0123
600M,chip_127_445_merged.tif,0.8,2,331922792,208,36.2442,38.0219,1.7777
600M,chip_127_445_merged.tif,0.8,3,1999460922,208,37.0656,38.0706,1.0051
600M,chip_127_445_merged.tif,0.8,4,1618854291,208,37.1594,38.0574,0.898
600M,chip_128_478_merged.tif,0.2,0,726140118,50,35.871,35.6402,-0.2307
600M,chip_128_478_merged.tif,0.2,1,345533487,50,35.1808,36.2594,1.0786
600M,chip_128_478_merged.tif,0.2,2,2013071617,50,32.9961,35.7974,2.8013
600M,chip_128_478_merged.tif,0.2,3,1632464986,50,32.6436,36.1603,3.5166
600M,chip_128_478_merged.tif,0.2,4,1152519468,50,35.8701,35.9466,0.0765
600M,chip_128_478_merged.tif,0.4,0,1808348696,100,32.4794,34.9409,2.4615
600M,chip_128_478_merged.tif,0.4,1,1427742065,100,31.1036,35.5608,4.4572
600M,chip_128_478_merged.tif,0.4,2,1047135434,100,30.846,36.1379,5.2919
600M,chip_128_478_merged.tif,0.4,3,567189916,100,31.695,35.9042,4.2092
600M,chip_128_478_merged.tif,0.4,4,186583285,100,34.2466,35.9313,1.6847
600M,chip_128_478_merged.tif,0.6,0,1969710226,154,31.8436,34.5043,2.6607
600M,chip_128_478_merged.tif,0.6,1,1489764708,154,31.5928,35.1419,3.5491
600M,chip_128_478_merged.tif,0.6,2,1109158077,154,32.0865,35.1414,3.0548
600M,chip_128_478_merged.tif,0.6,3,629212559,154,31.8431,35.0266,3.1835
600M,chip_128_478_merged.tif,0.6,4,248605928,154,32.4633,34.8452,2.3819
600M,chip_128_478_merged.tif,0.8,0,1487118030,208,29.5526,33.7677,4.2151
600M,chip_128_478_merged.tif,0.8,1,1106511399,208,31.3247,33.8862,2.5615
600M,chip_128_478_merged.tif,0.8,2,626565881,208,31.3254,34.0317,2.7063
600M,chip_128_478_merged.tif,0.8,3,245959250,208,29.5525,33.5319,3.9794
600M,chip_128_478_merged.tif,0.8,4,1913497380,208,29.9998,34.2074,4.2075
600M,chip_128_506_merged.tif,0.2,0,1851841928,50,30.9467,34.6633,3.7167
600M,chip_128_506_merged.tif,0.2,1,1471235297,50,31.968,35.1617,3.1938
600M,chip_128_506_merged.tif,0.2,2,991289779,50,31.5758,35.3912,3.8154
600M,chip_128_506_merged.tif,0.2,3,610683148,50,32.1801,34.65,2.4699
600M,chip_128_506_merged.tif,0.2,4,130737630,50,30.5089,34.6447,4.1358
600M,chip_128_506_merged.tif,0.4,0,1691226595,100,31.686,34.0174,2.3314
600M,chip_128_506_merged.tif,0.4,1,1211281077,100,31.8564,34.2934,2.4369
600M,chip_128_506_merged.tif,0.4,2,830674446,100,31.0615,34.1883,3.1268
600M,chip_128_506_merged.tif,0.4,3,450067815,100,31.756,33.719,1.963
600M,chip_128_506_merged.tif,0.4,4,2117605945,100,32.0749,34.0095,1.9346
600M,chip_128_506_merged.tif,0.6,0,947928388,154,31.5774,32.9276,1.3502
600M,chip_128_506_merged.tif,0.6,1,567321757,154,30.7915,33.5342,2.7426
600M,chip_128_506_merged.tif,0.6,2,87376239,154,31.0881,33.4638,2.3757
600M,chip_128_506_merged.tif,0.6,3,1854253256,154,31.6375,33.2991,1.6616
600M,chip_128_506_merged.tif,0.6,4,1374307738,154,30.3462,33.4559,3.1097
600M,chip_128_506_merged.tif,0.8,0,465336192,208,30.4678,32.1257,1.6579
600M,chip_128_506_merged.tif,0.8,1,84729561,208,31.0249,31.4298,0.405
600M,chip_128_506_merged.tif,0.8,2,1752267691,208,30.3185,31.2583,0.9398
600M,chip_128_506_merged.tif,0.8,3,1371661060,208,31.0249,31.9735,0.9486
600M,chip_128_506_merged.tif,0.8,4,891715542,208,30.4682,31.718,1.2498
600M,chip_129_311_merged.tif,0.2,0,816897377,50,38.5002,39.2247,0.7245
600M,chip_129_311_merged.tif,0.2,1,336951859,50,37.5379,38.6849,1.147
600M,chip_129_311_merged.tif,0.2,2,2103828876,50,37.3723,38.7917,1.4194
600M,chip_129_311_merged.tif,0.2,3,1623883358,50,35.607,40.4554,4.8484
600M,chip_129_311_merged.tif,0.2,4,1243276727,50,37.3701,39.8157,2.4456
600M,chip_129_311_merged.tif,0.4,0,556943157,100,37.8278,39.9679,2.1401
600M,chip_129_311_merged.tif,0.4,1,176336526,100,36.6243,39.8349,3.2105
600M,chip_129_311_merged.tif,0.4,2,1843874656,100,38.0982,38.0118,-0.0864
600M,chip_129_311_merged.tif,0.4,3,1463268025,100,38.01,40.1467,2.1367
600M,chip_129_311_merged.tif,0.4,4,1082661394,100,38.361,39.4079,1.0468
600M,chip_129_311_merged.tif,0.6,0,1961128598,154,36.5609,37.9313,1.3704
600M,chip_129_311_merged.tif,0.6,1,1580521967,154,36.7371,38.804,2.0668
600M,chip_129_311_merged.tif,0.6,2,1199915336,154,36.5606,38.011,1.4504
600M,chip_129_311_merged.tif,0.6,3,719969818,154,36.1687,38.8571,2.6885
600M,chip_129_311_merged.tif,0.6,4,339363187,154,37.3167,37.7376,0.4209
600M,chip_129_311_merged.tif,0.8,0,1577875289,208,35.4332,36.9367,1.5035
600M,chip_129_311_merged.tif,0.8,1,1097929771,208,35.9273,37.1794,1.2521
600M,chip_129_311_merged.tif,0.8,2,717323140,208,36.0328,36.6254,0.5926
600M,chip_129_311_merged.tif,0.8,3,237377622,208,36.0326,36.842,0.8094
600M,chip_129_311_merged.tif,0.8,4,2004254639,208,36.0332,36.9234,0.8901
600M,chip_130_159_merged.tif,0.2,0,47084842,50,36.2878,41.3251,5.0373
600M,chip_130_159_merged.tif,0.2,1,1813961859,50,33.5642,41.1882,7.624
600M,chip_130_159_merged.tif,0.2,2,1334016341,50,36.7467,40.6825,3.9358
600M,chip_130_159_merged.tif,0.2,3,953409710,50,36.9979,41.2307,4.2328
600M,chip_130_159_merged.tif,0.2,4,572803079,50,34.2209,40.6335,6.4126
600M,chip_130_159_merged.tif,0.4,0,2033953157,100,32.8894,38.4962,5.6068
600M,chip_130_159_merged.tif,0.4,1,1653346526,100,34.8018,39.3061,4.5043
600M,chip_130_159_merged.tif,0.4,2,1173401008,100,33.7471,41.4913,7.7442
600M,chip_130_159_merged.tif,0.4,3,792794377,100,36.368,39.2356,2.8676
600M,chip_130_159_merged.tif,0.4,4,312848859,100,36.3679,39.0779,2.71
600M,chip_130_159_merged.tif,0.6,0,1290654950,154,33.4997,38.2,4.7003
600M,chip_130_159_merged.tif,0.6,1,910048319,154,34.2059,36.6552,2.4493
600M,chip_130_159_merged.tif,0.6,2,430102801,154,33.1909,39.703,6.5121
600M,chip_130_159_merged.tif,0.6,3,49496170,154,33.6862,39.149,5.4629
600M,chip_130_159_merged.tif,0.6,4,1717034300,154,33.637,35.507,1.87
600M,chip_130_159_merged.tif,0.8,0,808062754,208,31.2506,33.8306,2.58
600M,chip_130_159_merged.tif,0.8,1,427456123,208,31.664,34.7895,3.1255
600M,chip_130_159_merged.tif,0.8,2,2094994253,208,30.1236,37.6254,7.5018
600M,chip_130_159_merged.tif,0.8,3,1714387622,208,30.1242,34.668,4.5438
600M,chip_130_159_merged.tif,0.8,4,1333780991,208,30.1242,33.8005,3.6764
600M,chip_130_445_merged.tif,0.2,0,688304870,50,38.1287,39.7602,1.6315
600M,chip_130_445_merged.tif,0.2,1,208359352,50,39.9198,40.173,0.2532
600M,chip_130_445_merged.tif,0.2,2,1975236369,50,40.1231,39.3897,-0.7334
600M,chip_130_445_merged.tif,0.2,3,1495290851,50,36.7711,41.0663,4.2952
600M,chip_130_445_merged.tif,0.2,4,1114684220,50,40.3294,40.5289,0.1994
600M,chip_130_445_merged.tif,0.4,0,428350650,100,39.0188,40.8789,1.8601
600M,chip_130_445_merged.tif,0.4,1,47744019,100,38.5986,40.2036,1.605
600M,chip_130_445_merged.tif,0.4,2,1715282149,100,39.8192,40.7966,0.9774
600M,chip_130_445_merged.tif,0.4,3,1334675518,100,40.3205,39.4762,-0.8443
600M,chip_130_445_merged.tif,0.4,4,954068887,100,40.163,40.1361,-0.0268
600M,chip_130_445_merged.tif,0.6,0,1832536091,154,39.258,38.9114,-0.3467
600M,chip_130_445_merged.tif,0.6,1,1451929460,154,36.8131,39.777,2.9639
600M,chip_130_445_merged.tif,0.6,2,971983942,154,36.3715,39.2656,2.8941
600M,chip_130_445_merged.tif,0.6,3,591377311,154,39.2579,39.9632,0.7053
600M,chip_130_445_merged.tif,0.6,4,210770680,154,36.6907,40.3245,3.6338
600M,chip_130_445_merged.tif,0.8,0,596343919,208,37.9186,39.0424,1.1238
600M,chip_130_445_merged.tif,0.8,1,116398401,208,37.5395,37.4868,-0.0527
600M,chip_130_445_merged.tif,0.8,2,1883275418,208,36.4608,39.1024,2.6416
600M,chip_130_445_merged.tif,0.8,3,1502668787,208,36.4612,39.1647,2.7035
600M,chip_130_445_merged.tif,0.8,4,1022723269,208,36.4613,39.1105,2.6491
600M,chip_131_404_merged.tif,0.2,0,3128526,50,35.9476,39.2228,3.2752
600M,chip_131_404_merged.tif,0.2,1,1770005543,50,36.2294,39.2153,2.9859
600M,chip_131_404_merged.tif,0.2,2,1290060025,50,33.4235,38.6201,5.1965
600M,chip_131_404_merged.tif,0.2,3,909453394,50,33.287,39.1026,5.8156
600M,chip_131_404_merged.tif,0.2,4,429507876,50,37.539,39.4191,1.8801
600M,chip_131_404_merged.tif,0.4,0,1989996841,100,36.1029,38.8974,2.7945
600M,chip_131_404_merged.tif,0.4,1,1510051323,100,34.6969,38.4645,3.7676
600M,chip_131_404_merged.tif,0.4,2,1129444692,100,34.4647,38.5462,4.0814
600M,chip_131_404_merged.tif,0.4,3,748838061,100,35.1685,36.8259,1.6574
600M,chip_131_404_merged.tif,0.4,4,268892543,100,34.465,38.7623,4.2973
600M,chip_131_404_merged.tif,0.6,0,1246698634,154,35.0929,38.4497,3.3568
600M,chip_131_404_merged.tif,0.6,1,866092003,154,34.7144,38.1124,3.398
600M,chip_131_404_merged.tif,0.6,2,386146485,154,35.7769,38.4138,2.637
600M,chip_131_404_merged.tif,0.6,3,5539854,154,35.4484,35.8088,0.3604
600M,chip_131_404_merged.tif,0.6,4,1673077984,154,34.9697,38.2697,3.3
600M,chip_131_404_merged.tif,0.8,0,764106438,208,35.4746,36.5911,1.1165
600M,chip_131_404_merged.tif,0.8,1,383499807,208,34.7853,36.5103,1.725
600M,chip_131_404_merged.tif,0.8,2,2051037937,208,35.5359,35.9117,0.3758
600M,chip_131_404_merged.tif,0.8,3,1670431306,208,35.5365,36.2079,0.6714
600M,chip_131_404_merged.tif,0.8,4,1190485788,208,34.7852,37.2865,2.5014
600M,chip_131_429_merged.tif,0.2,0,205334093,50,35.2495,37.113,1.8635
600M,chip_131_429_merged.tif,0.2,1,1972211110,50,35.4758,36.6332,1.1574
600M,chip_131_429_merged.tif,0.2,2,1492265592,50,32.8882,37.6501,4.7619
600M,chip_131_429_merged.tif,0.2,3,1111658961,50,33.0754,36.0006,2.9252
600M,chip_131_429_merged.tif,0.2,4,631713443,50,34.5419,36.6644,2.1225
600M,chip_131_429_merged.tif,0.4,0,44718760,100,33.0246,36.368,3.3434
600M,chip_131_429_merged.tif,0.4,1,1712256890,100,32.942,36.4626,3.5206
600M,chip_131_429_merged.tif,0.4,2,1331650259,100,33.1621,36.1956,3.0335
600M,chip_131_429_merged.tif,0.4,3,851704741,100,33.7068,36.0604,2.3537
600M,chip_131_429_merged.tif,0.4,4,471098110,100,32.564,35.8605,3.2966
600M,chip_131_429_merged.tif,0.6,0,1448904201,154,32.3094,35.3648,3.0554
600M,chip_131_429_merged.tif,0.6,1,968958683,154,31.8429,35.4614,3.6185
600M,chip_131_429_merged.tif,0.6,2,588352052,154,31.8097,35.9184,4.1087
600M,chip_131_429_merged.tif,0.6,3,108406534,154,33.1356,35.2084,2.0728
600M,chip_131_429_merged.tif,0.6,4,1875283551,154,33.6735,35.6724,1.9989
600M,chip_131_429_merged.tif,0.8,0,966312005,208,31.6151,34.8271,3.2121
600M,chip_131_429_merged.tif,0.8,1,585705374,208,31.8732,35.1525,3.2793
600M,chip_131_429_merged.tif,0.8,2,105759856,208,31.5084,34.0986,2.5902
600M,chip_131_429_merged.tif,0.8,3,1872636873,208,31.5088,34.49,2.9812
600M,chip_131_429_merged.tif,0.8,4,1392691355,208,31.5094,34.2519,2.7425
600M,chip_131_445_merged.tif,0.2,0,1019094525,50,37.7295,39.6385,1.9089
600M,chip_131_445_merged.tif,0.2,1,539149007,50,37.3559,38.7555,1.3996
600M,chip_131_445_merged.tif,0.2,2,158542376,50,34.9023,38.957,4.0548
600M,chip_131_445_merged.tif,0.2,3,1826080506,50,35.9185,40.796,4.8775
600M,chip_131_445_merged.tif,0.2,4,1445473875,50,36.5384,40.8061,4.2678
600M,chip_131_445_merged.tif,0.4,0,759140305,100,38.4023,40.1034,1.7011
600M,chip_131_445_merged.tif,0.4,1,378533674,100,37.3907,39.4711,2.0805
600M,chip_131_445_merged.tif,0.4,2,2145410691,100,37.5793,39.8718,2.2925
600M,chip_131_445_merged.tif,0.4,3,1665465173,100,38.7338,39.2948,0.561
600M,chip_131_445_merged.tif,0.4,4,1284858542,100,37.9764,40.105,2.1286
600M,chip_131_445_merged.tif,0.6,0,15842098,154,37.6274,38.2865,0.6591
600M,chip_131_445_merged.tif,0.6,1,1782719115,154,37.4285,38.9928,1.5643
600M,chip_131_445_merged.tif,0.6,2,1402112484,154,37.6283,39.1377,1.5094
600M,chip_131_445_merged.tif,0.6,3,922166966,154,37.6716,38.6487,0.9771
600M,chip_131_445_merged.tif,0.6,4,541560335,154,37.1061,39.4124,2.3063
600M,chip_131_445_merged.tif,0.8,0,1780072437,208,37.0319,38.4363,1.4044
600M,chip_131_445_merged.tif,0.8,1,1300126919,208,36.6664,39.2128,2.5464
600M,chip_131_445_merged.tif,0.8,2,919520288,208,37.0324,38.0702,1.0378
600M,chip_131_445_merged.tif,0.8,3,439574770,208,37.0325,37.8093,0.7768
600M,chip_131_445_merged.tif,0.8,4,58968139,208,36.667,37.9493,1.2823
600M,chip_131_472_merged.tif,0.2,0,1990278955,50,33.5292,35.7484,2.2192
600M,chip_131_472_merged.tif,0.2,1,1510333437,50,32.0556,35.113,3.0574
600M,chip_131_472_merged.tif,0.2,2,1129726806,50,32.9985,35.9922,2.9937
600M,chip_131_472_merged.tif,0.2,3,649781288,50,32.369,35.2114,2.8424
600M,chip_131_472_merged.tif,0.2,4,269174657,50,32.3703,36.2119,3.8416
600M,chip_131_472_merged.tif,0.4,0,1730324735,100,30.0173,35.507,5.4897
600M,chip_131_472_merged.tif,0.4,1,1349718104,100,32.7262,35.1319,2.4057
600M,chip_131_472_merged.tif,0.4,2,869772586,100,31.9965,34.1703,2.1738
600M,chip_131_472_merged.tif,0.4,3,489165955,100,33.1717,35.7984,2.6267
600M,chip_131_472_merged.tif,0.4,4,108559324,100,32.1365,35.2701,3.1336
600M,chip_131_472_merged.tif,0.6,0,987026528,154,32.2942,34.1941,1.8998
600M,chip_131_472_merged.tif,0.6,1,606419897,154,32.7848,34.4876,1.7028
600M,chip_131_472_merged.tif,0.6,2,126474379,154,31.9344,34.913,2.9785
600M,chip_131_472_merged.tif,0.6,3,1893351396,154,32.3598,34.4179,2.0582
600M,chip_131_472_merged.tif,0.6,4,1512744765,154,32.4066,34.5126,2.106
600M,chip_131_472_merged.tif,0.8,0,603773219,208,31.2096,33.0991,1.8894
600M,chip_131_472_merged.tif,0.8,1,123827701,208,31.2101,33.0941,1.884
600M,chip_131_472_merged.tif,0.8,2,1890704718,208,30.1544,32.2365,2.0822
600M,chip_131_472_merged.tif,0.8,3,1410759200,208,31.2095,33.0149,1.8054
600M,chip_131_472_merged.tif,0.8,4,1030152569,208,31.3804,32.7609,1.3805
600M,chip_131_477_merged.tif,0.2,0,311602424,50,37.0233,39.4082,2.3849
600M,chip_131_477_merged.tif,0.2,1,2078479441,50,38.0158,37.9628,-0.053
600M,chip_131_477_merged.tif,0.2,2,1598533923,50,38.0972,40.0004,1.9032
600M,chip_131_477_merged.tif,0.2,3,1217927292,50,38.0803,39.2939,1.2136
600M,chip_131_477_merged.tif,0.2,4,837320661,50,38.0319,39.6895,1.6576
600M,chip_131_477_merged.tif,0.4,0,150987091,100,37.6366,39.5639,1.9272
600M,chip_131_477_merged.tif,0.4,1,1917864108,100,38.2082,39.1616,0.9534
600M,chip_131_477_merged.tif,0.4,2,1437918590,100,37.7315,39.9824,2.2509
600M,chip_131_477_merged.tif,0.4,3,1057311959,100,36.4455,39.5981,3.1526
600M,chip_131_477_merged.tif,0.4,4,577366441,100,37.7328,38.8081,1.0752
600M,chip_131_477_merged.tif,0.6,0,1555172532,154,37.1153,38.3414,1.226
600M,chip_131_477_merged.tif,0.6,1,1174565901,154,37.4569,38.8372,1.3803
600M,chip_131_477_merged.tif,0.6,2,694620383,154,36.2615,38.5271,2.2656
600M,chip_131_477_merged.tif,0.6,3,314013752,154,37.654,38.6074,0.9534
600M,chip_131_477_merged.tif,0.6,4,1981551882,154,37.0044,39.3568,2.3525
600M,chip_131_477_merged.tif,0.8,0,1072580336,208,36.9004,37.6566,0.7562
600M,chip_131_477_merged.tif,0.8,1,691973705,208,35.341,37.965,2.624
600M,chip_131_477_merged.tif,0.8,2,212028187,208,35.3426,37.4976,2.155
600M,chip_131_477_merged.tif,0.8,3,1978905204,208,36.1455,38.1781,2.0326
600M,chip_131_477_merged.tif,0.8,4,1598298573,208,36.7908,37.7316,0.9408
600M,chip_133_303_merged.tif,0.2,0,937860110,50,40.5986,40.6481,0.0495
600M,chip_133_303_merged.tif,0.2,1,457914592,50,38.1366,40.726,2.5894
600M,chip_133_303_merged.tif,0.2,2,77307961,50,38.0024,40.5237,2.5212
600M,chip_133_303_merged.tif,0.2,3,1744846091,50,38.7726,39.9404,1.1678
600M,chip_133_303_merged.tif,0.2,4,1364239460,50,37.2228,41.0639,3.8411
600M,chip_133_303_merged.tif,0.4,0,677905890,100,39.0737,40.344,1.2703
600M,chip_133_303_merged.tif,0.4,1,297299259,100,39.2045,39.7346,0.53
600M,chip_133_303_merged.tif,0.4,2,2064176276,100,40.2179,40.144,-0.074
600M,chip_133_303_merged.tif,0.4,3,1584230758,100,39.3207,39.4848,0.1641
600M,chip_133_303_merged.tif,0.4,4,1203624127,100,34.4638,39.5564,5.0926
600M,chip_133_303_merged.tif,0.6,0,2082091331,154,34.9835,39.4965,4.513
600M,chip_133_303_merged.tif,0.6,1,1701484700,154,35.1346,40.0958,4.9612
600M,chip_133_303_merged.tif,0.6,2,1320878069,154,35.5581,39.3595,3.8014
600M,chip_133_303_merged.tif,0.6,3,840932551,154,35.4632,38.8582,3.3949
600M,chip_133_303_merged.tif,0.6,4,460325920,154,34.5927,38.5899,3.9972
600M,chip_133_303_merged.tif,0.8,0,1698838022,208,35.4725,35.8623,0.3898
600M,chip_133_303_merged.tif,0.8,1,1218892504,208,34.8128,37.6922,2.8794
600M,chip_133_303_merged.tif,0.8,2,838285873,208,34.6209,36.6384,2.0175
600M,chip_133_303_merged.tif,0.8,3,358340355,208,35.4725,37.8559,2.3835
600M,chip_133_303_merged.tif,0.8,4,2125217372,208,34.8136,36.83,2.0164
600M,chip_133_340_merged.tif,0.2,0,915794122,50,34.8906,33.6412,-1.2494
600M,chip_133_340_merged.tif,0.2,1,435848604,50,32.9545,34.9661,2.0115
600M,chip_133_340_merged.tif,0.2,2,55241973,50,35.966,36.487,0.521
600M,chip_133_340_merged.tif,0.2,3,1722780103,50,33.0152,36.2656,3.2504
600M,chip_133_340_merged.tif,0.2,4,1342173472,50,36.3512,33.8727,-2.4785
600M,chip_133_340_merged.tif,0.4,0,1998002700,100,35.9546,35.043,-0.9116
600M,chip_133_340_merged.tif,0.4,1,1617396069,100,34.5316,37.048,2.5164
600M,chip_133_340_merged.tif,0.4,2,1137450551,100,34.2042,36.052,1.8477
600M,chip_133_340_merged.tif,0.4,3,756843920,100,34.0278,36.1298,2.102
600M,chip_133_340_merged.tif,0.4,4,276898402,100,35.9548,35.5179,-0.4369
600M,chip_133_340_merged.tif,0.6,0,2060025343,154,34.671,34.9637,0.2927
600M,chip_133_340_merged.tif,0.6,1,1679418712,154,34.2115,34.9458,0.7344
600M,chip_133_340_merged.tif,0.6,2,1298812081,154,33.5495,34.3109,0.7614
600M,chip_133_340_merged.tif,0.6,3,818866563,154,34.6331,35.6986,1.0655
600M,chip_133_340_merged.tif,0.6,4,438259932,154,34.671,35.1722,0.5012
600M,chip_133_340_merged.tif,0.8,0,1676772034,208,32.2791,34.5231,2.2439
600M,chip_133_340_merged.tif,0.8,1,1196826516,208,31.367,33.7233,2.3563
600M,chip_133_340_merged.tif,0.8,2,816219885,208,32.279,33.2717,0.9927
600M,chip_133_340_merged.tif,0.8,3,336274367,208,33.4083,33.4837,0.0754
600M,chip_133_340_merged.tif,0.8,4,2103151384,208,32.2792,33.2746,0.9955
600M,chip_133_473_merged.tif,0.2,0,1588466715,50,32.7206,34.9165,2.1959
600M,chip_133_473_merged.tif,0.2,1,1207860084,50,32.5584,34.6881,2.1297
600M,chip_133_473_merged.tif,0.2,2,727914566,50,32.4217,34.7649,2.3432
600M,chip_133_473_merged.tif,0.2,3,347307935,50,33.4832,34.4437,0.9605
600M,chip_133_473_merged.tif,0.2,4,2014846065,50,31.8646,34.925,3.0604
600M,chip_133_473_merged.tif,0.4,0,1427851382,100,32.2327,34.547,2.3143
600M,chip_133_473_merged.tif,0.4,1,947905864,100,30.8833,34.0841,3.2008
600M,chip_133_473_merged.tif,0.4,2,567299233,100,30.8707,34.7015,3.8308
600M,chip_133_473_merged.tif,0.4,3,87353715,100,31.8376,34.6266,2.789
600M,chip_133_473_merged.tif,0.4,4,1854230732,100,32.379,34.7167,2.3378
600M,chip_133_473_merged.tif,0.6,0,684553175,154,31.2177,33.74,2.5223
600M,chip_133_473_merged.tif,0.6,1,204607657,154,31.8123,33.3323,1.52
600M,chip_133_473_merged.tif,0.6,2,1971484674,154,31.8749,32.3792,0.5043
600M,chip_133_473_merged.tif,0.6,3,1590878043,154,31.4421,33.6149,2.1728
600M,chip_133_473_merged.tif,0.6,4,1110932525,154,31.8743,33.6895,1.8151
600M,chip_133_473_merged.tif,0.8,0,201960979,208,31.0625,31.9964,0.9339
600M,chip_133_473_merged.tif,0.8,1,1968837996,208,31.0624,32.4856,1.4232
600M,chip_133_473_merged.tif,0.8,2,1488892478,208,31.0623,32.7095,1.6472
600M,chip_133_473_merged.tif,0.8,3,1108285847,208,30.9198,32.2712,1.3514
600M,chip_133_473_merged.tif,0.8,4,628340329,208,31.37,32.7646,1.3946
600M,chip_134_316_merged.tif,0.2,0,1479307873,50,36.1362,39.6138,3.4777
600M,chip_134_316_merged.tif,0.2,1,1098701242,50,34.3023,39.7386,5.4363
600M,chip_134_316_merged.tif,0.2,2,618755724,50,35.7234,39.4208,3.6974
600M,chip_134_316_merged.tif,0.2,3,238149093,50,33.9492,39.469,5.5199
600M,chip_134_316_merged.tif,0.2,4,2005026110,50,37.761,38.8141,1.0531
600M,chip_134_316_merged.tif,0.4,0,513371690,100,35.0686,39.6227,4.5542
600M,chip_134_316_merged.tif,0.4,1,33426172,100,35.1586,38.655,3.4964
600M,chip_134_316_merged.tif,0.4,2,1800303189,100,34.5677,38.5747,4.007
600M,chip_134_316_merged.tif,0.4,3,1320357671,100,35.3347,38.9234,3.5887
600M,chip_134_316_merged.tif,0.4,4,939751040,100,35.099,39.0634,3.9645
600M,chip_134_316_merged.tif,0.6,0,575394333,154,35.931,38.3112,2.3802
600M,chip_134_316_merged.tif,0.6,1,194787702,154,35.5323,38.6092,3.0769
600M,chip_134_316_merged.tif,0.6,2,1862325832,154,34.4023,37.7676,3.3653
600M,chip_134_316_merged.tif,0.6,3,1481719201,154,35.5979,37.6308,2.0329
600M,chip_134_316_merged.tif,0.6,4,1001773683,154,35.7174,37.7414,2.024
600M,chip_134_316_merged.tif,0.8,0,92802137,208,33.626,37.6702,4.0442
600M,chip_134_316_merged.tif,0.8,1,1859679154,208,35.5423,37.3485,1.8062
600M,chip_134_316_merged.tif,0.8,2,1379733636,208,35.5423,35.2868,-0.2555
600M,chip_134_316_merged.tif,0.8,3,999127005,208,33.4674,36.7306,3.2631
600M,chip_134_316_merged.tif,0.8,4,618520374,208,33.6244,37.0282,3.4038
600M,chip_134_364_merged.tif,0.2,0,887087054,50,30.586,35.2339,4.6479
600M,chip_134_364_merged.tif,0.2,1,407141536,50,35.2335,34.6643,-0.5692
600M,chip_134_364_merged.tif,0.2,2,26534905,50,34.3386,33.7004,-0.6382
600M,chip_134_364_merged.tif,0.2,3,1694073035,50,29.3781,35.1436,5.7655
600M,chip_134_364_merged.tif,0.2,4,1313466404,50,30.5858,34.3265,3.7408
600M,chip_134_364_merged.tif,0.4,0,1969295632,100,30.3291,34.1057,3.7767
600M,chip_134_364_merged.tif,0.4,1,1588689001,100,30.7259,34.4268,3.7009
600M,chip_134_364_merged.tif,0.4,2,1108743483,100,32.6945,34.1951,1.5006
600M,chip_134_364_merged.tif,0.4,3,728136852,100,32.2589,35.8475,3.5886
600M,chip_134_364_merged.tif,0.4,4,248191334,100,32.2869,34.1606,1.8737
600M,chip_134_364_merged.tif,0.6,0,2031318275,154,29.9046,32.6906,2.786
600M,chip_134_364_merged.tif,0.6,1,1650711644,154,30.4524,31.982,1.5296
600M,chip_134_364_merged.tif,0.6,2,1270105013,154,30.028,32.7079,2.6799
600M,chip_134_364_merged.tif,0.6,3,790159495,154,30.4524,32.397,1.9447
600M,chip_134_364_merged.tif,0.6,4,409552864,154,31.5152,33.3928,1.8776
600M,chip_134_364_merged.tif,0.8,0,1648064966,208,29.5887,32.1745,2.5858
600M,chip_134_364_merged.tif,0.8,1,1168119448,208,29.6157,31.8201,2.2044
600M,chip_134_364_merged.tif,0.8,2,787512817,208,29.5887,31.5053,1.9166
600M,chip_134_364_merged.tif,0.8,3,307567299,208,29.8962,32.2688,2.3726
600M,chip_134_364_merged.tif,0.8,4,2074444316,208,29.5886,31.8564,2.2678
600M,chip_135_434_merged.tif,0.2,0,518160512,50,31.2873,34.8619,3.5746
600M,chip_135_434_merged.tif,0.2,1,137553881,50,32.6112,35.1087,2.4976
600M,chip_135_434_merged.tif,0.2,2,1805092011,50,32.409,34.4018,1.9928
600M,chip_135_434_merged.tif,0.2,3,1424485380,50,32.5458,34.718,2.1722
600M,chip_135_434_merged.tif,0.2,4,944539862,50,32.6105,35.1297,2.5193
600M,chip_135_434_merged.tif,0.4,0,357545179,100,31.5545,35.0268,3.4722
600M,chip_135_434_merged.tif,0.4,1,2025083309,100,30.6559,34.8522,4.1962
600M,chip_135_434_merged.tif,0.4,2,1644476678,100,31.948,34.6615,2.7135
600M,chip_135_434_merged.tif,0.4,3,1164531160,100,32.429,34.9554,2.5264
600M,chip_135_434_merged.tif,0.4,4,783924529,100,31.5961,34.8038,3.2078
600M,chip_135_434_merged.tif,0.6,0,1761730620,154,31.9112,34.0231,2.1119
600M,chip_135_434_merged.tif,0.6,1,1281785102,154,31.9224,34.1243,2.2019
600M,chip_135_434_merged.tif,0.6,2,901178471,154,32.1838,34.1548,1.971
600M,chip_135_434_merged.tif,0.6,3,421232953,154,31.8554,34.1761,2.3207
600M,chip_135_434_merged.tif,0.6,4,40626322,154,31.9109,33.2056,1.2947
600M,chip_135_434_merged.tif,0.8,0,1279138424,208,30.5193,32.4164,1.8971
600M,chip_135_434_merged.tif,0.8,1,898531793,208,30.5193,32.1266,1.6073
600M,chip_135_434_merged.tif,0.8,2,418586275,208,31.5382,32.8354,1.2971
600M,chip_135_434_merged.tif,0.8,3,37979644,208,31.5628,32.9293,1.3665
600M,chip_135_434_merged.tif,0.8,4,1705517774,208,30.9213,32.6937,1.7724
600M,chip_135_472_merged.tif,0.2,0,1407575230,50,35.6295,35.4887,-0.1408
600M,chip_135_472_merged.tif,0.2,1,927629712,50,32.5063,35.4878,2.9815
600M,chip_135_472_merged.tif,0.2,2,547023081,50,33.3658,35.643,2.2772
600M,chip_135_472_merged.tif,0.2,3,67077563,50,35.57,35.7528,0.1827
600M,chip_135_472_merged.tif,0.2,4,1833954580,50,32.6496,35.2677,2.6182
600M,chip_135_472_merged.tif,0.4,0,1147621010,100,33.8972,35.6986,1.8015
600M,chip_135_472_merged.tif,0.4,1,767014379,100,33.9592,35.7757,1.8164
600M,chip_135_472_merged.tif,0.4,2,386407748,100,33.6688,35.6212,1.9524
600M,chip_135_472_merged.tif,0.4,3,2053945878,100,34.0844,35.5218,1.4375
600M,chip_135_472_merged.tif,0.4,4,1673339247,100,34.8698,34.7088,-0.161
600M,chip_135_472_merged.tif,0.6,0,404322803,154,34.2063,35.3309,1.1246
600M,chip_135_472_merged.tif,0.6,1,23716172,154,34.0567,35.0226,0.966
600M,chip_135_472_merged.tif,0.6,2,1790593189,154,34.175,35.2491,1.0741
600M,chip_135_472_merged.tif,0.6,3,1310647671,154,33.3679,34.7153,1.3474
600M,chip_135_472_merged.tif,0.6,4,930041040,154,32.9071,34.633,1.726
600M,chip_135_472_merged.tif,0.8,0,21069494,208,32.9932,33.5916,0.5984
600M,chip_135_472_merged.tif,0.8,1,1688607624,208,32.993,33.4661,0.4731
600M,chip_135_472_merged.tif,0.8,2,1308000993,208,33.0091,33.3148,0.3057
600M,chip_135_472_merged.tif,0.8,3,828055475,208,32.7897,34.2291,1.4395
600M,chip_135_472_merged.tif,0.8,4,447448844,208,32.9931,34.5598,1.5667
600M,chip_135_494_merged.tif,0.2,0,1116448160,50,34.6035,37.8812,3.2777
600M,chip_135_494_merged.tif,0.2,1,735841529,50,35.5697,36.9689,1.3991
600M,chip_135_494_merged.tif,0.2,2,255896011,50,35.3998,37.7342,2.3344
600M,chip_135_494_merged.tif,0.2,3,2022773028,50,35.9263,37.461,1.5347
600M,chip_135_494_merged.tif,0.2,4,1642166397,50,35.3948,37.0921,1.6973
600M,chip_135_494_merged.tif,0.4,0,150511977,100,34.3781,37.0447,2.6666
600M,chip_135_494_merged.tif,0.4,1,1818050107,100,34.0367,37.7454,3.7087
600M,chip_135_494_merged.tif,0.4,2,1437443476,100,35.4525,37.402,1.9495
600M,chip_135_494_merged.tif,0.4,3,1056836845,100,35.2526,36.7539,1.5014
600M,chip_135_494_merged.tif,0.4,4,576891327,100,34.6083,36.9841,2.3758
600M,chip_135_494_merged.tif,0.6,0,212534620,154,34.3931,36.2778,1.8847
600M,chip_135_494_merged.tif,0.6,1,1979411637,154,34.6158,36.9531,2.3373
600M,chip_135_494_merged.tif,0.6,2,1499466119,154,35.0326,35.9044,0.8718
600M,chip_135_494_merged.tif,0.6,3,1118859488,154,34.3924,37.7417,3.3493
600M,chip_135_494_merged.tif,0.6,4,638913970,154,34.2446,36.5716,2.327
600M,chip_135_494_merged.tif,0.8,0,1877426072,208,34.7333,35.8567,1.1234
600M,chip_135_494_merged.tif,0.8,1,1496819441,208,34.3051,35.659,1.354
600M,chip_135_494_merged.tif,0.8,2,1016873923,208,34.7335,35.8609,1.1274
600M,chip_135_494_merged.tif,0.8,3,636267292,208,34.305,35.5283,1.2233
600M,chip_135_494_merged.tif,0.8,4,255660661,208,34.7337,35.4141,0.6804
600M,chip_136_276_merged.tif,0.2,0,1004816869,50,34.7207,37.9542,3.2335
600M,chip_136_276_merged.tif,0.2,1,524871351,50,30.0985,36.481,6.3825
600M,chip_136_276_merged.tif,0.2,2,144264720,50,32.6137,39.4465,6.8328
600M,chip_136_276_merged.tif,0.2,3,1811802850,50,32.7956,39.2997,6.5041
600M,chip_136_276_merged.tif,0.2,4,1431196219,50,35.1709,38.2802,3.1093
600M,chip_136_276_merged.tif,0.4,0,744862649,100,32.1029,37.7782,5.6753
600M,chip_136_276_merged.tif,0.4,1,364256018,100,33.146,37.317,4.171
600M,chip_136_276_merged.tif,0.4,2,2131133035,100,28.2832,38.2311,9.9479
600M,chip_136_276_merged.tif,0.4,3,1651187517,100,28.6117,36.9379,8.3262
600M,chip_136_276_merged.tif,0.4,4,1270580886,100,32.3589,38.1482,5.7892
600M,chip_136_276_merged.tif,0.6,0,1564442,154,30.015,35.5841,5.5692
600M,chip_136_276_merged.tif,0.6,1,1768441459,154,29.7502,35.9542,6.204
600M,chip_136_276_merged.tif,0.6,2,1387834828,154,31.1972,35.7119,4.5147
600M,chip_136_276_merged.tif,0.6,3,907889310,154,29.4447,36.1381,6.6935
600M,chip_136_276_merged.tif,0.6,4,527282679,154,31.1152,35.5272,4.412
600M,chip_136_276_merged.tif,0.8,0,1765794781,208,29.2358,34.1832,4.9474
600M,chip_136_276_merged.tif,0.8,1,1285849263,208,28.5465,34.9532,6.4066
600M,chip_136_276_merged.tif,0.8,2,905242632,208,28.5468,34.078,5.5312
600M,chip_136_276_merged.tif,0.8,3,425297114,208,28.5467,33.4264,4.8797
600M,chip_136_276_merged.tif,0.8,4,44690483,208,29.8988,33.8853,3.9865
600M,chip_136_435_merged.tif,0.2,0,869250358,50,32.9839,35.384,2.4001
600M,chip_136_435_merged.tif,0.2,1,488643727,50,31.6446,35.0232,3.3786
600M,chip_136_435_merged.tif,0.2,2,108037096,50,33.3737,35.429,2.0553
600M,chip_136_435_merged.tif,0.2,3,1775575226,50,33.2953,35.4283,2.133
600M,chip_136_435_merged.tif,0.2,4,1394968595,50,31.8634,34.9868,3.1235
600M,chip_136_435_merged.tif,0.4,0,708635025,100,33.7391,35.1418,1.4026
600M,chip_136_435_merged.tif,0.4,1,328028394,100,31.0097,35.0074,3.9977
600M,chip_136_435_merged.tif,0.4,2,1995566524,100,34.2202,35.3819,1.1617
600M,chip_136_435_merged.tif,0.4,3,1614959893,100,33.9925,34.493,0.5005
600M,chip_136_435_merged.tif,0.4,4,1234353262,100,33.6301,34.9952,1.3651
600M,chip_136_435_merged.tif,0.6,0,2112820466,154,32.001,33.8589,1.8579
600M,chip_136_435_merged.tif,0.6,1,1732213835,154,31.7636,34.1332,2.3696
600M,chip_136_435_merged.tif,0.6,2,1252268317,154,29.8518,34.0724,4.2206
600M,chip_136_435_merged.tif,0.6,3,871661686,154,33.0378,33.9711,0.9334
600M,chip_136_435_merged.tif,0.6,4,491055055,154,31.89,34.4052,2.5153
600M,chip_136_435_merged.tif,0.8,0,1630228270,208,31.7053,32.8753,1.17
600M,chip_136_435_merged.tif,0.8,1,1249621639,208,29.7941,32.9253,3.1312
600M,chip_136_435_merged.tif,0.8,2,869015008,208,29.7946,33.2101,3.4155
600M,chip_136_435_merged.tif,0.8,3,389069490,208,29.7946,33.1735,3.3789
600M,chip_136_435_merged.tif,0.8,4,8462859,208,31.7051,32.9189,1.2139
600M,chip_136_471_merged.tif,0.2,0,105037243,50,32.3561,34.7831,2.4271
600M,chip_136_471_merged.tif,0.2,1,1871914260,50,32.9743,35.2551,2.2808
600M,chip_136_471_merged.tif,0.2,2,1391968742,50,32.2342,34.3577,2.1235
600M,chip_136_471_merged.tif,0.2,3,1011362111,50,32.5229,34.8256,2.3027
600M,chip_136_471_merged.tif,0.2,4,531416593,50,33.102,34.4329,1.3309
600M,chip_136_471_merged.tif,0.4,0,1286584708,100,32.805,34.0138,1.2087
600M,chip_136_471_merged.tif,0.4,1,806639190,100,32.7001,34.316,1.6159
600M,chip_136_471_merged.tif,0.4,2,426032559,100,32.7932,34.0749,1.2817
600M,chip_136_471_merged.tif,0.4,3,2093570689,100,32.4932,34.0274,1.5342
600M,chip_136_471_merged.tif,0.4,4,1712964058,100,32.533,34.7129,2.1799
600M,chip_136_471_merged.tif,0.6,0,1348607351,154,32.3612,33.6731,1.3119
600M,chip_136_471_merged.tif,0.6,1,868661833,154,32.4176,33.9761,1.5586
600M,chip_136_471_merged.tif,0.6,2,488055202,154,31.7294,33.3909,1.6615
600M,chip_136_471_merged.tif,0.6,3,107448571,154,31.2077,33.7059,2.4983
600M,chip_136_471_merged.tif,0.6,4,1774986701,154,32.1382,33.757,1.6188
600M,chip_136_471_merged.tif,0.8,0,866015155,208,31.6521,32.7967,1.1446
600M,chip_136_471_merged.tif,0.8,1,485408524,208,31.084,32.8799,1.796
600M,chip_136_471_merged.tif,0.8,2,5463006,208,31.6633,32.9493,1.286
600M,chip_136_471_merged.tif,0.8,3,1772340023,208,31.6519,32.2744,0.6226
600M,chip_136_471_merged.tif,0.8,4,1292394505,208,31.6519,32.6679,1.0161
600M,chip_136_485_merged.tif,0.2,0,2117642408,50,37.011,39.2608,2.2498
600M,chip_136_485_merged.tif,0.2,1,1637696890,50,36.6886,39.2844,2.5959
600M,chip_136_485_merged.tif,0.2,2,1257090259,50,36.0426,35.7004,-0.3422
600M,chip_136_485_merged.tif,0.2,3,777144741,50,36.5898,38.9753,2.3854
600M,chip_136_485_merged.tif,0.2,4,396538110,50,36.4341,38.623,2.1889
600M,chip_136_485_merged.tif,0.4,0,1052367338,100,36.6185,39.0077,2.3892
600M,chip_136_485_merged.tif,0.4,1,671760707,100,36.6922,39.0953,2.403
600M,chip_136_485_merged.tif,0.4,2,191815189,100,36.3628,39.4249,3.062
600M,chip_136_485_merged.tif,0.4,3,1958692206,100,36.5647,38.391,1.8262
600M,chip_136_485_merged.tif,0.4,4,1478746688,100,36.8834,38.5009,1.6175
600M,chip_136_485_merged.tif,0.6,0,309069131,154,36.0294,38.2373,2.2079
600M,chip_136_485_merged.tif,0.6,1,2075946148,154,35.6091,37.823,2.2139
600M,chip_136_485_merged.tif,0.6,2,1596000630,154,35.6095,37.456,1.8465
600M,chip_136_485_merged.tif,0.6,3,1215393999,154,36.6222,37.0754,0.4533
600M,chip_136_485_merged.tif,0.6,4,834787368,154,35.789,38.2514,2.4624
600M,chip_136_485_merged.tif,0.8,0,1973960583,208,36.1514,37.6538,1.5024
600M,chip_136_485_merged.tif,0.8,1,1593353952,208,35.7099,36.6412,0.9313
600M,chip_136_485_merged.tif,0.8,2,1212747321,208,35.173,36.4528,1.2797
600M,chip_136_485_merged.tif,0.8,3,732801803,208,35.1729,36.5012,1.3283
600M,chip_136_485_merged.tif,0.8,4,352195172,208,35.1725,36.935,1.7625
600M,chip_136_495_merged.tif,0.2,0,2133885015,50,35.8201,38.9662,3.1462
600M,chip_136_495_merged.tif,0.2,1,1753278384,50,36.711,37.8745,1.1635
600M,chip_136_495_merged.tif,0.2,2,1273332866,50,36.0944,39.5239,3.4295
600M,chip_136_495_merged.tif,0.2,3,892726235,50,35.1966,38.6134,3.4168
600M,chip_136_495_merged.tif,0.2,4,412780717,50,36.6907,38.4943,1.8036
600M,chip_136_495_merged.tif,0.4,0,1973269682,100,35.6299,39.2488,3.6188
600M,chip_136_495_merged.tif,0.4,1,1493324164,100,36.586,38.263,1.677
600M,chip_136_495_merged.tif,0.4,2,1112717533,100,36.2823,38.0292,1.7469
600M,chip_136_495_merged.tif,0.4,3,632772015,100,36.2185,39.4013,3.1828
600M,chip_136_495_merged.tif,0.4,4,252165384,100,35.6836,39.0077,3.324
600M,chip_136_495_merged.tif,0.6,0,1229971475,154,35.7081,38.9665,3.2584
600M,chip_136_495_merged.tif,0.6,1,750025957,154,35.9463,38.4657,2.5195
600M,chip_136_495_merged.tif,0.6,2,369419326,154,35.8404,37.7766,1.9361
600M,chip_136_495_merged.tif,0.6,3,2036957456,154,35.9463,37.7245,1.7782
600M,chip_136_495_merged.tif,0.6,4,1656350825,154,35.9523,38.0171,2.0649
600M,chip_136_495_merged.tif,0.8,0,747379279,208,35.3196,37.0182,1.6986
600M,chip_136_495_merged.tif,0.8,1,366772648,208,35.3189,37.1042,1.7853
600M,chip_136_495_merged.tif,0.8,2,2034310778,208,35.7526,37.0887,1.3362
600M,chip_136_495_merged.tif,0.8,3,1653704147,208,35.4664,37.4089,1.9426
600M,chip_136_495_merged.tif,0.8,4,1173758629,208,35.466,37.3808,1.9148
600M,chip_137_275_merged.tif,0.2,0,131108973,50,33.7355,40.2538,6.5184
600M,chip_137_275_merged.tif,0.2,1,1897985990,50,35.6417,39.805,4.1632
600M,chip_137_275_merged.tif,0.2,2,1418040472,50,34.3051,39.9404,5.6354
600M,chip_137_275_merged.tif,0.2,3,1037433841,50,34.8568,40.0313,5.1745
600M,chip_137_275_merged.tif,0.2,4,557488323,50,34.3243,40.1715,5.8472
600M,chip_137_275_merged.tif,0.4,0,1312656438,100,33.0803,39.7651,6.6849
600M,chip_137_275_merged.tif,0.4,1,832710920,100,33.538,39.5915,6.0535
600M,chip_137_275_merged.tif,0.4,2,452104289,100,33.1501,39.6054,6.4552
600M,chip_137_275_merged.tif,0.4,3,2119642419,100,34.1623,38.7644,4.6021
600M,chip_137_275_merged.tif,0.4,4,1739035788,100,33.3525,39.0573,5.7048
600M,chip_137_275_merged.tif,0.6,0,1374679081,154,35.0189,37.9391,2.9202
600M,chip_137_275_merged.tif,0.6,1,994072450,154,33.9234,38.5116,4.5881
600M,chip_137_275_merged.tif,0.6,2,514126932,154,33.396,38.6013,5.2053
600M,chip_137_275_merged.tif,0.6,3,133520301,154,33.7621,39.1922,5.4301
600M,chip_137_275_merged.tif,0.6,4,1801058431,154,34.1354,37.3965,3.2611
600M,chip_137_275_merged.tif,0.8,0,892086885,208,33.7628,37.4066,3.6438
600M,chip_137_275_merged.tif,0.8,1,511480254,208,31.8054,36.8081,5.0028
600M,chip_137_275_merged.tif,0.8,2,31534736,208,34.0481,36.4365,2.3885
600M,chip_137_275_merged.tif,0.8,3,1798411753,208,33.7621,36.3816,2.6196
600M,chip_137_275_merged.tif,0.8,4,1318466235,208,34.0474,36.3388,2.2914
600M,chip_137_437_merged.tif,0.2,0,117657497,50,32.4355,35.4702,3.0347
600M,chip_137_437_merged.tif,0.2,1,1884534514,50,32.5188,35.1326,2.6139
600M,chip_137_437_merged.tif,0.2,2,1404588996,50,34.0633,34.9243,0.8611
600M,chip_137_437_merged.tif,0.2,3,1023982365,50,34.724,35.8139,1.0898
600M,chip_137_437_merged.tif,0.2,4,544036847,50,30.7517,35.3275,4.5758
600M,chip_137_437_merged.tif,0.4,0,2104525812,100,32.5768,34.9187,2.3419
600M,chip_137_437_merged.tif,0.4,1,1624580294,100,32.1964,34.8599,2.6636
600M,chip_137_437_merged.tif,0.4,2,1243973663,100,32.6575,34.5463,1.8887
600M,chip_137_437_merged.tif,0.4,3,863367032,100,32.8253,35.2376,2.4122
600M,chip_137_437_merged.tif,0.4,4,383421514,100,31.8321,34.1918,2.3598
600M,chip_137_437_merged.tif,0.6,0,1361227605,154,32.2429,34.5747,2.3318
600M,chip_137_437_merged.tif,0.6,1,881282087,154,31.18,33.5125,2.3325
600M,chip_137_437_merged.tif,0.6,2,500675456,154,32.7824,34.2223,1.4399
600M,chip_137_437_merged.tif,0.6,3,120068825,154,32.8517,34.2648,1.4131
600M,chip_137_437_merged.tif,0.6,4,1787606955,154,32.5295,34.3094,1.78
600M,chip_137_437_merged.tif,0.8,0,878635409,208,30.9033,32.8698,1.9665
600M,chip_137_437_merged.tif,0.8,1,498028778,208,31.7015,32.9915,1.29
600M,chip_137_437_merged.tif,0.8,2,18083260,208,30.9035,32.9296,2.026
600M,chip_137_437_merged.tif,0.8,3,1784960277,208,31.7008,32.8022,1.1015
600M,chip_137_437_merged.tif,0.8,4,1305014759,208,31.701,33.1495,1.4485
600M,chip_138_426_merged.tif,0.2,0,582913330,50,33.5934,35.9876,2.3942
600M,chip_138_426_merged.tif,0.2,1,202306699,50,33.142,36.7092,3.5671
600M,chip_138_426_merged.tif,0.2,2,1969183716,50,33.0308,36.0464,3.0156
600M,chip_138_426_merged.tif,0.2,3,1489238198,50,33.0143,35.9655,2.9512
600M,chip_138_426_merged.tif,0.2,4,1108631567,50,34.001,36.1602,2.1592
600M,chip_138_426_merged.tif,0.4,0,422297997,100,32.9558,35.6533,2.6975
600M,chip_138_426_merged.tif,0.4,1,41691366,100,33.2612,35.5176,2.2564
600M,chip_138_426_merged.tif,0.4,2,1709229496,100,33.7055,35.8927,2.1873
600M,chip_138_426_merged.tif,0.4,3,1328622865,100,33.3069,36.1056,2.7987
600M,chip_138_426_merged.tif,0.4,4,848677347,100,33.8152,35.8564,2.0412
600M,chip_138_426_merged.tif,0.6,0,1826483438,154,33.5547,35.319,1.7643
600M,chip_138_426_merged.tif,0.6,1,1445876807,154,33.336,35.4821,2.1461
600M,chip_138_426_merged.tif,0.6,2,965931289,154,33.0521,35.6177,2.5656
600M,chip_138_426_merged.tif,0.6,3,585324658,154,33.0514,34.8395,1.7881
600M,chip_138_426_merged.tif,0.6,4,204718027,154,34.008,35.4559,1.4479
600M,chip_138_426_merged.tif,0.8,0,1343891242,208,33.4114,34.4462,1.0348
600M,chip_138_426_merged.tif,0.8,1,963284611,208,33.0744,34.3327,1.2584
600M,chip_138_426_merged.tif,0.8,2,582677980,208,33.0742,34.5642,1.4899
600M,chip_138_426_merged.tif,0.8,3,102732462,208,33.0744,34.9626,1.8882
600M,chip_138_426_merged.tif,0.8,4,1869609479,208,33.3302,34.5533,1.223
600M,chip_138_474_merged.tif,0.2,0,744570670,50,31.6564,33.8512,2.1948
600M,chip_138_474_merged.tif,0.2,1,363964039,50,30.5227,33.2196,2.6968
600M,chip_138_474_merged.tif,0.2,2,2031502169,50,30.2224,33.9796,3.7573
600M,chip_138_474_merged.tif,0.2,3,1650895538,50,32.1741,34.3098,2.1357
600M,chip_138_474_merged.tif,0.2,4,1270288907,50,30.6606,34.4724,3.8118
600M,chip_138_474_merged.tif,0.4,0,583955337,100,30.89,33.1723,2.2823
600M,chip_138_474_merged.tif,0.4,1,203348706,100,31.6988,32.8034,1.1046
600M,chip_138_474_merged.tif,0.4,2,1870886836,100,30.5984,33.5444,2.946
600M,chip_138_474_merged.tif,0.4,3,1490280205,100,31.0223,33.0155,1.9932
600M,chip_138_474_merged.tif,0.4,4,1010334687,100,30.7129,33.1048,2.3919
600M,chip_138_474_merged.tif,0.6,0,1988140778,154,30.5793,32.1078,1.5285
600M,chip_138_474_merged.tif,0.6,1,1607534147,154,30.5797,32.4791,1.8994
600M,chip_138_474_merged.tif,0.6,2,1127588629,154,30.5248,32.1719,1.6471
600M,chip_138_474_merged.tif,0.6,3,746981998,154,30.7102,32.1533,1.4431
600M,chip_138_474_merged.tif,0.6,4,267036480,154,30.9809,32.4397,1.4588
600M,chip_138_474_merged.tif,0.8,0,1505548582,208,29.9813,31.3472,1.3659
600M,chip_138_474_merged.tif,0.8,1,1124941951,208,30.0039,31.272,1.268
600M,chip_138_474_merged.tif,0.8,2,644996433,208,29.4917,31.3517,1.86
600M,chip_138_474_merged.tif,0.8,3,264389802,208,30.004,31.1,1.0959
600M,chip_138_474_merged.tif,0.8,4,2031266819,208,29.7198,31.1787,1.4589
600M,chip_138_494_merged.tif,0.2,0,1547042341,50,33.9517,37.4655,3.5138
600M,chip_138_494_merged.tif,0.2,1,1166435710,50,36.0359,37.1101,1.0742
600M,chip_138_494_merged.tif,0.2,2,686490192,50,36.1535,37.0241,0.8706
600M,chip_138_494_merged.tif,0.2,3,305883561,50,35.7548,37.9943,2.2395
600M,chip_138_494_merged.tif,0.2,4,1973421691,50,33.629,37.5681,3.9391
600M,chip_138_494_merged.tif,0.4,0,1386427008,100,34.6277,37.0844,2.4566
600M,chip_138_494_merged.tif,0.4,1,906481490,100,33.9789,37.8029,3.8241
600M,chip_138_494_merged.tif,0.4,2,525874859,100,34.5294,37.755,3.2256
600M,chip_138_494_merged.tif,0.4,3,45929341,100,33.9703,37.2852,3.3149
600M,chip_138_494_merged.tif,0.4,4,1812806358,100,33.9699,36.6947,2.7248
600M,chip_138_494_merged.tif,0.6,0,643128801,154,34.2032,36.2799,2.0768
600M,chip_138_494_merged.tif,0.6,1,163183283,154,34.1624,36.7143,2.5518
600M,chip_138_494_merged.tif,0.6,2,1930060300,154,32.5124,37.1931,4.6807
600M,chip_138_494_merged.tif,0.6,3,1549453669,154,32.5128,36.7059,4.1931
600M,chip_138_494_merged.tif,0.6,4,1069508151,154,33.1085,37.0394,3.9309
600M,chip_138_494_merged.tif,0.8,0,160536605,208,34.0439,34.808,0.7641
600M,chip_138_494_merged.tif,0.8,1,1927413622,208,34.0434,34.0844,0.0411
600M,chip_138_494_merged.tif,0.8,2,1447468104,208,32.3816,36.0007,3.619
600M,chip_138_494_merged.tif,0.8,3,1066861473,208,33.368,35.3691,2.0011
600M,chip_138_494_merged.tif,0.8,4,586915955,208,32.4785,35.4615,2.983
600M,chip_138_495_merged.tif,0.2,0,1507873250,50,35.358,38.3772,3.0192
600M,chip_138_495_merged.tif,0.2,1,1127266619,50,37.9169,38.1689,0.252
600M,chip_138_495_merged.tif,0.2,2,746659988,50,35.6495,37.9791,2.3296
600M,chip_138_495_merged.tif,0.2,3,266714470,50,38.2107,37.3758,-0.8349
600M,chip_138_495_merged.tif,0.2,4,2033591487,50,35.5347,37.8386,2.3038
600M,chip_138_495_merged.tif,0.4,0,541937067,100,36.8938,37.8282,0.9345
600M,chip_138_495_merged.tif,0.4,1,161330436,100,36.8959,37.6194,0.7235
600M,chip_138_495_merged.tif,0.4,2,1828868566,100,36.8931,37.9195,1.0264
600M,chip_138_495_merged.tif,0.4,3,1448261935,100,37.2655,37.5086,0.243
600M,chip_138_495_merged.tif,0.4,4,968316417,100,36.5585,38.3421,1.7836
600M,chip_138_495_merged.tif,0.6,0,1946122508,154,36.8127,37.9147,1.102
600M,chip_138_495_merged.tif,0.6,1,1565515877,154,36.6963,38.5376,1.8413
600M,chip_138_495_merged.tif,0.6,2,1085570359,154,37.1129,37.5794,0.4665
600M,chip_138_495_merged.tif,0.6,3,704963728,154,37.3566,38.0275,0.6709
600M,chip_138_495_merged.tif,0.6,4,225018210,154,37.1577,37.8224,0.6646
600M,chip_138_495_merged.tif,0.8,0,1463530312,208,36.3841,37.5048,1.1208
600M,chip_138_495_merged.tif,0.8,1,1082923681,208,36.4954,37.2756,0.7803
600M,chip_138_495_merged.tif,0.8,2,602978163,208,35.7558,37.5907,1.8349
600M,chip_138_495_merged.tif,0.8,3,222371532,208,36.3839,37.3189,0.935
600M,chip_138_495_merged.tif,0.8,4,1889909662,208,36.7291,37.2356,0.5065
600M,chip_139_390_merged.tif,0.2,0,1959260746,50,37.7205,39.6533,1.9329
600M,chip_139_390_merged.tif,0.2,1,1578654115,50,37.1003,39.1482,2.0479
600M,chip_139_390_merged.tif,0.2,2,1098708597,50,36.2677,39.2116,2.9438
600M,chip_139_390_merged.tif,0.2,3,718101966,50,37.5456,39.7026,2.157
600M,chip_139_390_merged.tif,0.2,4,238156448,50,39.0588,38.7731,-0.2857
600M,chip_139_390_merged.tif,0.4,0,1798645413,100,38.2993,39.49,1.1907
600M,chip_139_390_merged.tif,0.4,1,1318699895,100,37.6774,39.8033,2.1259
600M,chip_139_390_merged.tif,0.4,2,938093264,100,38.8755,39.4117,0.5362
600M,chip_139_390_merged.tif,0.4,3,458147746,100,38.211,39.3967,1.1857
600M,chip_139_390_merged.tif,0.4,4,77541115,100,37.8479,40.064,2.2161
600M,chip_139_390_merged.tif,0.6,0,1055347206,154,38.086,37.6497,-0.4363
600M,chip_139_390_merged.tif,0.6,1,575401688,154,38.0173,39.2095,1.1921
600M,chip_139_390_merged.tif,0.6,2,194795057,154,36.9356,37.5318,0.5962
600M,chip_139_390_merged.tif,0.6,3,1961672074,154,37.0755,37.6551,0.5796
600M,chip_139_390_merged.tif,0.6,4,1481726556,154,36.9375,39.0818,2.1443
600M,chip_139_390_merged.tif,0.8,0,572755010,208,36.3321,37.541,1.2089
600M,chip_139_390_merged.tif,0.8,1,192148379,208,36.6805,37.5898,0.9093
600M,chip_139_390_merged.tif,0.8,2,1859686509,208,36.3317,38.6619,2.3302
600M,chip_139_390_merged.tif,0.8,3,1479079878,208,36.6801,37.5136,0.8335
600M,chip_139_390_merged.tif,0.8,4,999134360,208,36.9652,37.5673,0.6021
600M,chip_139_473_merged.tif,0.2,0,1623720498,50,32.92,35.8687,2.9488
600M,chip_139_473_merged.tif,0.2,1,1243113867,50,31.2817,35.5847,4.303
600M,chip_139_473_merged.tif,0.2,2,862507236,50,30.2326,34.8343,4.6017
600M,chip_139_473_merged.tif,0.2,3,382561718,50,33.1947,35.6756,2.4809
600M,chip_139_473_merged.tif,0.2,4,1955087,50,33.1944,34.341,1.1466
600M,chip_139_473_merged.tif,0.4,0,1463105165,100,31.9652,35.9526,3.9874
600M,chip_139_473_merged.tif,0.4,1,1082498534,100,32.7998,35.0466,2.2468
600M,chip_139_473_merged.tif,0.4,2,602553016,100,30.8723,35.1984,4.3261
600M,chip_139_473_merged.tif,0.4,3,221946385,100,31.9652,34.4471,2.4819
600M,chip_139_473_merged.tif,0.4,4,1988823402,100,31.9648,35.2155,3.2507
600M,chip_139_473_merged.tif,0.6,0,719806958,154,31.3851,33.7612,2.3761
600M,chip_139_473_merged.tif,0.6,1,339200327,154,31.1549,33.7762,2.6213
600M,chip_139_473_merged.tif,0.6,2,2006738457,154,30.3627,34.8523,4.4896
600M,chip_139_473_merged.tif,0.6,3,1626131826,154,31.5411,34.3928,2.8517
600M,chip_139_473_merged.tif,0.6,4,1245525195,154,29.9381,34.5259,4.5878
600M,chip_139_473_merged.tif,0.8,0,237214762,208,29.699,32.9104,3.2114
600M,chip_139_473_merged.tif,0.8,1,2004091779,208,30.9201,33.4955,2.5754
600M,chip_139_473_merged.tif,0.8,2,1623485148,208,29.6996,33.0805,3.3809
600M,chip_139_473_merged.tif,0.8,3,1143539630,208,30.9206,33.5122,2.5915
600M,chip_139_473_merged.tif,0.8,4,762932999,208,31.7187,32.2492,0.5306
600M,chip_139_488_merged.tif,0.2,0,1402701113,50,38.3628,39.8005,1.4377
600M,chip_139_488_merged.tif,0.2,1,1022094482,50,39.4426,38.8869,-0.5556
600M,chip_139_488_merged.tif,0.2,2,542148964,50,37.2966,39.2369,1.9403
600M,chip_139_488_merged.tif,0.2,3,161542333,50,38.9473,38.5938,-0.3535
600M,chip_139_488_merged.tif,0.2,4,1829080463,50,39.0112,39.5277,0.5165
600M,chip_139_488_merged.tif,0.4,0,1242085780,100,38.4354,39.192,0.7566
600M,chip_139_488_merged.tif,0.4,1,762140262,100,35.8185,39.425,3.6065
600M,chip_139_488_merged.tif,0.4,2,381533631,100,38.8996,39.3968,0.4973
600M,chip_139_488_merged.tif,0.4,3,927000,100,38.91,38.9449,0.0349
600M,chip_139_488_merged.tif,0.4,4,1668465130,100,39.2419,38.6097,-0.6322
600M,chip_139_488_merged.tif,0.6,0,498787573,154,37.8436,38.0382,0.1946
600M,chip_139_488_merged.tif,0.6,1,118180942,154,38.3688,37.5923,-0.7765
600M,chip_139_488_merged.tif,0.6,2,1785719072,154,37.7831,38.3962,0.6131
600M,chip_139_488_merged.tif,0.6,3,1405112441,154,36.8779,37.7174,0.8395
600M,chip_139_488_merged.tif,0.6,4,925166923,154,37.7836,38.601,0.8174
600M,chip_139_488_merged.tif,0.8,0,16195377,208,35.4948,37.184,1.6892
600M,chip_139_488_merged.tif,0.8,1,1783072394,208,37.3639,37.9464,0.5825
600M,chip_139_488_merged.tif,0.8,2,1303126876,208,36.9258,37.5941,0.6683
600M,chip_139_488_merged.tif,0.8,3,922520245,208,37.6747,38.0236,0.3489
600M,chip_139_488_merged.tif,0.8,4,442574727,208,36.9255,37.2667,0.3413
600M,chip_139_491_merged.tif,0.2,0,1007428233,50,37.5109,39.5887,2.0778
600M,chip_139_491_merged.tif,0.2,1,527482715,50,34.1525,39.331,5.1785
600M,chip_139_491_merged.tif,0.2,2,146876084,50,37.2332,38.5082,1.2749
600M,chip_139_491_merged.tif,0.2,3,1814414214,50,36.3843,38.5966,2.2122
600M,chip_139_491_merged.tif,0.2,4,1433807583,50,36.0661,39.0637,2.9976
600M,chip_139_491_merged.tif,0.4,0,2089636811,100,36.1259,39.0723,2.9463
600M,chip_139_491_merged.tif,0.4,1,1709030180,100,37.5917,38.8738,1.2821
600M,chip_139_491_merged.tif,0.4,2,1229084662,100,36.8657,39.0442,2.1785
600M,chip_139_491_merged.tif,0.4,3,848478031,100,36.8206,38.6842,1.8636
600M,chip_139_491_merged.tif,0.4,4,467871400,100,36.4045,39.2361,2.8316
600M,chip_139_491_merged.tif,0.6,0,103514693,154,36.4358,38.1424,1.7066
600M,chip_139_491_merged.tif,0.6,1,1771052823,154,36.561,38.0237,1.4627
600M,chip_139_491_merged.tif,0.6,2,1390446192,154,35.5686,38.0898,2.5212
600M,chip_139_491_merged.tif,0.6,3,910500674,154,36.4544,37.9322,1.4778
600M,chip_139_491_merged.tif,0.6,4,529894043,154,36.3438,37.4439,1.1001
600M,chip_139_491_merged.tif,0.8,0,1768406145,208,31.627,36.8003,5.1733
600M,chip_139_491_merged.tif,0.8,1,1288460627,208,34.0115,36.9751,2.9636
600M,chip_139_491_merged.tif,0.8,2,907853996,208,35.622,36.6206,0.9986
600M,chip_139_491_merged.tif,0.8,3,427908478,208,31.6257,36.5599,4.9343
600M,chip_139_491_merged.tif,0.8,4,47301847,208,35.6217,36.9089,1.2873
600M,chip_140_470_merged.tif,0.2,0,518751307,50,33.4402,36.0409,2.6006
600M,chip_140_470_merged.tif,0.2,1,138144676,50,33.781,35.2596,1.4787
600M,chip_140_470_merged.tif,0.2,2,1805682806,50,32.435,36.1424,3.7074
600M,chip_140_470_merged.tif,0.2,3,1425076175,50,32.4787,36.1802,3.7015
600M,chip_140_470_merged.tif,0.2,4,1044469544,50,32.1932,35.6631,3.4699
600M,chip_140_470_merged.tif,0.4,0,358135974,100,32.8811,35.3513,2.4702
600M,chip_140_470_merged.tif,0.4,1,2125012991,100,33.7713,35.5883,1.817
600M,chip_140_470_merged.tif,0.4,2,1645067473,100,33.5598,36.0585,2.4987
600M,chip_140_470_merged.tif,0.4,3,1264460842,100,32.7323,36.1436,3.4113
600M,chip_140_470_merged.tif,0.4,4,784515324,100,33.3318,35.1577,1.826
600M,chip_140_470_merged.tif,0.6,0,1762321415,154,32.6819,34.5962,1.9143
600M,chip_140_470_merged.tif,0.6,1,1381714784,154,32.7631,34.7226,1.9595
600M,chip_140_470_merged.tif,0.6,2,901769266,154,33.0389,34.5788,1.5398
600M,chip_140_470_merged.tif,0.6,3,521162635,154,32.5578,35.4154,2.8576
600M,chip_140_470_merged.tif,0.6,4,41217117,154,32.9274,34.4834,1.556
600M,chip_140_470_merged.tif,0.8,0,1279729219,208,31.5555,33.4531,1.8976
600M,chip_140_470_merged.tif,0.8,1,899122588,208,32.2639,33.6095,1.3456
600M,chip_140_470_merged.tif,0.8,2,419177070,208,32.1827,34.0352,1.8525
600M,chip_140_470_merged.tif,0.8,3,38570439,208,32.1822,33.9089,1.7267
600M,chip_140_470_merged.tif,0.8,4,1805447456,208,30.4888,33.7403,3.2515
600M,chip_141_475_merged.tif,0.2,0,1947073743,50,37.4082,38.9899,1.5817
600M,chip_141_475_merged.tif,0.2,1,1467128225,50,36.1469,39.1594,3.0125
600M,chip_141_475_merged.tif,0.2,2,1086521594,50,38.5832,38.9703,0.387
600M,chip_141_475_merged.tif,0.2,3,705914963,50,36.9441,39.1725,2.2284
600M,chip_141_475_merged.tif,0.2,4,225969445,50,36.7252,38.9816,2.2563
600M,chip_141_475_merged.tif,0.4,0,1786458410,100,36.9554,39.3217,2.3663
600M,chip_141_475_merged.tif,0.4,1,1306512892,100,37.2662,39.3703,2.1041
600M,chip_141_475_merged.tif,0.4,2,925906261,100,37.2622,39.0387,1.7765
600M,chip_141_475_merged.tif,0.4,3,445960743,100,37.9138,38.9778,1.064
600M,chip_141_475_merged.tif,0.4,4,65354112,100,36.1395,38.4112,2.2717
600M,chip_141_475_merged.tif,0.6,0,1043160203,154,37.2944,38.6781,1.3837
600M,chip_141_475_merged.tif,0.6,1,563214685,154,37.6872,38.6417,0.9546
600M,chip_141_475_merged.tif,0.6,2,182608054,154,36.5508,38.8135,2.2627
600M,chip_141_475_merged.tif,0.6,3,1850146184,154,37.6732,38.6236,0.9504
600M,chip_141_475_merged.tif,0.6,4,1469539553,154,37.6741,38.9093,1.2352
600M,chip_141_475_merged.tif,0.8,0,560568007,208,37.3367,38.1511,0.8144
600M,chip_141_475_merged.tif,0.8,1,80622489,208,36.4774,37.6313,1.1539
600M,chip_141_475_merged.tif,0.8,2,1847499506,208,37.2614,37.8651,0.6037
600M,chip_141_475_merged.tif,0.8,3,1466892875,208,37.3364,37.8113,0.4749
600M,chip_141_475_merged.tif,0.8,4,986947357,208,37.4127,38.1318,0.7191
600M,chip_141_484_merged.tif,0.2,0,1266748481,50,39.0521,39.0432,-0.0089
600M,chip_141_484_merged.tif,0.2,1,786802963,50,36.0904,39.0484,2.958
600M,chip_141_484_merged.tif,0.2,2,406196332,50,38.2106,38.7783,0.5677
600M,chip_141_484_merged.tif,0.2,3,2073734462,50,37.7841,38.1166,0.3325
600M,chip_141_484_merged.tif,0.2,4,1693127831,50,36.5696,38.7141,2.1445
600M,chip_141_484_merged.tif,0.4,0,201473411,100,36.83,38.0688,1.2388
600M,chip_141_484_merged.tif,0.4,1,1968350428,100,36.8368,37.5687,0.7319
600M,chip_141_484_merged.tif,0.4,2,1488404910,100,37.0494,38.944,1.8946
600M,chip_141_484_merged.tif,0.4,3,1107798279,100,37.0493,39.14,2.0907
600M,chip_141_484_merged.tif,0.4,4,627852761,100,36.8202,38.8085,1.9883
600M,chip_141_484_merged.tif,0.6,0,263496054,154,37.2928,39.0245,1.7317
600M,chip_141_484_merged.tif,0.6,1,2030373071,154,36.9487,38.2474,1.2987
600M,chip_141_484_merged.tif,0.6,2,1649766440,154,37.4828,37.5679,0.0851
600M,chip_141_484_merged.tif,0.6,3,1169820922,154,36.9726,38.2965,1.3239
600M,chip_141_484_merged.tif,0.6,4,789214291,154,36.3892,39.066,2.6768
600M,chip_141_484_merged.tif,0.8,0,2027726393,208,36.6378,37.2516,0.6138
600M,chip_141_484_merged.tif,0.8,1,1547780875,208,33.104,37.0359,3.9319
600M,chip_141_484_merged.tif,0.8,2,1167174244,208,36.5396,37.277,0.7374
600M,chip_141_484_merged.tif,0.8,3,687228726,208,36.6376,38.3189,1.6813
600M,chip_141_484_merged.tif,0.8,4,306622095,208,36.6374,38.0113,1.3739
600M,chip_141_491_merged.tif,0.2,0,307877200,50,35.7847,39.8541,4.0695
600M,chip_141_491_merged.tif,0.2,1,2074754217,50,36.389,39.5579,3.1689
600M,chip_141_491_merged.tif,0.2,2,1594808699,50,36.7763,39.2038,2.4275
600M,chip_141_491_merged.tif,0.2,3,1214202068,50,37.1685,38.8841,1.7155
600M,chip_141_491_merged.tif,0.2,4,734256550,50,37.182,39.2794,2.0974
600M,chip_141_491_merged.tif,0.4,0,1489424665,100,36.5759,38.5269,1.951
600M,chip_141_491_merged.tif,0.4,1,1009479147,100,36.5765,39.0247,2.4482
600M,chip_141_491_merged.tif,0.4,2,628872516,100,36.0013,38.9334,2.9321
600M,chip_141_491_merged.tif,0.4,3,148926998,100,36.3075,38.4294,2.122
600M,chip_141_491_merged.tif,0.4,4,1915804015,100,36.429,39.0031,2.5741
600M,chip_141_491_merged.tif,0.6,0,746126458,154,36.0205,38.4434,2.4228
600M,chip_141_491_merged.tif,0.6,1,266180940,154,36.355,38.4952,2.1402
600M,chip_141_491_merged.tif,0.6,2,2033057957,154,36.3548,38.4884,2.1336
600M,chip_141_491_merged.tif,0.6,3,1553112439,154,36.2714,38.3659,2.0945
600M,chip_141_491_merged.tif,0.6,4,1172505808,154,36.3858,38.5374,2.1516
600M,chip_141_491_merged.tif,0.8,0,263534262,208,35.6516,37.5633,1.9117
600M,chip_141_491_merged.tif,0.8,1,1931072392,208,35.4624,37.441,1.9786
600M,chip_141_491_merged.tif,0.8,2,1550465761,208,35.6505,37.5229,1.8725
600M,chip_141_491_merged.tif,0.8,3,1169859130,208,35.7686,37.2674,1.4988
600M,chip_141_491_merged.tif,0.8,4,689913612,208,35.7685,37.0086,1.2401
600M,chip_141_493_merged.tif,0.2,0,1647944451,50,38.5412,39.4195,0.8784
600M,chip_141_493_merged.tif,0.2,1,1267337820,50,37.8167,39.6168,1.8001
600M,chip_141_493_merged.tif,0.2,2,886731189,50,37.3493,38.9619,1.6126
600M,chip_141_493_merged.tif,0.2,3,406785671,50,38.5002,39.4889,0.9887
600M,chip_141_493_merged.tif,0.2,4,26179040,50,35.4253,38.9384,3.513
600M,chip_141_493_merged.tif,0.4,0,682008268,100,37.5199,38.2301,0.7102
600M,chip_141_493_merged.tif,0.4,1,202062750,100,35.9993,39.1118,3.1125
600M,chip_141_493_merged.tif,0.4,2,1968939767,100,37.2034,39.0436,1.8401
600M,chip_141_493_merged.tif,0.4,3,1588333136,100,37.327,38.4402,1.1132
600M,chip_141_493_merged.tif,0.4,4,1108387618,100,37.9598,38.951,0.9911
600M,chip_141_493_merged.tif,0.6,0,744030911,154,35.8585,38.4695,2.611
600M,chip_141_493_merged.tif,0.6,1,363424280,154,37.0506,38.5825,1.532
600M,chip_141_493_merged.tif,0.6,2,2030962410,154,36.4562,38.0975,1.6413
600M,chip_141_493_merged.tif,0.6,3,1650355779,154,37.8364,38.5825,0.7461
600M,chip_141_493_merged.tif,0.6,4,1170410261,154,37.1943,38.7865,1.5923
600M,chip_141_493_merged.tif,0.8,0,261438715,208,35.2103,37.4239,2.2136
600M,chip_141_493_merged.tif,0.8,1,2028315732,208,35.5903,37.405,1.8147
600M,chip_141_493_merged.tif,0.8,2,1647709101,208,36.1702,37.6624,1.4923
600M,chip_141_493_merged.tif,0.8,3,1167763583,208,36.1699,37.5294,1.3595
600M,chip_141_493_merged.tif,0.8,4,787156952,208,35.2112,37.5118,2.3006
600M,chip_142_427_merged.tif,0.2,0,2000396728,50,31.7658,35.1047,3.3389
600M,chip_142_427_merged.tif,0.2,1,1619790097,50,34.0616,34.9386,0.877
600M,chip_142_427_merged.tif,0.2,2,1139844579,50,32.0258,35.025,2.9992
600M,chip_142_427_merged.tif,0.2,3,759237948,50,32.8446,34.7353,1.8907
600M,chip_142_427_merged.tif,0.2,4,378631317,50,26.9192,35.0085,8.0893
600M,chip_142_427_merged.tif,0.4,0,1034460545,100,31.7912,35.0476,3.2564
600M,chip_142_427_merged.tif,0.4,1,554515027,100,32.7666,34.8322,2.0656
600M,chip_142_427_merged.tif,0.4,2,173908396,100,32.7774,34.58,1.8026
600M,chip_142_427_merged.tif,0.4,3,1841446526,100,32.8709,34.7746,1.9037
600M,chip_142_427_merged.tif,0.4,4,1460839895,100,31.4026,34.327,2.9244
600M,chip_142_427_merged.tif,0.6,0,1096483188,154,31.9673,33.4159,1.4485
600M,chip_142_427_merged.tif,0.6,1,715876557,154,30.7255,33.2209,2.4954
600M,chip_142_427_merged.tif,0.6,2,235931039,154,31.5645,33.2216,1.6571
600M,chip_142_427_merged.tif,0.6,3,2002808056,154,31.8647,34.5759,2.7112
600M,chip_142_427_merged.tif,0.6,4,1522862538,154,32.1488,33.4382,1.2895
600M,chip_142_427_merged.tif,0.8,0,613890992,208,30.4043,31.9097,1.5053
600M,chip_142_427_merged.tif,0.8,1,233284361,208,30.4028,31.6396,1.2368
600M,chip_142_427_merged.tif,0.8,2,1900822491,208,30.403,32.332,1.929
600M,chip_142_427_merged.tif,0.8,3,1520215860,208,30.3035,32.3142,2.0107
600M,chip_142_427_merged.tif,0.8,4,1139609229,208,29.6129,32.6414,3.0285
600M,chip_142_497_merged.tif,0.2,0,946251952,50,37.6737,38.6854,1.0118
600M,chip_142_497_merged.tif,0.2,1,466306434,50,37.2546,39.7828,2.5282
600M,chip_142_497_merged.tif,0.2,2,85699803,50,36.5565,39.3019,2.7454
600M,chip_142_497_merged.tif,0.2,3,1753237933,50,38.3724,37.3262,-1.0462
600M,chip_142_497_merged.tif,0.2,4,1372631302,50,37.9043,39.5869,1.6825
600M,chip_142_497_merged.tif,0.4,0,686297732,100,34.1976,38.8652,4.6676
600M,chip_142_497_merged.tif,0.4,1,305691101,100,34.3294,38.6078,4.2784
600M,chip_142_497_merged.tif,0.4,2,1973229231,100,33.6771,39.1783,5.5013
600M,chip_142_497_merged.tif,0.4,3,1592622600,100,34.5532,38.1989,3.6457
600M,chip_142_497_merged.tif,0.4,4,1212015969,100,34.1816,39.4333,5.2517
600M,chip_142_497_merged.tif,0.6,0,2090483173,154,34.814,37.275,2.461
600M,chip_142_497_merged.tif,0.6,1,1709876542,154,34.7678,37.9094,3.1416
600M,chip_142_497_merged.tif,0.6,2,1329269911,154,34.7849,38.0555,3.2706
600M,chip_142_497_merged.tif,0.6,3,849324393,154,34.7979,38.2027,3.4049
600M,chip_142_497_merged.tif,0.6,4,468717762,154,34.3959,38.508,4.1121
600M,chip_142_497_merged.tif,0.8,0,1707229864,208,34.919,37.3568,2.4378
600M,chip_142_497_merged.tif,0.8,1,1227284346,208,34.8755,36.161,1.2855
600M,chip_142_497_merged.tif,0.8,2,846677715,208,35.0516,37.7025,2.6509
600M,chip_142_497_merged.tif,0.8,3,366732197,208,35.0519,37.0381,1.9861
600M,chip_142_497_merged.tif,0.8,4,2133609214,208,34.9191,37.481,2.5619
600M,chip_142_498_merged.tif,0.2,0,569115513,50,32.579,36.2055,3.6265
600M,chip_142_498_merged.tif,0.2,1,188508882,50,33.6162,36.4779,2.8617
600M,chip_142_498_merged.tif,0.2,2,1856047012,50,30.6418,36.1149,5.4731
600M,chip_142_498_merged.tif,0.2,3,1475440381,50,33.5245,36.36,2.8356
600M,chip_142_498_merged.tif,0.2,4,995494863,50,31.0906,35.8941,4.8036
600M,chip_142_498_merged.tif,0.4,0,408500180,100,32.8656,35.1344,2.2688
600M,chip_142_498_merged.tif,0.4,1,2076038310,100,33.2048,35.8776,2.6728
600M,chip_142_498_merged.tif,0.4,2,1695431679,100,33.2048,35.7767,2.5719
600M,chip_142_498_merged.tif,0.4,3,1215486161,100,33.078,36.3925,3.3145
600M,chip_142_498_merged.tif,0.4,4,834879530,100,33.4881,35.7979,2.3098
600M,chip_142_498_merged.tif,0.6,0,1812685621,154,33.286,34.7829,1.4969
600M,chip_142_498_merged.tif,0.6,1,1332740103,154,33.0591,34.8757,1.8167
600M,chip_142_498_merged.tif,0.6,2,952133472,154,32.153,35.3447,3.1917
600M,chip_142_498_merged.tif,0.6,3,472187954,154,33.011,34.5761,1.5651
600M,chip_142_498_merged.tif,0.6,4,91581323,154,33.0586,35.3741,2.3155
600M,chip_142_498_merged.tif,0.8,0,1330093425,208,32.5607,35.1088,2.5481
600M,chip_142_498_merged.tif,0.8,1,850147907,208,32.5294,34.2497,1.7202
600M,chip_142_498_merged.tif,0.8,2,469541276,208,32.5296,34.1358,1.6062
600M,chip_142_498_merged.tif,0.8,3,88934645,208,32.3082,34.1498,1.8417
600M,chip_142_498_merged.tif,0.8,4,1756472775,208,32.322,34.2585,1.9365
600M,chip_143_489_merged.tif,0.2,0,1345843870,50,35.4454,38.0696,2.6242
600M,chip_143_489_merged.tif,0.2,1,865898352,50,35.6446,37.3047,1.6601
600M,chip_143_489_merged.tif,0.2,2,485291721,50,35.3829,36.0581,0.6752
600M,chip_143_489_merged.tif,0.2,3,104685090,50,35.1349,37.1339,1.9991
600M,chip_143_489_merged.tif,0.2,4,1772223220,50,34.2033,37.1246,2.9213
600M,chip_143_489_merged.tif,0.4,0,1185228537,100,34.3411,35.9019,1.5609
600M,chip_143_489_merged.tif,0.4,1,705283019,100,34.8044,37.0516,2.2471
600M,chip_143_489_merged.tif,0.4,2,324676388,100,34.466,36.7317,2.2657
600M,chip_143_489_merged.tif,0.4,3,1992214518,100,35.3167,37.2664,1.9497
600M,chip_143_489_merged.tif,0.4,4,1611607887,100,34.4505,36.3195,1.869
600M,chip_143_489_merged.tif,0.6,0,441930330,154,34.5211,35.8941,1.373
600M,chip_143_489_merged.tif,0.6,1,2109468460,154,34.2948,35.7111,1.4163
600M,chip_143_489_merged.tif,0.6,2,1728861829,154,34.6387,35.8759,1.2372
600M,chip_143_489_merged.tif,0.6,3,1248916311,154,34.2133,36.0677,1.8543
600M,chip_143_489_merged.tif,0.6,4,868309680,154,34.8797,35.9453,1.0656
600M,chip_143_489_merged.tif,0.8,0,2106821782,208,33.5317,34.8026,1.2709
600M,chip_143_489_merged.tif,0.8,1,1626876264,208,33.3371,35.2307,1.8935
600M,chip_143_489_merged.tif,0.8,2,1246269633,208,33.6618,35.1761,1.5143
600M,chip_143_489_merged.tif,0.8,3,865663002,208,33.857,35.0655,1.2085
600M,chip_143_489_merged.tif,0.8,4,385717484,208,33.8568,35.283,1.4262
600M,chip_144_472_merged.tif,0.2,0,1159114762,50,33.0361,35.3039,2.2678
600M,chip_144_472_merged.tif,0.2,1,778508131,50,33.6594,35.8669,2.2075
600M,chip_144_472_merged.tif,0.2,2,397901500,50,33.2711,35.3532,2.0821
600M,chip_144_472_merged.tif,0.2,3,2065439630,50,33.0746,36.062,2.9874
600M,chip_144_472_merged.tif,0.2,4,1684832999,50,33.1062,35.7565,2.6503
600M,chip_144_472_merged.tif,0.4,0,193178579,100,33.1552,35.3476,2.1924
600M,chip_144_472_merged.tif,0.4,1,1860716709,100,33.035,35.482,2.447
600M,chip_144_472_merged.tif,0.4,2,1480110078,100,31.7152,35.5774,3.8621
600M,chip_144_472_merged.tif,0.4,3,1099503447,100,33.0515,35.4645,2.413
600M,chip_144_472_merged.tif,0.4,4,619557929,100,33.1381,35.5172,2.3792
600M,chip_144_472_merged.tif,0.6,0,255201222,154,33.4091,34.8966,1.4876
600M,chip_144_472_merged.tif,0.6,1,2022078239,154,32.4401,35.0514,2.6114
600M,chip_144_472_merged.tif,0.6,2,1542132721,154,32.0115,34.8467,2.8352
600M,chip_144_472_merged.tif,0.6,3,1161526090,154,32.9535,34.6081,1.6547
600M,chip_144_472_merged.tif,0.6,4,780919459,154,32.745,35.1492,2.4042
600M,chip_144_472_merged.tif,0.8,0,1920092674,208,32.3323,33.6703,1.3379
600M,chip_144_472_merged.tif,0.8,1,1539486043,208,31.0384,33.4012,2.3628
600M,chip_144_472_merged.tif,0.8,2,1158879412,208,31.0373,34.5226,3.4853
600M,chip_144_472_merged.tif,0.8,3,678933894,208,31.0374,34.0073,2.9698
600M,chip_144_472_merged.tif,0.8,4,298327263,208,32.3322,33.7675,1.4353
600M,chip_144_474_merged.tif,0.2,0,28177723,50,35.1035,36.7899,1.6865
600M,chip_144_474_merged.tif,0.2,1,1695715853,50,33.0503,35.5343,2.484
600M,chip_144_474_merged.tif,0.2,2,1315109222,50,33.594,35.4551,1.8611
600M,chip_144_474_merged.tif,0.2,3,835163704,50,35.0077,36.7959,1.7882
600M,chip_144_474_merged.tif,0.2,4,454557073,50,32.5665,36.4988,3.9323
600M,chip_144_474_merged.tif,0.4,0,1915707151,100,33.5751,35.7178,2.1426
600M,chip_144_474_merged.tif,0.4,1,1535100520,100,33.4589,36.1969,2.7381
600M,chip_144_474_merged.tif,0.4,2,1055155002,100,33.2183,35.757,2.5386
600M,chip_144_474_merged.tif,0.4,3,674548371,100,33.2186,35.5271,2.3085
600M,chip_144_474_merged.tif,0.4,4,293941740,100,33.5296,35.8478,2.3181
600M,chip_144_474_merged.tif,0.6,0,1172408944,154,33.4793,34.9188,1.4395
600M,chip_144_474_merged.tif,0.6,1,791802313,154,33.1283,34.9321,1.8038
600M,chip_144_474_merged.tif,0.6,2,311856795,154,33.7202,35.0849,1.3646
600M,chip_144_474_merged.tif,0.6,3,2078733812,154,33.273,34.9549,1.6819
600M,chip_144_474_merged.tif,0.6,4,1698127181,154,33.1507,35.2723,2.1216
600M,chip_144_474_merged.tif,0.8,0,789155635,208,32.0228,34.2928,2.27
600M,chip_144_474_merged.tif,0.8,1,309210117,208,32.424,34.4479,2.0239
600M,chip_144_474_merged.tif,0.8,2,2076087134,208,32.0639,33.7838,1.7199
600M,chip_144_474_merged.tif,0.8,3,1596141616,208,32.375,34.2084,1.8334
600M,chip_144_474_merged.tif,0.8,4,1215534985,208,32.064,34.1281,2.0641
600M,chip_144_496_merged.tif,0.2,0,955456129,50,30.9768,35.1208,4.144
600M,chip_144_496_merged.tif,0.2,1,574849498,50,32.6992,35.602,2.9028
600M,chip_144_496_merged.tif,0.2,2,194242867,50,32.2629,34.6975,2.4346
600M,chip_144_496_merged.tif,0.2,3,1861780997,50,32.8925,34.5861,1.6936
600M,chip_144_496_merged.tif,0.2,4,1481174366,50,32.7677,34.8845,2.1168
600M,chip_144_496_merged.tif,0.4,0,794840796,100,33.4377,34.6516,1.2139
600M,chip_144_496_merged.tif,0.4,1,414234165,100,32.1521,34.2261,2.0739
600M,chip_144_496_merged.tif,0.4,2,2081772295,100,32.6802,34.332,1.6517
600M,chip_144_496_merged.tif,0.4,3,1701165664,100,32.7404,34.6798,1.9394
600M,chip_144_496_merged.tif,0.4,4,1221220146,100,32.4124,34.6796,2.2672
600M,chip_144_496_merged.tif,0.6,0,51542589,154,32.7221,33.7531,1.0309
600M,chip_144_496_merged.tif,0.6,1,1818419606,154,32.4663,34.2211,1.7548
600M,chip_144_496_merged.tif,0.6,2,1338474088,154,32.7223,33.5573,0.835
600M,chip_144_496_merged.tif,0.6,3,957867457,154,32.8634,33.8961,1.0327
600M,chip_144_496_merged.tif,0.6,4,477921939,154,32.7217,34.2392,1.5175
600M,chip_144_496_merged.tif,0.8,0,1716434041,208,32.1356,33.4299,1.2943
600M,chip_144_496_merged.tif,0.8,1,1335827410,208,32.4416,33.0416,0.5999
600M,chip_144_496_merged.tif,0.8,2,955220779,208,32.4423,33.1443,0.7021
600M,chip_144_496_merged.tif,0.8,3,475275261,208,32.166,33.1337,0.9677
600M,chip_144_496_merged.tif,0.8,4,94668630,208,32.1355,33.0543,0.9188
600M,chip_145_156_merged.tif,0.2,0,1803716542,50,30.014,34.8652,4.8512
600M,chip_145_156_merged.tif,0.2,1,1423109911,50,33.6339,36.2456,2.6117
600M,chip_145_156_merged.tif,0.2,2,943164393,50,33.371,35.1922,1.8211
600M,chip_145_156_merged.tif,0.2,3,562557762,50,29.743,36.2088,6.4658
600M,chip_145_156_merged.tif,0.2,4,181951131,50,33.285,36.0871,2.8021
600M,chip_145_156_merged.tif,0.4,0,1643101209,100,32.3437,35.7874,3.4437
600M,chip_145_156_merged.tif,0.4,1,1262494578,100,33.7652,34.466,0.7009
600M,chip_145_156_merged.tif,0.4,2,782549060,100,33.7658,34.4824,0.7166
600M,chip_145_156_merged.tif,0.4,3,401942429,100,30.1745,33.6769,3.5024
600M,chip_145_156_merged.tif,0.4,4,2069480559,100,29.6607,35.9205,6.2598
600M,chip_145_156_merged.tif,0.6,0,899803002,154,29.5108,34.4719,4.9611
600M,chip_145_156_merged.tif,0.6,1,519196371,154,30.7061,33.2717,2.5656
600M,chip_145_156_merged.tif,0.6,2,39250853,154,29.9675,33.7204,3.7529
600M,chip_145_156_merged.tif,0.6,3,1806127870,154,30.5507,33.7652,3.2144
600M,chip_145_156_merged.tif,0.6,4,1326182352,154,32.8523,35.1212,2.2689
600M,chip_145_156_merged.tif,0.8,0,417210806,208,29.2968,33.3259,4.0292
600M,chip_145_156_merged.tif,0.8,1,36604175,208,30.7498,32.6082,1.8584
600M,chip_145_156_merged.tif,0.8,2,1704142305,208,30.1634,31.7851,1.6217
600M,chip_145_156_merged.tif,0.8,3,1323535674,208,30.8514,32.1464,1.295
600M,chip_145_156_merged.tif,0.8,4,942929043,208,29.2968,31.8837,2.5868
600M,chip_145_372_merged.tif,0.2,0,705598076,50,39.2419,38.5713,-0.6706
600M,chip_145_372_merged.tif,0.2,1,324991445,50,36.788,38.7026,1.9146
600M,chip_145_372_merged.tif,0.2,2,1992529575,50,36.7662,39.1766,2.4105
600M,chip_145_372_merged.tif,0.2,3,1611922944,50,36.0056,37.7325,1.7269
600M,chip_145_372_merged.tif,0.2,4,1131977426,50,35.9425,39.3267,3.3842
600M,chip_145_372_merged.tif,0.4,0,1887145541,100,36.1717,38.1862,2.0145
600M,chip_145_372_merged.tif,0.4,1,1407200023,100,36.222,38.8052,2.5832
600M,chip_145_372_merged.tif,0.4,2,1026593392,100,36.9025,39.0958,2.1933
600M,chip_145_372_merged.tif,0.4,3,546647874,100,37.4094,38.3461,0.9367
600M,chip_145_372_merged.tif,0.4,4,166041243,100,36.7327,38.2531,1.5204
600M,chip_145_372_merged.tif,0.6,0,1949168184,154,37.3024,38.3093,1.0069
600M,chip_145_372_merged.tif,0.6,1,1469222666,154,36.2417,38.5493,2.3076
600M,chip_145_372_merged.tif,0.6,2,1088616035,154,37.0107,38.2631,1.2524
600M,chip_145_372_merged.tif,0.6,3,708009404,154,36.2415,38.5616,2.3201
600M,chip_145_372_merged.tif,0.6,4,228063886,154,36.6972,38.3947,1.6974
600M,chip_145_372_merged.tif,0.8,0,1466575988,208,35.9844,37.6573,1.6729
600M,chip_145_372_merged.tif,0.8,1,1085969357,208,36.7862,37.6845,0.8983
600M,chip_145_372_merged.tif,0.8,2,606023839,208,36.7859,37.582,0.7961
600M,chip_145_372_merged.tif,0.8,3,225417208,208,35.9834,37.9956,2.0122
600M,chip_145_372_merged.tif,0.8,4,1892955338,208,36.7721,38.1395,1.3674
600M,chip_145_469_merged.tif,0.2,0,1702207387,50,37.9679,37.9437,-0.0242
600M,chip_145_469_merged.tif,0.2,1,1321600756,50,36.7389,38.0821,1.3433
600M,chip_145_469_merged.tif,0.2,2,841655238,50,36.2841,38.8368,2.5528
600M,chip_145_469_merged.tif,0.2,3,461048607,50,36.8283,38.0177,1.1893
600M,chip_145_469_merged.tif,0.2,4,2128586737,50,37.282,37.8455,0.5635
600M,chip_145_469_merged.tif,0.4,0,636932317,100,38.6022,38.2854,-0.3169
600M,chip_145_469_merged.tif,0.4,1,256325686,100,38.049,37.3651,-0.6839
600M,chip_145_469_merged.tif,0.4,2,2023202703,100,38.2117,38.0326,-0.1791
600M,chip_145_469_merged.tif,0.4,3,1543257185,100,37.479,37.9939,0.5149
600M,chip_145_469_merged.tif,0.4,4,1162650554,100,38.1098,38.5046,0.3948
600M,chip_145_469_merged.tif,0.6,0,798293847,154,36.3825,37.9198,1.5373
600M,chip_145_469_merged.tif,0.6,1,318348329,154,36.8691,37.4547,0.5856
600M,chip_145_469_merged.tif,0.6,2,2085225346,154,37.0081,38.0485,1.0404
600M,chip_145_469_merged.tif,0.6,3,1605279828,154,37.3011,38.188,0.887
600M,chip_145_469_merged.tif,0.6,4,1224673197,154,37.1756,37.6093,0.4337
600M,chip_145_469_merged.tif,0.8,0,315701651,208,36.4179,37.4277,1.0098
600M,chip_145_469_merged.tif,0.8,1,2082578668,208,36.8605,37.2653,0.4049
600M,chip_145_469_merged.tif,0.8,2,1602633150,208,36.011,37.1422,1.1312
600M,chip_145_469_merged.tif,0.8,3,1222026519,208,35.8937,37.4631,1.5694
600M,chip_145_469_merged.tif,0.8,4,742081001,208,35.8935,37.2619,1.3685
600M,chip_146_340_merged.tif,0.2,0,1221020695,50,33.5668,38.5619,4.995
600M,chip_146_340_merged.tif,0.2,1,741075177,50,34.036,38.7205,4.6845
600M,chip_146_340_merged.tif,0.2,2,360468546,50,35.4991,38.1527,2.6536
600M,chip_146_340_merged.tif,0.2,3,2127345563,50,35.999,38.2895,2.2906
600M,chip_146_340_merged.tif,0.2,4,1647400045,50,34.7513,37.4833,2.732
600M,chip_146_340_merged.tif,0.4,0,1060405362,100,34.5535,38.6367,4.0832
600M,chip_146_340_merged.tif,0.4,1,580459844,100,35.0819,38.2137,3.1317
600M,chip_146_340_merged.tif,0.4,2,199853213,100,34.8408,37.5514,2.7106
600M,chip_146_340_merged.tif,0.4,3,1867391343,100,35.3911,38.3197,2.9285
600M,chip_146_340_merged.tif,0.4,4,1486784712,100,34.6623,37.7066,3.0444
600M,chip_146_340_merged.tif,0.6,0,317107155,154,33.4048,36.7343,3.3295
600M,chip_146_340_merged.tif,0.6,1,1984645285,154,34.0027,37.2842,3.2815
600M,chip_146_340_merged.tif,0.6,2,1604038654,154,33.6361,37.2394,3.6033
600M,chip_146_340_merged.tif,0.6,3,1124093136,154,33.4041,36.7802,3.376
600M,chip_146_340_merged.tif,0.6,4,743486505,154,34.0026,36.8161,2.8135
600M,chip_146_340_merged.tif,0.8,0,1981998607,208,31.4424,35.3881,3.9457
600M,chip_146_340_merged.tif,0.8,1,1502053089,208,31.4447,35.4668,4.0221
600M,chip_146_340_merged.tif,0.8,2,1121446458,208,33.7226,34.7301,1.0075
600M,chip_146_340_merged.tif,0.8,3,740839827,208,33.6488,35.7781,2.1293
600M,chip_146_340_merged.tif,0.8,4,260894309,208,31.4444,35.1954,3.7511
600M,chip_146_489_merged.tif,0.2,0,1864821190,50,34.0883,35.1445,1.0561
600M,chip_146_489_merged.tif,0.2,1,1484214559,50,34.0058,36.0615,2.0558
600M,chip_146_489_merged.tif,0.2,2,1004269041,50,35.1433,35.938,0.7947
600M,chip_146_489_merged.tif,0.2,3,623662410,50,33.4229,35.1738,1.7509
600M,chip_146_489_merged.tif,0.2,4,143716892,50,33.8698,36.5118,2.6421
600M,chip_146_489_merged.tif,0.4,0,898885007,100,32.1891,35.7014,3.5123
600M,chip_146_489_merged.tif,0.4,1,418939489,100,34.1934,36.0178,1.8244
600M,chip_146_489_merged.tif,0.4,2,38332858,100,33.2201,35.8578,2.6377
600M,chip_146_489_merged.tif,0.4,3,1705870988,100,32.3848,35.8529,3.4681
600M,chip_146_489_merged.tif,0.4,4,1325264357,100,32.3776,35.2762,2.8986
600M,chip_146_489_merged.tif,0.6,0,155586800,154,32.6172,34.7024,2.0852
600M,chip_146_489_merged.tif,0.6,1,1823124930,154,32.3439,34.5727,2.2288
600M,chip_146_489_merged.tif,0.6,2,1442518299,154,32.5482,35.3431,2.795
600M,chip_146_489_merged.tif,0.6,3,962572781,154,32.5953,34.362,1.7667
600M,chip_146_489_merged.tif,0.6,4,581966150,154,33.095,35.1939,2.0988
600M,chip_146_489_merged.tif,0.8,0,1820478252,208,31.7281,34.1116,2.3835
600M,chip_146_489_merged.tif,0.8,1,1439871621,208,32.0038,33.8693,1.8655
600M,chip_146_489_merged.tif,0.8,2,959926103,208,32.0276,33.7035,1.6759
600M,chip_146_489_merged.tif,0.8,3,579319472,208,32.0041,34.0718,2.0677
600M,chip_146_489_merged.tif,0.8,4,99373954,208,31.9533,34.1757,2.2224
600M,chip_146_494_merged.tif,0.2,0,994223761,50,34.3824,36.006,1.6236
600M,chip_146_494_merged.tif,0.2,1,514278243,50,35.0672,37.1601,2.0929
600M,chip_146_494_merged.tif,0.2,2,133671612,50,35.3452,36.0366,0.6914
600M,chip_146_494_merged.tif,0.2,3,1900548629,50,33.289,37.1166,3.8276
600M,chip_146_494_merged.tif,0.2,4,1420603111,50,33.9664,36.7833,2.8169
600M,chip_146_494_merged.tif,0.4,0,2076432339,100,32.4134,35.333,2.9197
600M,chip_146_494_merged.tif,0.4,1,1695825708,100,34.2254,35.8206,1.5952
600M,chip_146_494_merged.tif,0.4,2,1215880190,100,32.482,35.772,3.29
600M,chip_146_494_merged.tif,0.4,3,835273559,100,32.5957,35.6218,3.0261
600M,chip_146_494_merged.tif,0.4,4,454666928,100,33.8041,35.881,2.0769
600M,chip_146_494_merged.tif,0.6,0,90310221,154,33.4422,35.5327,2.0905
600M,chip_146_494_merged.tif,0.6,1,1757848351,154,32.317,35.102,2.785
600M,chip_146_494_merged.tif,0.6,2,1377241720,154,32.3162,35.232,2.9158
600M,chip_146_494_merged.tif,0.6,3,897296202,154,33.0333,34.6745,1.6412
600M,chip_146_494_merged.tif,0.6,4,516689571,154,33.0492,35.3587,2.3096
600M,chip_146_494_merged.tif,0.8,0,1755201673,208,32.3308,33.5117,1.1809
600M,chip_146_494_merged.tif,0.8,1,1275256155,208,32.1005,33.1739,1.0734
600M,chip_146_494_merged.tif,0.8,2,894649524,208,32.1004,34.0566,1.9563
600M,chip_146_494_merged.tif,0.8,3,514042893,208,32.1004,34.1175,2.0171
600M,chip_146_494_merged.tif,0.8,4,34097375,208,32.1244,33.3445,1.2201
600M,chip_146_495_merged.tif,0.2,0,338556030,50,33.3418,35.6409,2.2991
600M,chip_146_495_merged.tif,0.2,1,2105433047,50,31.3814,36.4841,5.1027
600M,chip_146_495_merged.tif,0.2,2,1724826416,50,32.8154,35.5467,2.7314
600M,chip_146_495_merged.tif,0.2,3,1244880898,50,31.5432,36.3531,4.8099
600M,chip_146_495_merged.tif,0.2,4,864274267,50,33.718,35.9777,2.2597
600M,chip_146_495_merged.tif,0.4,0,1520103495,100,31.6524,35.0878,3.4355
600M,chip_146_495_merged.tif,0.4,1,1040157977,100,32.2339,36.0925,3.8586
600M,chip_146_495_merged.tif,0.4,2,659551346,100,31.6527,35.6231,3.9704
600M,chip_146_495_merged.tif,0.4,3,278944715,100,31.9597,36.3375,4.3778
600M,chip_146_495_merged.tif,0.4,4,1946482845,100,31.6515,35.2883,3.6368
600M,chip_146_495_merged.tif,0.6,0,1582126138,154,32.1839,34.8592,2.6753
600M,chip_146_495_merged.tif,0.6,1,1201519507,154,31.8486,34.1478,2.2991
600M,chip_146_495_merged.tif,0.6,2,721573989,154,31.9438,34.811,2.8673
600M,chip_146_495_merged.tif,0.6,3,340967358,154,31.3693,34.6038,3.2346
600M,chip_146_495_merged.tif,0.6,4,2008505488,154,32.1923,35.1479,2.9556
600M,chip_146_495_merged.tif,0.8,0,1099533942,208,31.4145,34.0734,2.6589
600M,chip_146_495_merged.tif,0.8,1,718927311,208,31.4151,33.4827,2.0676
600M,chip_146_495_merged.tif,0.8,2,238981793,208,31.8986,33.5575,1.659
600M,chip_146_495_merged.tif,0.8,3,2005858810,208,32.222,33.7691,1.5471
600M,chip_146_495_merged.tif,0.8,4,1625252179,208,32.2223,33.6644,1.442
600M,chip_147_393_merged.tif,0.2,0,1895050343,50,38.9073,41.2843,2.3769
600M,chip_147_393_merged.tif,0.2,1,1415104825,50,37.8013,38.6079,0.8066
600M,chip_147_393_merged.tif,0.2,2,1034498194,50,37.1843,39.688,2.5037
600M,chip_147_393_merged.tif,0.2,3,554552676,50,36.7876,38.7287,1.941
600M,chip_147_393_merged.tif,0.2,4,173946045,50,38.0733,38.7473,0.674
600M,chip_147_393_merged.tif,0.4,0,1635096123,100,37.213,39.4889,2.2758
600M,chip_147_393_merged.tif,0.4,1,1254489492,100,37.9531,40.3576,2.4045
600M,chip_147_393_merged.tif,0.4,2,774543974,100,38.2329,39.8579,1.6249
600M,chip_147_393_merged.tif,0.4,3,393937343,100,37.953,39.7118,1.7588
600M,chip_147_393_merged.tif,0.4,4,13330712,100,37.2823,40.1148,2.8325
600M,chip_147_393_merged.tif,0.6,0,891797916,154,37.5615,39.312,1.7505
600M,chip_147_393_merged.tif,0.6,1,511191285,154,37.4309,39.5052,2.0743
600M,chip_147_393_merged.tif,0.6,2,31245767,154,37.3297,39.3384,2.0086
600M,chip_147_393_merged.tif,0.6,3,1798122784,154,37.48,39.5741,2.0941
600M,chip_147_393_merged.tif,0.6,4,1417516153,154,37.1485,39.3424,2.1939
600M,chip_147_393_merged.tif,0.8,0,508544607,208,36.8747,38.5449,1.6701
600M,chip_147_393_merged.tif,0.8,1,28599089,208,36.8832,38.1892,1.3061
600M,chip_147_393_merged.tif,0.8,2,1795476106,208,36.8747,38.5843,1.7096
600M,chip_147_393_merged.tif,0.8,3,1315530588,208,36.8744,38.527,1.6525
600M,chip_147_393_merged.tif,0.8,4,934923957,208,36.7343,38.7984,2.0641
600M,chip_147_440_merged.tif,0.2,0,82718852,50,34.3969,36.3793,1.9824
600M,chip_147_440_merged.tif,0.2,1,1849595869,50,34.0031,35.7225,1.7194
600M,chip_147_440_merged.tif,0.2,2,1369650351,50,34.3427,36.401,2.0583
600M,chip_147_440_merged.tif,0.2,3,989043720,50,34.8345,35.369,0.5345
600M,chip_147_440_merged.tif,0.2,4,608437089,50,34.7673,35.6989,0.9316
600M,chip_147_440_merged.tif,0.4,0,2069587167,100,34.4746,35.589,1.1144
600M,chip_147_440_merged.tif,0.4,1,1688980536,100,33.969,35.8911,1.9221
600M,chip_147_440_merged.tif,0.4,2,1209035018,100,32.7724,35.6922,2.9198
600M,chip_147_440_merged.tif,0.4,3,828428387,100,34.0176,35.5306,1.513
600M,chip_147_440_merged.tif,0.4,4,348482869,100,33.797,36.0654,2.2684
600M,chip_147_440_merged.tif,0.6,0,1326288960,154,33.8746,35.5195,1.6449
600M,chip_147_440_merged.tif,0.6,1,945682329,154,33.9205,34.8434,0.9228
600M,chip_147_440_merged.tif,0.6,2,465736811,154,33.3122,34.8875,1.5753
600M,chip_147_440_merged.tif,0.6,3,85130180,154,33.9102,34.7357,0.8255
600M,chip_147_440_merged.tif,0.6,4,1752668310,154,33.2591,35.506,2.2469
600M,chip_147_440_merged.tif,0.8,0,843696764,208,32.6154,34.3488,1.7334
600M,chip_147_440_merged.tif,0.8,1,463090133,208,32.616,33.7665,1.1504
600M,chip_147_440_merged.tif,0.8,2,2130628263,208,32.9029,34.2322,1.3293
600M,chip_147_440_merged.tif,0.8,3,1750021632,208,33.0533,34.0191,0.9657
600M,chip_147_440_merged.tif,0.8,4,1369415001,208,33.0532,33.8013,0.7481
600M,chip_147_479_merged.tif,0.2,0,1296987684,50,33.5835,37.2034,3.6199
600M,chip_147_479_merged.tif,0.2,1,817042166,50,31.6336,36.2413,4.6077
600M,chip_147_479_merged.tif,0.2,2,436435535,50,33.6284,36.1391,2.5107
600M,chip_147_479_merged.tif,0.2,3,2103973665,50,34.1622,37.1185,2.9564
600M,chip_147_479_merged.tif,0.2,4,1723367034,50,31.9645,36.8699,4.9054
600M,chip_147_479_merged.tif,0.4,0,1037033464,100,33.0903,35.8333,2.7431
600M,chip_147_479_merged.tif,0.4,1,656426833,100,34.0345,35.9947,1.9603
600M,chip_147_479_merged.tif,0.4,2,275820202,100,33.9101,35.4023,1.4922
600M,chip_147_479_merged.tif,0.4,3,1943358332,100,32.9735,35.8175,2.844
600M,chip_147_479_merged.tif,0.4,4,1562751701,100,33.6526,36.1754,2.5228
600M,chip_147_479_merged.tif,0.6,0,293735257,154,32.7857,35.6154,2.8297
600M,chip_147_479_merged.tif,0.6,1,2060612274,154,32.4174,35.1583,2.7409
600M,chip_147_479_merged.tif,0.6,2,1680005643,154,32.0171,35.1594,3.1423
600M,chip_147_479_merged.tif,0.6,3,1200060125,154,32.5908,35.6874,3.0966
600M,chip_147_479_merged.tif,0.6,4,819453494,154,32.5909,35.6185,3.0276
600M,chip_147_479_merged.tif,0.8,0,2057965596,208,31.7479,34.8719,3.124
600M,chip_147_479_merged.tif,0.8,1,1578020078,208,31.697,34.1116,2.4146
600M,chip_147_479_merged.tif,0.8,2,1197413447,208,32.112,33.8227,1.7107
600M,chip_147_479_merged.tif,0.8,3,717467929,208,31.7481,34.0863,2.3382
600M,chip_147_479_merged.tif,0.8,4,336861298,208,31.748,34.2106,2.4626
600M,chip_147_486_merged.tif,0.2,0,1423756026,50,33.5813,37.7757,4.1945
600M,chip_147_486_merged.tif,0.2,1,943810508,50,34.3924,36.5328,2.1404
600M,chip_147_486_merged.tif,0.2,2,563203877,50,33.3055,35.895,2.5895
600M,chip_147_486_merged.tif,0.2,3,182597246,50,33.138,35.8933,2.7553
600M,chip_147_486_merged.tif,0.2,4,1850135376,50,33.4928,36.6079,3.115
600M,chip_147_486_merged.tif,0.4,0,1263140693,100,32.3526,35.9669,3.6142
600M,chip_147_486_merged.tif,0.4,1,783195175,100,33.3859,36.3532,2.9673
600M,chip_147_486_merged.tif,0.4,2,402588544,100,32.3439,36.355,4.0111
600M,chip_147_486_merged.tif,0.4,3,2070126674,100,33.8958,36.3981,2.5023
600M,chip_147_486_merged.tif,0.4,4,1689520043,100,32.966,36.4933,3.5274
600M,chip_147_486_merged.tif,0.6,0,519842486,154,32.4446,35.2481,2.8035
600M,chip_147_486_merged.tif,0.6,1,39896968,154,33.0103,35.6978,2.6875
600M,chip_147_486_merged.tif,0.6,2,1806773985,154,32.5848,35.289,2.7041
600M,chip_147_486_merged.tif,0.6,3,1326828467,154,32.9326,34.986,2.0534
600M,chip_147_486_merged.tif,0.6,4,946221836,154,33.2132,35.657,2.4438
600M,chip_147_486_merged.tif,0.8,0,37250290,208,32.4041,34.1349,1.7308
600M,chip_147_486_merged.tif,0.8,1,1704788420,208,32.7309,33.9323,1.2014
600M,chip_147_486_merged.tif,0.8,2,1324181789,208,32.7309,33.7383,1.0074
600M,chip_147_486_merged.tif,0.8,3,943575158,208,32.4034,34.0424,1.639
600M,chip_147_486_merged.tif,0.8,4,463629640,208,32.6002,33.9851,1.3849
600M,chip_147_489_merged.tif,0.2,0,1581474451,50,35.1038,35.9299,0.8261
600M,chip_147_489_merged.tif,0.2,1,1200867820,50,32.6323,36.0494,3.4171
600M,chip_147_489_merged.tif,0.2,2,720922302,50,32.9928,35.9173,2.9245
600M,chip_147_489_merged.tif,0.2,3,340315671,50,35.2597,36.1246,0.8649
600M,chip_147_489_merged.tif,0.2,4,2107192688,50,33.0729,36.1167,3.0438
600M,chip_147_489_merged.tif,0.4,0,615538268,100,33.9903,35.1599,1.1696
600M,chip_147_489_merged.tif,0.4,1,135592750,100,33.3032,35.7253,2.422
600M,chip_147_489_merged.tif,0.4,2,1902469767,100,33.1435,35.3014,2.1579
600M,chip_147_489_merged.tif,0.4,3,1521863136,100,33.4536,35.9105,2.4568
600M,chip_147_489_merged.tif,0.4,4,1041917618,100,32.6588,36.0722,3.4134
600M,chip_147_489_merged.tif,0.6,0,677560911,154,32.9724,35.332,2.3596
600M,chip_147_489_merged.tif,0.6,1,296954280,154,32.7579,34.8115,2.0536
600M,chip_147_489_merged.tif,0.6,2,1964492410,154,32.8192,35.3959,2.5767
600M,chip_147_489_merged.tif,0.6,3,1583885779,154,32.255,35.2003,2.9453
600M,chip_147_489_merged.tif,0.6,4,1103940261,154,32.7869,35.1109,2.324
600M,chip_147_489_merged.tif,0.8,0,194968715,208,32.4071,34.0829,1.6758
600M,chip_147_489_merged.tif,0.8,1,1961845732,208,32.3682,34.0078,1.6397
600M,chip_147_489_merged.tif,0.8,2,1481900214,208,31.9655,33.8765,1.9109
600M,chip_147_489_merged.tif,0.8,3,1101293583,208,32.5485,33.9155,1.367
600M,chip_147_489_merged.tif,0.8,4,720686952,208,32.369,33.9997,1.6307
600M,chip_148_413_merged.tif,0.2,0,1667944650,50,34.7042,37.2242,2.52
600M,chip_148_413_merged.tif,0.2,1,1187999132,50,35.0914,37.5635,2.4722
600M,chip_148_413_merged.tif,0.2,2,807392501,50,34.6724,37.7082,3.0358
600M,chip_148_413_merged.tif,0.2,3,327446983,50,35.2332,38.4809,3.2477
600M,chip_148_413_merged.tif,0.2,4,2094324000,50,36.047,37.6347,1.5877
600M,chip_148_413_merged.tif,0.4,0,602669580,100,34.6185,37.1478,2.5293
600M,chip_148_413_merged.tif,0.4,1,222062949,100,35.6864,37.9887,2.3024
600M,chip_148_413_merged.tif,0.4,2,1889601079,100,34.5597,36.6914,2.1317
600M,chip_148_413_merged.tif,0.4,3,1508994448,100,34.6606,37.1903,2.5296
600M,chip_148_413_merged.tif,0.4,4,1128387817,100,34.9618,37.5551,2.5933
600M,chip_148_413_merged.tif,0.6,0,764031110,154,35.5871,37.1995,1.6124
600M,chip_148_413_merged.tif,0.6,1,284085592,154,35.3005,36.5148,1.2143
600M,chip_148_413_merged.tif,0.6,2,2050962609,154,35.5869,36.2532,0.6663
600M,chip_148_413_merged.tif,0.6,3,1571017091,154,35.3007,36.7389,1.4382
600M,chip_148_413_merged.tif,0.6,4,1190410460,154,34.9781,37.1005,2.1224
600M,chip_148_413_merged.tif,0.8,0,281438914,208,34.6301,35.812,1.1819
600M,chip_148_413_merged.tif,0.8,1,1948977044,208,34.1634,36.4903,2.327
600M,chip_148_413_merged.tif,0.8,2,1568370413,208,34.6303,36.0498,1.4195
600M,chip_148_413_merged.tif,0.8,3,1088424895,208,34.1631,36.3996,2.2366
600M,chip_148_413_merged.tif,0.8,4,707818264,208,34.6303,36.2591,1.6288
600M,chip_148_469_merged.tif,0.2,0,2002969998,50,35.0341,38.0918,3.0577
600M,chip_148_469_merged.tif,0.2,1,1622363367,50,36.8,37.9108,1.1107
600M,chip_148_469_merged.tif,0.2,2,1241756736,50,35.5712,37.9633,2.3921
600M,chip_148_469_merged.tif,0.2,3,761811218,50,37.7718,38.2495,0.4777
600M,chip_148_469_merged.tif,0.2,4,381204587,50,36.307,38.1503,1.8433
600M,chip_148_469_merged.tif,0.4,0,1037033815,100,36.3463,38.0885,1.7422
600M,chip_148_469_merged.tif,0.4,1,656427184,100,35.9359,37.3197,1.3838
600M,chip_148_469_merged.tif,0.4,2,176481666,100,35.5093,36.9313,1.422
600M,chip_148_469_merged.tif,0.4,3,1943358683,100,36.5544,37.9706,1.4162
600M,chip_148_469_merged.tif,0.4,4,1463413165,100,36.2073,38.2906,2.0833
600M,chip_148_469_merged.tif,0.6,0,1099056458,154,36.4731,36.9768,0.5038
600M,chip_148_469_merged.tif,0.6,1,718449827,154,36.4733,38.145,1.6717
600M,chip_148_469_merged.tif,0.6,2,238504309,154,34.1774,38.2924,4.115
600M,chip_148_469_merged.tif,0.6,3,2005381326,154,37.2984,38.4132,1.1148
600M,chip_148_469_merged.tif,0.6,4,1624774695,154,36.508,37.9635,1.4555
600M,chip_148_469_merged.tif,0.8,0,616464262,208,35.6703,36.8225,1.1523
600M,chip_148_469_merged.tif,0.8,1,235857631,208,36.6983,37.1209,0.4226
600M,chip_148_469_merged.tif,0.8,2,2002734648,208,36.1966,37.2666,1.07
600M,chip_148_469_merged.tif,0.8,3,1522789130,208,36.197,37.3813,1.1843
600M,chip_148_469_merged.tif,0.8,4,1142182499,208,34.1576,37.5005,3.3428
600M,chip_148_478_merged.tif,0.2,0,2034937159,50,34.3793,36.3695,1.9902
600M,chip_148_478_merged.tif,0.2,1,1654330528,50,34.0631,36.5552,2.4922
600M,chip_148_478_merged.tif,0.2,2,1174385010,50,34.5308,36.7308,2.2
600M,chip_148_478_merged.tif,0.2,3,793778379,50,34.6984,36.9757,2.2773
600M,chip_148_478_merged.tif,0.2,4,313832861,50,32.5507,35.538,2.9873
600M,chip_148_478_merged.tif,0.4,0,1874321826,100,33.5961,36.773,3.1768
600M,chip_148_478_merged.tif,0.4,1,1394376308,100,33.8182,36.31,2.4918
600M,chip_148_478_merged.tif,0.4,2,1013769677,100,33.7638,36.5628,2.799
600M,chip_148_478_merged.tif,0.4,3,633163046,100,34.3938,36.7277,2.3338
600M,chip_148_478_merged.tif,0.4,4,153217528,100,34.1885,37.0283,2.8398
600M,chip_148_478_merged.tif,0.6,0,1131023619,154,34.4012,36.3013,1.9001
600M,chip_148_478_merged.tif,0.6,1,651078101,154,34.032,35.7089,1.6769
600M,chip_148_478_merged.tif,0.6,2,270471470,154,33.9306,35.8938,1.9633
600M,chip_148_478_merged.tif,0.6,3,2037348487,154,34.3469,36.0903,1.7434
600M,chip_148_478_merged.tif,0.6,4,1557402969,154,34.032,35.8166,1.7846
600M,chip_148_478_merged.tif,0.8,0,648431423,208,33.7643,35.0402,1.276
600M,chip_148_478_merged.tif,0.8,1,267824792,208,33.7642,34.993,1.2288
600M,chip_148_478_merged.tif,0.8,2,1935362922,208,33.217,34.8707,1.6537
600M,chip_148_478_merged.tif,0.8,3,1554756291,208,33.7811,34.8529,1.0718
600M,chip_148_478_merged.tif,0.8,4,1074810773,208,33.2179,35.0946,1.8766
600M,chip_148_483_merged.tif,0.2,0,1057752101,50,31.8547,35.1743,3.3196
600M,chip_148_483_merged.tif,0.2,1,677145470,50,30.3132,34.9084,4.5953
600M,chip_148_483_merged.tif,0.2,2,197199952,50,34.4191,34.537,0.1179
600M,chip_148_483_merged.tif,0.2,3,1964076969,50,32.3912,35.2468,2.8556
600M,chip_148_483_merged.tif,0.2,4,1583470338,50,33.8724,35.3817,1.5093
600M,chip_148_483_merged.tif,0.4,0,897136768,100,32.3116,34.6202,2.3086
600M,chip_148_483_merged.tif,0.4,1,516530137,100,32.601,34.5178,1.9169
600M,chip_148_483_merged.tif,0.4,2,36584619,100,32.6893,34.5533,1.864
600M,chip_148_483_merged.tif,0.4,3,1803461636,100,32.5704,34.6386,2.0682
600M,chip_148_483_merged.tif,0.4,4,1323516118,100,32.1615,35.4146,3.2532
600M,chip_148_483_merged.tif,0.6,0,153838561,154,32.3678,34.3333,1.9655
600M,chip_148_483_merged.tif,0.6,1,1920715578,154,32.5859,33.9166,1.3306
600M,chip_148_483_merged.tif,0.6,2,1440770060,154,32.7123,34.2948,1.5824
600M,chip_148_483_merged.tif,0.6,3,1060163429,154,32.4592,33.302,0.8427
600M,chip_148_483_merged.tif,0.6,4,580217911,154,31.5567,34.3464,2.7896
600M,chip_148_483_merged.tif,0.8,0,1818730013,208,31.7256,33.2333,1.5077
600M,chip_148_483_merged.tif,0.8,1,1438123382,208,31.7279,32.812,1.0841
600M,chip_148_483_merged.tif,0.8,2,958177864,208,31.7254,32.5095,0.7841
600M,chip_148_483_merged.tif,0.8,3,577571233,208,32.022,32.5128,0.4908
600M,chip_148_483_merged.tif,0.8,4,196964602,208,31.7251,31.8231,0.098
600M,chip_151_240_merged.tif,0.2,0,312009402,50,30.6307,36.5911,5.9604
600M,chip_151_240_merged.tif,0.2,1,1979547532,50,29.6987,36.7402,7.0415
600M,chip_151_240_merged.tif,0.2,2,1598940901,50,31.6411,37.2217,5.5806
600M,chip_151_240_merged.tif,0.2,3,1118995383,50,32.6043,37.3583,4.7541
600M,chip_151_240_merged.tif,0.2,4,738388752,50,33.7946,36.5833,2.7887
600M,chip_151_240_merged.tif,0.4,0,541279117,100,31.0759,36.7896,5.7137
600M,chip_151_240_merged.tif,0.4,1,160672486,100,30.7881,36.686,5.8979
600M,chip_151_240_merged.tif,0.4,2,1828210616,100,31.9111,37.0512,5.1401
600M,chip_151_240_merged.tif,0.4,3,1447603985,100,31.7108,36.5277,4.8169
600M,chip_151_240_merged.tif,0.4,4,1066997354,100,29.4925,35.3669,5.8744
600M,chip_151_240_merged.tif,0.6,0,1456240623,154,29.8251,35.3182,5.4931
600M,chip_151_240_merged.tif,0.6,1,1075633992,154,29.8258,35.4181,5.5922
600M,chip_151_240_merged.tif,0.6,2,595688474,154,30.4449,35.7915,5.3467
600M,chip_151_240_merged.tif,0.6,3,215081843,154,30.6526,34.6463,3.9938
600M,chip_151_240_merged.tif,0.6,4,1981958860,154,30.4209,34.854,4.4331
600M,chip_151_240_merged.tif,0.8,0,220048451,208,30.0128,33.1876,3.1748
600M,chip_151_240_merged.tif,0.8,1,1887586581,208,30.0137,33.1881,3.1744
600M,chip_151_240_merged.tif,0.8,2,1506979950,208,30.2932,33.5763,3.283
600M,chip_151_240_merged.tif,0.8,3,1126373319,208,30.0134,32.4801,2.4666
600M,chip_151_240_merged.tif,0.8,4,646427801,208,30.0177,32.1678,2.15
600M,chip_151_248_merged.tif,0.2,0,717391648,50,31.2914,37.512,6.2206
600M,chip_151_248_merged.tif,0.2,1,237446130,50,33.8338,36.2341,2.4003
600M,chip_151_248_merged.tif,0.2,2,2004323147,50,34.602,35.0178,0.4159
600M,chip_151_248_merged.tif,0.2,3,1524377629,50,29.6585,36.7311,7.0726
600M,chip_151_248_merged.tif,0.2,4,1143770998,50,31.8422,36.2339,4.3917
600M,chip_151_248_merged.tif,0.4,0,457437428,100,32.5131,35.6945,3.1815
600M,chip_151_248_merged.tif,0.4,1,76830797,100,32.6817,35.3826,2.7009
600M,chip_151_248_merged.tif,0.4,2,1744368927,100,30.0429,34.9159,4.8731
600M,chip_151_248_merged.tif,0.4,3,1363762296,100,28.7018,35.6857,6.9839
600M,chip_151_248_merged.tif,0.4,4,983155665,100,33.9321,35.9893,2.0573
600M,chip_151_248_merged.tif,0.6,0,1861622869,154,31.0744,35.4257,4.3513
600M,chip_151_248_merged.tif,0.6,1,1481016238,154,31.3929,34.7793,3.3864
600M,chip_151_248_merged.tif,0.6,2,1001070720,154,31.0934,34.3829,3.2895
600M,chip_151_248_merged.tif,0.6,3,620464089,154,31.4255,32.7635,1.338
600M,chip_151_248_merged.tif,0.6,4,239857458,154,30.8652,35.6979,4.8327
600M,chip_151_248_merged.tif,0.8,0,1478369560,208,30.0115,31.9802,1.9687
600M,chip_151_248_merged.tif,0.8,1,998424042,208,29.2216,31.962,2.7404
600M,chip_151_248_merged.tif,0.8,2,617817411,208,30.0106,31.1595,1.1489
600M,chip_151_248_merged.tif,0.8,3,137871893,208,29.9574,32.5488,2.5914
600M,chip_151_248_merged.tif,0.8,4,1904748910,208,30.0119,31.6603,1.6484
600M,chip_151_418_merged.tif,0.2,0,1401210341,50,34.4221,37.4759,3.0539
600M,chip_151_418_merged.tif,0.2,1,1020603710,50,34.8908,36.9434,2.0526
600M,chip_151_418_merged.tif,0.2,2,540658192,50,34.9331,37.5366,2.6035
600M,chip_151_418_merged.tif,0.2,3,160051561,50,35.1997,37.7779,2.5782
600M,chip_151_418_merged.tif,0.2,4,1926928578,50,36.5542,36.9234,0.3692
600M,chip_151_418_merged.tif,0.4,0,435274158,100,34.5473,37.0348,2.4875
600M,chip_151_418_merged.tif,0.4,1,2102812288,100,34.4898,36.4106,1.9208
600M,chip_151_418_merged.tif,0.4,2,1722205657,100,35.9345,35.9378,0.0032
600M,chip_151_418_merged.tif,0.4,3,1242260139,100,32.2632,36.5118,4.2486
600M,chip_151_418_merged.tif,0.4,4,861653508,100,34.9883,36.5811,1.5929
600M,chip_151_418_merged.tif,0.6,0,497296801,154,34.0799,36.1396,2.0597
600M,chip_151_418_merged.tif,0.6,1,116690170,154,34.3154,36.419,2.1036
600M,chip_151_418_merged.tif,0.6,2,1784228300,154,34.3934,35.6175,1.2241
600M,chip_151_418_merged.tif,0.6,3,1403621669,154,32.4732,35.9941,3.5209
600M,chip_151_418_merged.tif,0.6,4,923676151,154,33.9679,35.2876,1.3197
600M,chip_151_418_merged.tif,0.8,0,14704605,208,33.9695,35.1012,1.1317
600M,chip_151_418_merged.tif,0.8,1,1781581622,208,32.2189,35.1551,2.9362
600M,chip_151_418_merged.tif,0.8,2,1301636104,208,33.9695,35.0644,1.0949
600M,chip_151_418_merged.tif,0.8,3,921029473,208,33.9688,34.8943,0.9255
600M,chip_151_418_merged.tif,0.8,4,540422842,208,34.0672,34.7821,0.7149
600M,chip_151_484_merged.tif,0.2,0,710459603,50,32.5844,34.4062,1.8218
600M,chip_151_484_merged.tif,0.2,1,230514085,50,32.2321,35.0484,2.8162
600M,chip_151_484_merged.tif,0.2,2,1997391102,50,32.5238,35.4403,2.9165
600M,chip_151_484_merged.tif,0.2,3,1616784471,50,32.6965,34.008,1.3115
600M,chip_151_484_merged.tif,0.2,4,1136838953,50,31.8902,35.4798,3.5897
600M,chip_151_484_merged.tif,0.4,0,549844270,100,31.8753,33.8049,1.9296
600M,chip_151_484_merged.tif,0.4,1,69898752,100,31.9977,33.9128,1.9151
600M,chip_151_484_merged.tif,0.4,2,1836775769,100,28.4235,33.757,5.3334
600M,chip_151_484_merged.tif,0.4,3,1356830251,100,26.7677,34.8105,8.0428
600M,chip_151_484_merged.tif,0.4,4,976223620,100,28.8844,34.3976,5.5132
600M,chip_151_484_merged.tif,0.6,0,1954029711,154,29.3673,33.611,4.2437
600M,chip_151_484_merged.tif,0.6,1,1474084193,154,29.1683,33.6665,4.4982
600M,chip_151_484_merged.tif,0.6,2,1093477562,154,29.0249,32.7988,3.7739
600M,chip_151_484_merged.tif,0.6,3,613532044,154,28.5669,32.6056,4.0386
600M,chip_151_484_merged.tif,0.6,4,232925413,154,29.1705,33.2419,4.0715
600M,chip_151_484_merged.tif,0.8,0,1471437515,208,28.8778,30.6098,1.732
600M,chip_151_484_merged.tif,0.8,1,991491997,208,28.8785,31.8654,2.9869
600M,chip_151_484_merged.tif,0.8,2,610885366,208,28.6306,31.3911,2.7605
600M,chip_151_484_merged.tif,0.8,3,230278735,208,28.2736,31.4721,3.1986
600M,chip_151_484_merged.tif,0.8,4,1897816865,208,28.2729,32.0291,3.7562
600M,chip_151_489_merged.tif,0.2,0,1537972511,50,34.7345,36.2557,1.5212
600M,chip_151_489_merged.tif,0.2,1,1157365880,50,34.3271,35.5197,1.1926
600M,chip_151_489_merged.tif,0.2,2,677420362,50,34.7453,36.232,1.4867
600M,chip_151_489_merged.tif,0.2,3,296813731,50,32.2719,37.3809,5.109
600M,chip_151_489_merged.tif,0.2,4,2063690748,50,34.3401,36.2427,1.9027
600M,chip_151_489_merged.tif,0.4,0,1377357178,100,34.0572,36.6493,2.5921
600M,chip_151_489_merged.tif,0.4,1,996750547,100,34.0573,35.2594,1.2021
600M,chip_151_489_merged.tif,0.4,2,516805029,100,34.4084,36.4386,2.0302
600M,chip_151_489_merged.tif,0.4,3,136198398,100,35.5193,36.2217,0.7024
600M,chip_151_489_merged.tif,0.4,4,1803736528,100,33.6826,35.6626,1.9801
600M,chip_151_489_merged.tif,0.6,0,634058971,154,34.6085,35.6091,1.0006
600M,chip_151_489_merged.tif,0.6,1,253452340,154,34.5373,35.4823,0.945
600M,chip_151_489_merged.tif,0.6,2,1920990470,154,34.1153,35.1325,1.0172
600M,chip_151_489_merged.tif,0.6,3,1540383839,154,34.6512,34.836,0.1848
600M,chip_151_489_merged.tif,0.6,4,1060438321,154,33.5134,35.0234,1.51
600M,chip_151_489_merged.tif,0.8,0,151466775,208,34.1216,34.8141,0.6926
600M,chip_151_489_merged.tif,0.8,1,1918343792,208,34.1216,34.4668,0.3452
600M,chip_151_489_merged.tif,0.8,2,1438398274,208,34.1217,34.9645,0.8427
600M,chip_151_489_merged.tif,0.8,3,1057791643,208,34.0427,34.4926,0.4498
600M,chip_151_489_merged.tif,0.8,4,677185012,208,33.9929,35.304,1.3111
600M,chip_151_501_merged.tif,0.2,0,2090058789,50,32.3742,34.5455,2.1714
600M,chip_151_501_merged.tif,0.2,1,1610113271,50,33.1929,35.4151,2.2222
600M,chip_151_501_merged.tif,0.2,2,1229506640,50,31.0814,35.6749,4.5936
600M,chip_151_501_merged.tif,0.2,3,848900009,50,32.7242,35.0779,2.3537
600M,chip_151_501_merged.tif,0.2,4,368954491,50,32.7023,35.291,2.5886
600M,chip_151_501_merged.tif,0.4,0,1024783719,100,32.2397,34.9151,2.6754
600M,chip_151_501_merged.tif,0.4,1,644177088,100,31.5497,35.6077,4.058
600M,chip_151_501_merged.tif,0.4,2,164231570,100,32.3372,35.5019,3.1647
600M,chip_151_501_merged.tif,0.4,3,1931108587,100,32.7536,35.241,2.4874
600M,chip_151_501_merged.tif,0.4,4,1550501956,100,32.1333,35.0162,2.8829
600M,chip_151_501_merged.tif,0.6,0,1186145249,154,32.6664,34.7812,2.1148
600M,chip_151_501_merged.tif,0.6,1,706199731,154,32.4702,34.3662,1.896
600M,chip_151_501_merged.tif,0.6,2,325593100,154,32.403,34.9603,2.5573
600M,chip_151_501_merged.tif,0.6,3,1993131230,154,32.5896,34.161,1.5714
600M,chip_151_501_merged.tif,0.6,4,1612524599,154,32.0946,34.1107,2.0161
600M,chip_151_501_merged.tif,0.8,0,703553053,208,31.7046,33.2783,1.5736
600M,chip_151_501_merged.tif,0.8,1,223607535,208,31.705,33.3295,1.6245
600M,chip_151_501_merged.tif,0.8,2,1990484552,208,32.4697,32.463,-0.0067
600M,chip_151_501_merged.tif,0.8,3,1609877921,208,32.4695,33.1933,0.7238
600M,chip_151_501_merged.tif,0.8,4,1129932403,208,32.3133,33.1043,0.791
600M,chip_151_592_merged.tif,0.2,0,1980678077,50,35.0992,37.1293,2.0301
600M,chip_151_592_merged.tif,0.2,1,1600071446,50,34.7308,37.7282,2.9975
600M,chip_151_592_merged.tif,0.2,2,1219464815,50,33.6401,36.7191,3.079
600M,chip_151_592_merged.tif,0.2,3,739519297,50,35.7241,37.2604,1.5364
600M,chip_151_592_merged.tif,0.2,4,358912666,50,35.1616,37.3806,2.2189
600M,chip_151_592_merged.tif,0.4,0,1820062744,100,33.6839,36.6543,2.9704
600M,chip_151_592_merged.tif,0.4,1,1439456113,100,34.0713,37.2324,3.1611
600M,chip_151_592_merged.tif,0.4,2,959510595,100,34.1004,37.0091,2.9088
600M,chip_151_592_merged.tif,0.4,3,578903964,100,34.9012,37.439,2.5378
600M,chip_151_592_merged.tif,0.4,4,198297333,100,33.9806,36.5244,2.5438
600M,chip_151_592_merged.tif,0.6,0,1076764537,154,34.8442,36.4927,1.6485
600M,chip_151_592_merged.tif,0.6,1,696157906,154,34.3379,36.6475,2.3096
600M,chip_151_592_merged.tif,0.6,2,216212388,154,34.8438,36.6558,1.8119
600M,chip_151_592_merged.tif,0.6,3,1983089405,154,34.1025,36.4113,2.3087
600M,chip_151_592_merged.tif,0.6,4,1602482774,154,34.251,35.604,1.353
600M,chip_151_592_merged.tif,0.8,0,594172341,208,34.4887,35.4699,0.9812
600M,chip_151_592_merged.tif,0.8,1,213565710,208,34.1009,35.3853,1.2845
600M,chip_151_592_merged.tif,0.8,2,1980442727,208,34.1007,35.2159,1.1152
600M,chip_151_592_merged.tif,0.8,3,1500497209,208,34.1013,34.9421,0.8408
600M,chip_151_592_merged.tif,0.8,4,1119890578,208,34.4892,35.2503,0.7611
600M,chip_151_604_merged.tif,0.2,0,1209572153,50,35.6724,37.404,1.7315
600M,chip_151_604_merged.tif,0.2,1,828965522,50,34.6569,36.6431,1.9862
600M,chip_151_604_merged.tif,0.2,2,349020004,50,35.611,36.721,1.11
600M,chip_151_604_merged.tif,0.2,3,2115897021,50,35.1982,37.1966,1.9984
600M,chip_151_604_merged.tif,0.2,4,1635951503,50,35.2289,37.7388,2.5099
600M,chip_151_604_merged.tif,0.4,0,243635970,100,35.6338,36.7104,1.0766
600M,chip_151_604_merged.tif,0.4,1,1911174100,100,35.4541,36.7181,1.2639
600M,chip_151_604_merged.tif,0.4,2,1530567469,100,35.8195,36.8508,1.0312
600M,chip_151_604_merged.tif,0.4,3,1050621951,100,35.2421,36.4588,1.2167
600M,chip_151_604_merged.tif,0.4,4,670015320,100,34.5305,36.6939,2.1634
600M,chip_151_604_merged.tif,0.6,0,305658613,154,35.16,36.5909,1.4309
600M,chip_151_604_merged.tif,0.6,1,1973196743,154,34.8608,36.14,1.2791
600M,chip_151_604_merged.tif,0.6,2,1592590112,154,34.7077,36.7077,2.0
600M,chip_151_604_merged.tif,0.6,3,1211983481,154,34.8868,36.1142,1.2274
600M,chip_151_604_merged.tif,0.6,4,732037963,154,34.8615,36.7438,1.8823
600M,chip_151_604_merged.tif,0.8,0,1970550065,208,34.7722,35.4896,0.7174
600M,chip_151_604_merged.tif,0.8,1,1589943434,208,34.7718,35.8349,1.0631
600M,chip_151_604_merged.tif,0.8,2,1109997916,208,34.8226,35.2359,0.4132
600M,chip_151_604_merged.tif,0.8,3,729391285,208,34.8222,35.3284,0.5062
600M,chip_151_604_merged.tif,0.8,4,249445767,208,34.8223,35.306,0.4837
600M,chip_152_240_merged.tif,0.2,0,1299080655,50,31.5554,38.3242,6.7688
600M,chip_152_240_merged.tif,0.2,1,819135137,50,29.4194,35.5713,6.1519
600M,chip_152_240_merged.tif,0.2,2,438528506,50,30.8244,35.0379,4.2135
600M,chip_152_240_merged.tif,0.2,3,2106066636,50,29.5685,37.6372,8.0687
600M,chip_152_240_merged.tif,0.2,4,1725460005,50,29.5695,36.2633,6.6939
600M,chip_152_240_merged.tif,0.4,0,1039126435,100,28.981,36.8968,7.9158
600M,chip_152_240_merged.tif,0.4,1,658519804,100,29.8973,35.5374,5.6401
600M,chip_152_240_merged.tif,0.4,2,178574286,100,29.7073,34.6611,4.9538
600M,chip_152_240_merged.tif,0.4,3,1945451303,100,29.5,35.9794,6.4794
600M,chip_152_240_merged.tif,0.4,4,1564844672,100,30.4354,35.791,5.3556
600M,chip_152_240_merged.tif,0.6,0,295828228,154,29.5529,35.0462,5.4934
600M,chip_152_240_merged.tif,0.6,1,2062705245,154,28.8427,33.9417,5.099
600M,chip_152_240_merged.tif,0.6,2,1582759727,154,29.4182,33.7108,4.2925
600M,chip_152_240_merged.tif,0.6,3,1202153096,154,28.5141,35.3216,6.8075
600M,chip_152_240_merged.tif,0.6,4,821546465,154,28.8427,34.9762,6.1335
600M,chip_152_240_merged.tif,0.8,0,2060058567,208,29.0953,32.0176,2.9223
600M,chip_152_240_merged.tif,0.8,1,1580113049,208,28.6548,31.157,2.5022
600M,chip_152_240_merged.tif,0.8,2,1199506418,208,28.252,32.4813,4.2293
600M,chip_152_240_merged.tif,0.8,3,719560900,208,28.655,31.9404,3.2854
600M,chip_152_240_merged.tif,0.8,4,338954269,208,28.3302,31.6946,3.3644
600M,chip_152_404_merged.tif,0.2,0,1266921735,50,34.042,36.6962,2.6542
600M,chip_152_404_merged.tif,0.2,1,786976217,50,34.8864,37.0528,2.1664
600M,chip_152_404_merged.tif,0.2,2,406369586,50,33.6122,36.1503,2.5381
600M,chip_152_404_merged.tif,0.2,3,25762955,50,33.5669,35.7307,2.1638
600M,chip_152_404_merged.tif,0.2,4,1693301085,50,34.5582,35.6902,1.132
600M,chip_152_404_merged.tif,0.4,0,1106306402,100,32.6154,36.1737,3.5583
600M,chip_152_404_merged.tif,0.4,1,626360884,100,33.8857,35.9648,2.0791
600M,chip_152_404_merged.tif,0.4,2,245754253,100,33.8006,36.2304,2.4298
600M,chip_152_404_merged.tif,0.4,3,1913292383,100,33.5411,35.7832,2.2421
600M,chip_152_404_merged.tif,0.4,4,1532685752,100,34.3721,35.7795,1.4073
600M,chip_152_404_merged.tif,0.6,0,363008195,154,33.516,35.2484,1.7324
600M,chip_152_404_merged.tif,0.6,1,2030546325,154,33.0551,35.3495,2.2944
600M,chip_152_404_merged.tif,0.6,2,1649939694,154,33.2452,35.6216,2.3765
600M,chip_152_404_merged.tif,0.6,3,1169994176,154,32.9817,35.2329,2.2513
600M,chip_152_404_merged.tif,0.6,4,789387545,154,32.9626,35.0396,2.077
600M,chip_152_404_merged.tif,0.8,0,2027899647,208,33.0542,33.4683,0.4141
600M,chip_152_404_merged.tif,0.8,1,1547954129,208,32.5233,33.8288,1.3055
600M,chip_152_404_merged.tif,0.8,2,1167347498,208,32.5226,34.3665,1.8439
600M,chip_152_404_merged.tif,0.8,3,786740867,208,32.523,34.1215,1.5985
600M,chip_152_404_merged.tif,0.8,4,306795349,208,33.0539,33.9357,0.8818
600M,chip_152_433_merged.tif,0.2,0,11411023,50,41.7519,41.1529,-0.5991
600M,chip_152_433_merged.tif,0.2,1,1678949153,50,40.6919,41.4624,0.7704
600M,chip_152_433_merged.tif,0.2,2,1298342522,50,39.709,40.8965,1.1875
600M,chip_152_433_merged.tif,0.2,3,917735891,50,39.739,40.439,0.7001
600M,chip_152_433_merged.tif,0.2,4,437790373,50,39.0589,42.1165,3.0576
600M,chip_152_433_merged.tif,0.4,0,1093619601,100,40.5754,41.2204,0.645
600M,chip_152_433_merged.tif,0.4,1,713012970,100,38.9395,40.6289,1.6894
600M,chip_152_433_merged.tif,0.4,2,332406339,100,40.0982,40.5099,0.4117
600M,chip_152_433_merged.tif,0.4,3,1999944469,100,37.7542,42.2005,4.4463
600M,chip_152_433_merged.tif,0.4,4,1619337838,100,39.7587,40.7165,0.9578
600M,chip_152_433_merged.tif,0.6,0,1254981131,154,37.9325,39.8396,1.907
600M,chip_152_433_merged.tif,0.6,1,775035613,154,36.467,40.2238,3.7567
600M,chip_152_433_merged.tif,0.6,2,394428982,154,39.3135,40.8304,1.5169
600M,chip_152_433_merged.tif,0.6,3,2061967112,154,36.3173,41.0665,4.7492
600M,chip_152_433_merged.tif,0.6,4,1681360481,154,37.8368,38.3573,0.5205
600M,chip_152_433_merged.tif,0.8,0,772388935,208,35.8061,39.3447,3.5386
600M,chip_152_433_merged.tif,0.8,1,292443417,208,36.7656,39.8717,3.1061
600M,chip_152_433_merged.tif,0.8,2,2059320434,208,36.6385,39.3019,2.6633
600M,chip_152_433_merged.tif,0.8,3,1678713803,208,36.5974,39.747,3.1496
600M,chip_152_433_merged.tif,0.8,4,1198768285,208,36.6383,38.4712,1.8329
600M,chip_152_478_merged.tif,0.2,0,1084199658,50,32.54,35.9303,3.3903
600M,chip_152_478_merged.tif,0.2,1,604254140,50,30.5738,36.0252,5.4514
600M,chip_152_478_merged.tif,0.2,2,223647509,50,32.5403,35.7791,3.2388
600M,chip_152_478_merged.tif,0.2,3,1990524526,50,30.5287,35.603,5.0743
600M,chip_152_478_merged.tif,0.2,4,1510579008,50,33.2414,35.2114,1.97
600M,chip_152_478_merged.tif,0.4,0,923584325,100,28.1678,33.5626,5.3948
600M,chip_152_478_merged.tif,0.4,1,443638807,100,30.6104,33.6427,3.0322
600M,chip_152_478_merged.tif,0.4,2,63032176,100,31.0709,34.8302,3.7592
600M,chip_152_478_merged.tif,0.4,3,1730570306,100,31.8457,35.0768,3.2311
600M,chip_152_478_merged.tif,0.4,4,1349963675,100,30.3091,35.0341,4.725
600M,chip_152_478_merged.tif,0.6,0,180286118,154,28.462,33.7986,5.3367
600M,chip_152_478_merged.tif,0.6,1,1847824248,154,28.1569,33.4465,5.2897
600M,chip_152_478_merged.tif,0.6,2,1467217617,154,28.3104,32.862,4.5516
600M,chip_152_478_merged.tif,0.6,3,987272099,154,28.3683,34.1821,5.8137
600M,chip_152_478_merged.tif,0.6,4,606665468,154,28.31,34.5992,6.2892
600M,chip_152_478_merged.tif,0.8,0,1845177570,208,28.5924,30.0037,1.4113
600M,chip_152_478_merged.tif,0.8,1,1365232052,208,28.4151,31.8232,3.4081
600M,chip_152_478_merged.tif,0.8,2,984625421,208,28.5922,32.238,3.6458
600M,chip_152_478_merged.tif,0.8,3,604018790,208,27.3522,29.8474,2.4952
600M,chip_152_478_merged.tif,0.8,4,124073272,208,27.3519,31.9204,4.5685
600M,chip_152_479_merged.tif,0.2,0,850708577,50,34.7782,35.1454,0.3672
600M,chip_152_479_merged.tif,0.2,1,470101946,50,33.6986,35.3742,1.6756
600M,chip_152_479_merged.tif,0.2,2,2137640076,50,33.4205,35.9464,2.5259
600M,chip_152_479_merged.tif,0.2,3,1757033445,50,30.5229,34.3387,3.8158
600M,chip_152_479_merged.tif,0.2,4,1376426814,50,32.3976,35.0677,2.6701
600M,chip_152_479_merged.tif,0.4,0,690093244,100,31.3097,33.7981,2.4884
600M,chip_152_479_merged.tif,0.4,1,309486613,100,29.7717,34.1223,4.3506
600M,chip_152_479_merged.tif,0.4,2,1977024743,100,31.9294,35.0354,3.106
600M,chip_152_479_merged.tif,0.4,3,1596418112,100,32.0273,33.7204,1.6931
600M,chip_152_479_merged.tif,0.4,4,1116472594,100,31.2478,33.126,1.8782
600M,chip_152_479_merged.tif,0.6,0,2094278685,154,30.3393,33.7459,3.4065
600M,chip_152_479_merged.tif,0.6,1,1713672054,154,32.1964,33.869,1.6726
600M,chip_152_479_merged.tif,0.6,2,1233726536,154,31.4211,33.6899,2.2688
600M,chip_152_479_merged.tif,0.6,3,853119905,154,31.8699,33.247,1.3772
600M,chip_152_479_merged.tif,0.6,4,373174387,154,31.3746,32.1397,0.765
600M,chip_152_479_merged.tif,0.8,0,1611686489,208,30.3567,32.2754,1.9187
600M,chip_152_479_merged.tif,0.8,1,1231079858,208,29.9329,32.0827,2.1498
600M,chip_152_479_merged.tif,0.8,2,751134340,208,29.9332,31.5629,1.6297
600M,chip_152_479_merged.tif,0.8,3,370527709,208,29.933,32.7312,2.7982
600M,chip_152_479_merged.tif,0.8,4,2137404726,208,30.3434,32.577,2.2336
600M,chip_152_490_merged.tif,0.2,0,990229015,50,33.4044,34.9472,1.5427
600M,chip_152_490_merged.tif,0.2,1,609622384,50,33.4932,35.5046,2.0113
600M,chip_152_490_merged.tif,0.2,2,129676866,50,32.9416,35.803,2.8614
600M,chip_152_490_merged.tif,0.2,3,1896553883,50,33.4921,35.4617,1.9695
600M,chip_152_490_merged.tif,0.2,4,1515947252,50,33.8106,35.3725,1.5618
600M,chip_152_490_merged.tif,0.4,0,829613682,100,32.9921,33.1013,0.1091
600M,chip_152_490_merged.tif,0.4,1,449007051,100,33.3912,33.3457,-0.0455
600M,chip_152_490_merged.tif,0.4,2,2116545181,100,33.255,34.0215,0.7665
600M,chip_152_490_merged.tif,0.4,3,1735938550,100,32.9748,34.6082,1.6334
600M,chip_152_490_merged.tif,0.4,4,1255993032,100,33.9845,34.8427,0.8582
600M,chip_152_490_merged.tif,0.6,0,86315475,154,33.4303,33.9152,0.4849
600M,chip_152_490_merged.tif,0.6,1,1853192492,154,32.3502,34.6229,2.2727
600M,chip_152_490_merged.tif,0.6,2,1373246974,154,33.322,34.5471,1.2251
600M,chip_152_490_merged.tif,0.6,3,992640343,154,33.2684,33.8756,0.6072
600M,chip_152_490_merged.tif,0.6,4,512694825,154,33.4504,33.9125,0.4622
600M,chip_152_490_merged.tif,0.8,0,1751206927,208,32.9609,33.3062,0.3452
600M,chip_152_490_merged.tif,0.8,1,1370600296,208,31.2148,32.5456,1.3309
600M,chip_152_490_merged.tif,0.8,2,890654778,208,32.3921,32.5947,0.2026
600M,chip_152_490_merged.tif,0.8,3,510048147,208,33.1001,33.6062,0.5061
600M,chip_152_490_merged.tif,0.8,4,129441516,208,32.9607,33.4383,0.4776
600M,chip_153_469_merged.tif,0.2,0,733899322,50,36.7093,36.1086,-0.6007
600M,chip_153_469_merged.tif,0.2,1,253953804,50,36.0573,36.8678,0.8105
600M,chip_153_469_merged.tif,0.2,2,2020830821,50,36.4077,38.0828,1.675
600M,chip_153_469_merged.tif,0.2,3,1640224190,50,35.1049,37.5513,2.4465
600M,chip_153_469_merged.tif,0.2,4,1160278672,50,35.9881,38.0915,2.1033
600M,chip_153_469_merged.tif,0.4,0,1816107900,100,34.3506,36.3433,1.9927
600M,chip_153_469_merged.tif,0.4,1,1435501269,100,35.0729,37.066,1.993
600M,chip_153_469_merged.tif,0.4,2,955555751,100,34.7602,36.191,1.4308
600M,chip_153_469_merged.tif,0.4,3,574949120,100,35.3167,37.1623,1.8455
600M,chip_153_469_merged.tif,0.4,4,194342489,100,35.3155,36.8523,1.5368
600M,chip_153_469_merged.tif,0.6,0,1977469430,154,34.9928,36.7025,1.7098
600M,chip_153_469_merged.tif,0.6,1,1497523912,154,35.0606,36.4407,1.3801
600M,chip_153_469_merged.tif,0.6,2,1116917281,154,34.8017,36.129,1.3273
600M,chip_153_469_merged.tif,0.6,3,636971763,154,35.0269,36.443,1.4161
600M,chip_153_469_merged.tif,0.6,4,256365132,154,35.0607,36.3537,1.2931
600M,chip_153_469_merged.tif,0.8,0,1494877234,208,34.3746,35.1292,0.7546
600M,chip_153_469_merged.tif,0.8,1,1014931716,208,34.4838,35.5083,1.0245
600M,chip_153_469_merged.tif,0.8,2,634325085,208,34.7557,35.7659,1.0102
600M,chip_153_469_merged.tif,0.8,3,253718454,208,34.7775,35.1987,0.4212
600M,chip_153_469_merged.tif,0.8,4,1921256584,208,34.7772,35.1616,0.3844
600M,chip_154_346_merged.tif,0.2,0,2077887309,50,38.1389,42.1525,4.0135
600M,chip_154_346_merged.tif,0.2,1,1697280678,50,37.9005,41.5659,3.6654
600M,chip_154_346_merged.tif,0.2,2,1217335160,50,38.3949,42.654,4.2591
600M,chip_154_346_merged.tif,0.2,3,836728529,50,38.7669,41.0254,2.2584
600M,chip_154_346_merged.tif,0.2,4,356783011,50,38.1749,41.114,2.9391
600M,chip_154_346_merged.tif,0.4,0,1917271976,100,38.7658,40.7352,1.9694
600M,chip_154_346_merged.tif,0.4,1,1437326458,100,39.5099,42.4128,2.9029
600M,chip_154_346_merged.tif,0.4,2,1056719827,100,40.2243,42.0328,1.8085
600M,chip_154_346_merged.tif,0.4,3,576774309,100,37.1745,41.4348,4.2603
600M,chip_154_346_merged.tif,0.4,4,196167678,100,40.6933,40.5933,-0.1
600M,chip_154_346_merged.tif,0.6,0,1173973769,154,39.2641,40.2454,0.9813
600M,chip_154_346_merged.tif,0.6,1,694028251,154,39.2211,41.0581,1.837
600M,chip_154_346_merged.tif,0.6,2,313421620,154,39.2208,40.4744,1.2536
600M,chip_154_346_merged.tif,0.6,3,2080298637,154,38.416,40.7487,2.3328
600M,chip_154_346_merged.tif,0.6,4,1600353119,154,38.6217,41.3725,2.7508
600M,chip_154_346_merged.tif,0.8,0,691381573,208,36.9647,39.3608,2.3961
600M,chip_154_346_merged.tif,0.8,1,310774942,208,36.966,39.513,2.547
600M,chip_154_346_merged.tif,0.8,2,1978313072,208,36.5956,39.2842,2.6887
600M,chip_154_346_merged.tif,0.8,3,1597706441,208,38.7369,39.5553,0.8184
600M,chip_154_346_merged.tif,0.8,4,1117760923,208,38.7691,40.4008,1.6317
600M,chip_154_484_merged.tif,0.2,0,867035405,50,34.9747,36.8701,1.8954
600M,chip_154_484_merged.tif,0.2,1,486428774,50,33.5939,36.5696,2.9756
600M,chip_154_484_merged.tif,0.2,2,105822143,50,34.6975,36.7173,2.0198
600M,chip_154_484_merged.tif,0.2,3,1773360273,50,33.912,37.126,3.214
600M,chip_154_484_merged.tif,0.2,4,1392753642,50,33.5243,36.6139,3.0895
600M,chip_154_484_merged.tif,0.4,0,706420072,100,32.0201,36.6945,4.6744
600M,chip_154_484_merged.tif,0.4,1,325813441,100,32.3445,36.4172,4.0727
600M,chip_154_484_merged.tif,0.4,2,1993351571,100,32.3145,36.6643,4.3498
600M,chip_154_484_merged.tif,0.4,3,1612744940,100,32.1155,36.5542,4.4387
600M,chip_154_484_merged.tif,0.4,4,1132799422,100,34.2316,36.5815,2.35
600M,chip_154_484_merged.tif,0.6,0,2110605513,154,33.9721,34.8753,0.9032
600M,chip_154_484_merged.tif,0.6,1,1729998882,154,33.7938,36.2437,2.4499
600M,chip_154_484_merged.tif,0.6,2,1250053364,154,32.6166,35.4024,2.7858
600M,chip_154_484_merged.tif,0.6,3,869446733,154,32.5597,35.3148,2.7551
600M,chip_154_484_merged.tif,0.6,4,389501215,154,33.9726,35.7044,1.7318
600M,chip_154_484_merged.tif,0.8,0,1628013317,208,32.9507,34.5236,1.5729
600M,chip_154_484_merged.tif,0.8,1,1247406686,208,33.3864,34.7303,1.344
600M,chip_154_484_merged.tif,0.8,2,866800055,208,32.9504,34.5369,1.5865
600M,chip_154_484_merged.tif,0.8,3,386854537,208,32.9508,34.1425,1.1917
600M,chip_154_484_merged.tif,0.8,4,6247906,208,32.9498,34.2978,1.348
600M,chip_155_408_merged.tif,0.2,0,1338579506,50,33.7803,36.1389,2.3586
600M,chip_155_408_merged.tif,0.2,1,858633988,50,33.9526,37.1569,3.2042
600M,chip_155_408_merged.tif,0.2,2,478027357,50,33.9245,36.727,2.8026
600M,chip_155_408_merged.tif,0.2,3,2145565487,50,33.3435,36.3353,2.9917
600M,chip_155_408_merged.tif,0.2,4,1764958856,50,33.925,35.761,1.8359
600M,chip_155_408_merged.tif,0.4,0,1078625286,100,34.3238,36.0877,1.7639
600M,chip_155_408_merged.tif,0.4,1,698018655,100,33.3996,36.2705,2.8709
600M,chip_155_408_merged.tif,0.4,2,317412024,100,33.5362,36.3558,2.8195
600M,chip_155_408_merged.tif,0.4,3,1984950154,100,32.75,36.2712,3.5212
600M,chip_155_408_merged.tif,0.4,4,1604343523,100,32.7502,36.1302,3.3799
600M,chip_155_408_merged.tif,0.6,0,335327079,154,33.4317,35.5342,2.1026
600M,chip_155_408_merged.tif,0.6,1,2102204096,154,32.8663,35.492,2.6257
600M,chip_155_408_merged.tif,0.6,2,1721597465,154,33.1628,34.9753,1.8125
600M,chip_155_408_merged.tif,0.6,3,1241651947,154,33.2872,35.0479,1.7606
600M,chip_155_408_merged.tif,0.6,4,861045316,154,33.1448,35.6219,2.4771
600M,chip_155_408_merged.tif,0.8,0,2099557418,208,32.9388,34.3615,1.4227
600M,chip_155_408_merged.tif,0.8,1,1619611900,208,32.9384,34.4994,1.561
600M,chip_155_408_merged.tif,0.8,2,1239005269,208,32.9383,34.1432,1.2049
600M,chip_155_408_merged.tif,0.8,3,759059751,208,32.9383,34.4018,1.4636
600M,chip_155_408_merged.tif,0.8,4,378453120,208,32.7603,34.2208,1.4605
600M,chip_155_474_merged.tif,0.2,0,2087829803,50,34.2449,34.5512,0.3064
600M,chip_155_474_merged.tif,0.2,1,1607884285,50,34.1094,34.322,0.2126
600M,chip_155_474_merged.tif,0.2,2,1227277654,50,34.338,35.5408,1.2028
600M,chip_155_474_merged.tif,0.2,3,747332136,50,34.4455,35.8663,1.4207
600M,chip_155_474_merged.tif,0.2,4,366725505,50,34.205,36.3525,2.1475
600M,chip_155_474_merged.tif,0.4,0,1827875583,100,34.8279,35.7496,0.9217
600M,chip_155_474_merged.tif,0.4,1,1447268952,100,34.0658,34.857,0.7912
600M,chip_155_474_merged.tif,0.4,2,1066662321,100,32.7845,35.6659,2.8814
600M,chip_155_474_merged.tif,0.4,3,586716803,100,33.7675,34.9674,1.1999
600M,chip_155_474_merged.tif,0.4,4,206110172,100,32.548,36.0917,3.5437
600M,chip_155_474_merged.tif,0.6,0,1183916263,154,33.8885,35.3861,1.4976
600M,chip_155_474_merged.tif,0.6,1,703970745,154,33.6247,33.8371,0.2124
600M,chip_155_474_merged.tif,0.6,2,323364114,154,34.0809,35.1759,1.0951
600M,chip_155_474_merged.tif,0.6,3,1990902244,154,33.4207,34.4961,1.0754
600M,chip_155_474_merged.tif,0.6,4,1610295613,154,34.1716,34.992,0.8205
600M,chip_155_474_merged.tif,0.8,0,701324067,208,31.8814,34.4374,2.556
600M,chip_155_474_merged.tif,0.8,1,221378549,208,32.7604,33.8241,1.0637
600M,chip_155_474_merged.tif,0.8,2,1988255566,208,33.3965,34.5746,1.1781
600M,chip_155_474_merged.tif,0.8,3,1508310048,208,32.7602,33.6534,0.8932
600M,chip_155_474_merged.tif,0.8,4,1127703417,208,33.4595,34.0047,0.5453
600M,chip_155_475_merged.tif,0.2,0,1387462140,50,33.2331,37.6531,4.42
600M,chip_155_475_merged.tif,0.2,1,1006855509,50,35.3499,37.7461,2.3961
600M,chip_155_475_merged.tif,0.2,2,526909991,50,35.8828,37.7048,1.822
600M,chip_155_475_merged.tif,0.2,3,146303360,50,35.9542,37.3735,1.4193
600M,chip_155_475_merged.tif,0.2,4,1913180377,50,35.3667,36.6868,1.3201
600M,chip_155_475_merged.tif,0.4,0,1226846807,100,34.8748,37.0615,2.1868
600M,chip_155_475_merged.tif,0.4,1,846240176,100,35.1395,36.8579,1.7184
600M,chip_155_475_merged.tif,0.4,2,366294658,100,35.3352,37.2984,1.9632
600M,chip_155_475_merged.tif,0.4,3,2133171675,100,31.8311,37.0956,5.2645
600M,chip_155_475_merged.tif,0.4,4,1653226157,100,35.4391,37.4918,2.0526
600M,chip_155_475_merged.tif,0.6,0,483548600,154,35.2138,37.2118,1.998
600M,chip_155_475_merged.tif,0.6,1,102941969,154,35.2076,37.3487,2.141
600M,chip_155_475_merged.tif,0.6,2,1770480099,154,34.8223,36.7594,1.9371
600M,chip_155_475_merged.tif,0.6,3,1389873468,154,32.5975,36.8738,4.2763
600M,chip_155_475_merged.tif,0.6,4,909927950,154,35.3669,36.6207,1.2538
600M,chip_155_475_merged.tif,0.8,0,956404,208,33.2893,35.3579,2.0686
600M,chip_155_475_merged.tif,0.8,1,1767833421,208,33.2889,35.6278,2.3389
600M,chip_155_475_merged.tif,0.8,2,1287887903,208,32.8258,35.7453,2.9196
600M,chip_155_475_merged.tif,0.8,3,907281272,208,32.7421,35.8192,3.0771
600M,chip_155_475_merged.tif,0.8,4,526674641,208,31.8504,35.7857,3.9353
600M,chip_155_479_merged.tif,0.2,0,47516514,50,31.3508,34.6772,3.3264
600M,chip_155_479_merged.tif,0.2,1,1814393531,50,30.416,33.9541,3.538
600M,chip_155_479_merged.tif,0.2,2,1334448013,50,31.4377,35.661,4.2233
600M,chip_155_479_merged.tif,0.2,3,953841382,50,30.8554,34.9576,4.1022
600M,chip_155_479_merged.tif,0.2,4,473895864,50,32.1545,34.404,2.2494
600M,chip_155_479_merged.tif,0.4,0,2034384829,100,28.6582,35.0099,6.3517
600M,chip_155_479_merged.tif,0.4,1,1554439311,100,29.9319,35.2954,5.3635
600M,chip_155_479_merged.tif,0.4,2,1173832680,100,28.3723,34.6963,6.3241
600M,chip_155_479_merged.tif,0.4,3,693887162,100,29.1611,35.0475,5.8865
600M,chip_155_479_merged.tif,0.4,4,313280531,100,30.303,32.8343,2.5313
600M,chip_155_479_merged.tif,0.6,0,1291086622,154,28.9761,32.64,3.6639
600M,chip_155_479_merged.tif,0.6,1,811141104,154,29.2206,33.44,4.2194
600M,chip_155_479_merged.tif,0.6,2,430534473,154,29.0622,33.0031,3.9409
600M,chip_155_479_merged.tif,0.6,3,49927842,154,29.105,33.7334,4.6284
600M,chip_155_479_merged.tif,0.6,4,1717465972,154,29.9336,33.2453,3.3117
600M,chip_155_479_merged.tif,0.8,0,808494426,208,28.7257,31.8607,3.135
600M,chip_155_479_merged.tif,0.8,1,427887795,208,28.7274,31.3953,2.6679
600M,chip_155_479_merged.tif,0.8,2,2095425925,208,28.4444,31.8705,3.4261
600M,chip_155_479_merged.tif,0.8,3,1714819294,208,28.7272,31.4395,2.7123
600M,chip_155_479_merged.tif,0.8,4,1234873776,208,29.6334,31.5241,1.8907
600M,chip_155_483_merged.tif,0.2,0,1797085132,50,33.3667,36.8639,3.4972
600M,chip_155_483_merged.tif,0.2,1,1416478501,50,34.4927,35.7852,1.2925
600M,chip_155_483_merged.tif,0.2,2,936532983,50,30.9388,36.6166,5.6778
600M,chip_155_483_merged.tif,0.2,3,555926352,50,31.8385,36.2634,4.4249
600M,chip_155_483_merged.tif,0.2,4,75980834,50,33.8408,37.0265,3.1856
600M,chip_155_483_merged.tif,0.4,0,1636469799,100,31.912,36.242,4.3301
600M,chip_155_483_merged.tif,0.4,1,1156524281,100,31.9122,35.8107,3.8984
600M,chip_155_483_merged.tif,0.4,2,775917650,100,33.3628,34.3419,0.9791
600M,chip_155_483_merged.tif,0.4,3,395311019,100,32.2042,35.8509,3.6467
600M,chip_155_483_merged.tif,0.4,4,2062849149,100,32.3008,35.8861,3.5853
600M,chip_155_483_merged.tif,0.6,0,893171592,154,32.5174,35.4037,2.8863
600M,chip_155_483_merged.tif,0.6,1,512564961,154,32.22,35.1482,2.9281
600M,chip_155_483_merged.tif,0.6,2,32619443,154,32.4564,35.4654,3.009
600M,chip_155_483_merged.tif,0.6,3,1799496460,154,31.9446,35.6362,3.6916
600M,chip_155_483_merged.tif,0.6,4,1319550942,154,33.5461,35.3561,1.81
600M,chip_155_483_merged.tif,0.8,0,410579396,208,31.6766,33.5312,1.8545
600M,chip_155_483_merged.tif,0.8,1,29972765,208,32.3068,33.7632,1.4564
600M,chip_155_483_merged.tif,0.8,2,1697510895,208,31.677,34.5003,2.8233
600M,chip_155_483_merged.tif,0.8,3,1316904264,208,31.6773,33.6336,1.9563
600M,chip_155_483_merged.tif,0.8,4,836958746,208,31.3991,33.8708,2.4717
600M,chip_156_008_merged.tif,0.2,0,1774081508,50,39.5068,38.335,-1.1718
600M,chip_156_008_merged.tif,0.2,1,1294135990,50,33.3046,37.7411,4.4365
600M,chip_156_008_merged.tif,0.2,2,913529359,50,39.9905,38.2122,-1.7783
600M,chip_156_008_merged.tif,0.2,3,532922728,50,38.5521,38.6834,0.1312
600M,chip_156_008_merged.tif,0.2,4,52977210,50,37.2826,38.3778,1.0952
600M,chip_156_008_merged.tif,0.4,0,1613466175,100,36.8817,37.9327,1.051
600M,chip_156_008_merged.tif,0.4,1,1133520657,100,37.043,38.9107,1.8676
600M,chip_156_008_merged.tif,0.4,2,752914026,100,37.0428,38.0127,0.9699
600M,chip_156_008_merged.tif,0.4,3,272968508,100,38.6091,38.1914,-0.4178
600M,chip_156_008_merged.tif,0.4,4,2039845525,100,35.9197,38.3901,2.4705
600M,chip_156_008_merged.tif,0.6,0,870167968,154,37.5921,37.163,-0.4291
600M,chip_156_008_merged.tif,0.6,1,390222450,154,38.1702,38.2796,0.1095
600M,chip_156_008_merged.tif,0.6,2,9615819,154,36.591,36.645,0.054
600M,chip_156_008_merged.tif,0.6,3,1677153949,154,37.7432,38.2053,0.4621
600M,chip_156_008_merged.tif,0.6,4,1296547318,154,36.5919,37.0151,0.4232
600M,chip_156_008_merged.tif,0.8,0,387575772,208,36.3272,36.618,0.2908
600M,chip_156_008_merged.tif,0.8,1,2055113902,208,36.3283,36.5115,0.1832
600M,chip_156_008_merged.tif,0.8,2,1674507271,208,35.8434,36.8092,0.9658
600M,chip_156_008_merged.tif,0.8,3,1293900640,208,36.6003,37.003,0.4027
600M,chip_156_008_merged.tif,0.8,4,813955122,208,36.6002,36.381,-0.2192
600M,chip_157_480_merged.tif,0.2,0,1622649108,50,32.1234,33.6418,1.5184
600M,chip_157_480_merged.tif,0.2,1,1242042477,50,30.6304,33.794,3.1636
600M,chip_157_480_merged.tif,0.2,2,861435846,50,32.0001,33.0395,1.0395
600M,chip_157_480_merged.tif,0.2,3,381490328,50,31.9766,33.5256,1.549
600M,chip_157_480_merged.tif,0.2,4,883697,50,32.1633,33.3777,1.2144
600M,chip_157_480_merged.tif,0.4,0,1462033775,100,31.2276,32.4221,1.1945
600M,chip_157_480_merged.tif,0.4,1,1081427144,100,31.6299,33.4003,1.7704
600M,chip_157_480_merged.tif,0.4,2,601481626,100,31.6301,33.1715,1.5414
600M,chip_157_480_merged.tif,0.4,3,220874995,100,31.8278,32.5833,0.7555
600M,chip_157_480_merged.tif,0.4,4,1888413125,100,31.8011,33.0378,1.2367
600M,chip_157_480_merged.tif,0.6,0,718735568,154,31.5789,32.6948,1.116
600M,chip_157_480_merged.tif,0.6,1,338128937,154,31.6889,32.342,0.653
600M,chip_157_480_merged.tif,0.6,2,2005667067,154,31.5791,32.3005,0.7214
600M,chip_157_480_merged.tif,0.6,3,1625060436,154,31.2047,32.4788,1.2741
600M,chip_157_480_merged.tif,0.6,4,1244453805,154,30.922,32.6096,1.6876
600M,chip_157_480_merged.tif,0.8,0,236143372,208,31.0215,31.8648,0.8434
600M,chip_157_480_merged.tif,0.8,1,2003020389,208,31.1237,31.827,0.7033
600M,chip_157_480_merged.tif,0.8,2,1622413758,208,31.4477,31.9126,0.4649
600M,chip_157_480_merged.tif,0.8,3,1142468240,208,30.7898,31.8438,1.0541
600M,chip_157_480_merged.tif,0.8,4,761861609,208,30.7896,31.8607,1.0711
600M,chip_159_403_merged.tif,0.2,0,956744612,50,36.6478,36.9494,0.3017
600M,chip_159_403_merged.tif,0.2,1,576137981,50,35.6408,37.4084,1.7675
600M,chip_159_403_merged.tif,0.2,2,96192463,50,36.008,37.5421,1.5341
600M,chip_159_403_merged.tif,0.2,3,1863069480,50,35.7162,38.1475,2.4313
600M,chip_159_403_merged.tif,0.2,4,1482462849,50,35.7715,37.3466,1.5751
600M,chip_159_403_merged.tif,0.4,0,796129279,100,35.0604,37.4481,2.3877
600M,chip_159_403_merged.tif,0.4,1,415522648,100,35.2884,37.7844,2.496
600M,chip_159_403_merged.tif,0.4,2,2083060778,100,35.2243,38.1301,2.9057
600M,chip_159_403_merged.tif,0.4,3,1702454147,100,36.1181,36.4196,0.3015
600M,chip_159_403_merged.tif,0.4,4,1222508629,100,36.3391,37.124,0.7848
600M,chip_159_403_merged.tif,0.6,0,52831072,154,35.1072,37.0748,1.9676
600M,chip_159_403_merged.tif,0.6,1,1819708089,154,35.9573,36.4891,0.5318
600M,chip_159_403_merged.tif,0.6,2,1339762571,154,35.7981,36.2353,0.4372
600M,chip_159_403_merged.tif,0.6,3,959155940,154,34.3876,36.5219,2.1344
600M,chip_159_403_merged.tif,0.6,4,479210422,154,35.32,36.2696,0.9497
600M,chip_159_403_merged.tif,0.8,0,864783661,208,35.2725,36.3443,1.0718
600M,chip_159_403_merged.tif,0.8,1,484177030,208,35.2723,35.2467,-0.0256
600M,chip_159_403_merged.tif,0.8,2,103570399,208,35.1731,35.7007,0.5276
600M,chip_159_403_merged.tif,0.8,3,1771108529,208,32.4715,36.5649,4.0935
600M,chip_159_403_merged.tif,0.8,4,1390501898,208,33.7988,35.9611,2.1623
600M,chip_159_406_merged.tif,0.2,0,377078620,50,34.4576,37.8904,3.4328
600M,chip_159_406_merged.tif,0.2,1,2044616750,50,33.5185,37.0795,3.561
600M,chip_159_406_merged.tif,0.2,2,1664010119,50,32.816,37.1996,4.3836
600M,chip_159_406_merged.tif,0.2,3,1184064601,50,34.4275,36.0112,1.5837
600M,chip_159_406_merged.tif,0.2,4,803457970,50,34.2063,36.8126,2.6064
600M,chip_159_406_merged.tif,0.4,0,117124400,100,32.6462,35.9425,3.2962
600M,chip_159_406_merged.tif,0.4,1,1884001417,100,32.9008,36.1135,3.2127
600M,chip_159_406_merged.tif,0.4,2,1404055899,100,32.8865,36.0576,3.1711
600M,chip_159_406_merged.tif,0.4,3,1023449268,100,33.0695,36.2495,3.18
600M,chip_159_406_merged.tif,0.4,4,642842637,100,32.6463,36.585,3.9388
600M,chip_159_406_merged.tif,0.6,0,1521309841,154,33.5863,33.9697,0.3834
600M,chip_159_406_merged.tif,0.6,1,1140703210,154,32.747,35.6825,2.9355
600M,chip_159_406_merged.tif,0.6,2,760096579,154,33.2095,35.2019,1.9924
600M,chip_159_406_merged.tif,0.6,3,280151061,154,33.5859,34.8763,1.2904
600M,chip_159_406_merged.tif,0.6,4,2047028078,154,32.7469,35.2355,2.4887
600M,chip_159_406_merged.tif,0.8,0,1138056532,208,32.6155,34.4589,1.8434
600M,chip_159_406_merged.tif,0.8,1,658111014,208,32.6149,34.2731,1.6582
600M,chip_159_406_merged.tif,0.8,2,277504383,208,32.6847,33.8948,1.2101
600M,chip_159_406_merged.tif,0.8,3,1945042513,208,32.615,33.9191,1.3042
600M,chip_159_406_merged.tif,0.8,4,1564435882,208,32.6848,34.0135,1.3287
600M,chip_160_591_merged.tif,0.2,0,611223734,50,31.1125,34.6905,3.578
600M,chip_160_591_merged.tif,0.2,1,131278216,50,31.1111,34.7566,3.6456
600M,chip_160_591_merged.tif,0.2,2,1898155233,50,30.9952,33.8103,2.8151
600M,chip_160_591_merged.tif,0.2,3,1517548602,50,30.9098,34.6264,3.7165
600M,chip_160_591_merged.tif,0.2,4,1037603084,50,31.5493,34.7303,3.181
600M,chip_160_591_merged.tif,0.4,0,1693432312,100,30.7637,34.3521,3.5885
600M,chip_160_591_merged.tif,0.4,1,1312825681,100,30.9916,34.0595,3.0679
600M,chip_160_591_merged.tif,0.4,2,932219050,100,31.2589,33.4999,2.2409
600M,chip_160_591_merged.tif,0.4,3,452273532,100,31.2584,33.7059,2.4475
600M,chip_160_591_merged.tif,0.4,4,71666901,100,31.1549,32.9293,1.7744
600M,chip_160_591_merged.tif,0.6,0,1854793842,154,30.3611,33.308,2.947
600M,chip_160_591_merged.tif,0.6,1,1374848324,154,31.0317,33.8623,2.8306
600M,chip_160_591_merged.tif,0.6,2,994241693,154,31.2464,33.2126,1.9661
600M,chip_160_591_merged.tif,0.6,3,514296175,154,31.2988,33.5601,2.2613
600M,chip_160_591_merged.tif,0.6,4,133689544,154,31.0906,33.6049,2.5143
600M,chip_160_591_merged.tif,0.8,0,1372201646,208,30.6524,32.3504,1.698
600M,chip_160_591_merged.tif,0.8,1,892256128,208,30.6524,32.3971,1.7447
600M,chip_160_591_merged.tif,0.8,2,511649497,208,30.6748,32.0746,1.3998
600M,chip_160_591_merged.tif,0.8,3,131042866,208,30.6744,32.4185,1.7441
600M,chip_160_591_merged.tif,0.8,4,1798580996,208,30.6521,31.951,1.2989
600M,chip_162_370_merged.tif,0.2,0,217808674,50,34.6499,36.8063,2.1564
600M,chip_162_370_merged.tif,0.2,1,1984685691,50,36.4189,37.5617,1.1428
600M,chip_162_370_merged.tif,0.2,2,1504740173,50,36.4718,37.3952,0.9234
600M,chip_162_370_merged.tif,0.2,3,1124133542,50,36.7661,38.1356,1.3695
600M,chip_162_370_merged.tif,0.2,4,644188024,50,37.7621,37.5957,-0.1664
600M,chip_162_370_merged.tif,0.4,0,1399356139,100,34.7715,37.0657,2.2941
600M,chip_162_370_merged.tif,0.4,1,919410621,100,35.9391,37.8169,1.8778
600M,chip_162_370_merged.tif,0.4,2,538803990,100,34.616,37.2412,2.6252
600M,chip_162_370_merged.tif,0.4,3,58858472,100,34.4405,37.798,3.3575
600M,chip_162_370_merged.tif,0.4,4,1825735489,100,35.7003,36.8832,1.1829
600M,chip_162_370_merged.tif,0.6,0,1461378782,154,35.0843,37.527,2.4426
600M,chip_162_370_merged.tif,0.6,1,981433264,154,35.6463,37.1997,1.5533
600M,chip_162_370_merged.tif,0.6,2,600826633,154,36.2127,36.9015,0.6887
600M,chip_162_370_merged.tif,0.6,3,220220002,154,35.0844,36.7721,1.6877
600M,chip_162_370_merged.tif,0.6,4,1887758132,154,35.8044,37.6211,1.8167
600M,chip_162_370_merged.tif,0.8,0,978786586,208,35.4121,36.5182,1.1062
600M,chip_162_370_merged.tif,0.8,1,598179955,208,34.4083,36.8143,2.406
600M,chip_162_370_merged.tif,0.8,2,118234437,208,34.6028,36.1833,1.5805
600M,chip_162_370_merged.tif,0.8,3,1885111454,208,35.7364,36.4492,0.7128
600M,chip_162_370_merged.tif,0.8,4,1405165936,208,34.408,36.3166,1.9086
600M,chip_162_406_merged.tif,0.2,0,1286495491,50,36.8199,37.7387,0.9188
600M,chip_162_406_merged.tif,0.2,1,905888860,50,34.9567,37.6953,2.7386
600M,chip_162_406_merged.tif,0.2,2,425943342,50,36.1599,38.7222,2.5622
600M,chip_162_406_merged.tif,0.2,3,45336711,50,37.4137,38.2293,0.8156
600M,chip_162_406_merged.tif,0.2,4,1812213728,50,34.1209,38.8005,4.6795
600M,chip_162_406_merged.tif,0.4,0,1125880158,100,35.2655,37.662,2.3966
600M,chip_162_406_merged.tif,0.4,1,745273527,100,35.9603,37.8676,1.9074
600M,chip_162_406_merged.tif,0.4,2,265328009,100,35.1819,37.2953,2.1134
600M,chip_162_406_merged.tif,0.4,3,2032205026,100,36.5691,37.8798,1.3106
600M,chip_162_406_merged.tif,0.4,4,1552259508,100,34.8836,37.0305,2.1469
600M,chip_162_406_merged.tif,0.6,0,382581951,154,34.1267,36.7905,2.6638
600M,chip_162_406_merged.tif,0.6,1,1975320,154,35.6552,37.1174,1.4622
600M,chip_162_406_merged.tif,0.6,2,1669513450,154,35.656,37.3064,1.6504
600M,chip_162_406_merged.tif,0.6,3,1288906819,154,34.4227,36.4483,2.0256
600M,chip_162_406_merged.tif,0.6,4,808961301,154,35.6286,37.4831,1.8545
600M,chip_162_406_merged.tif,0.8,0,1194534540,208,33.8562,35.9038,2.0476
600M,chip_162_406_merged.tif,0.8,1,813927909,208,34.2923,36.1628,1.8705
600M,chip_162_406_merged.tif,0.8,2,433321278,208,34.2915,36.2244,1.9329
600M,chip_162_406_merged.tif,0.8,3,2100859408,208,34.5521,36.3882,1.8361
600M,chip_162_406_merged.tif,0.8,4,1720252777,208,34.5531,36.0913,1.5382
600M,chip_163_371_merged.tif,0.2,0,1284515446,50,36.6257,37.7051,1.0794
600M,chip_163_371_merged.tif,0.2,1,903908815,50,37.0359,37.5226,0.4867
600M,chip_163_371_merged.tif,0.2,2,423963297,50,35.925,38.2541,2.3291
600M,chip_163_371_merged.tif,0.2,3,43356666,50,36.4411,38.4065,1.9654
600M,chip_163_371_merged.tif,0.2,4,1710894796,50,35.9915,38.1918,2.2002
600M,chip_163_371_merged.tif,0.4,0,318579263,100,35.1384,37.8055,2.6671
600M,chip_163_371_merged.tif,0.4,1,1986117393,100,36.3039,38.2839,1.98
600M,chip_163_371_merged.tif,0.4,2,1605510762,100,35.9244,37.5695,1.6451
600M,chip_163_371_merged.tif,0.4,3,1125565244,100,34.5631,37.3051,2.7419
600M,chip_163_371_merged.tif,0.4,4,744958613,100,36.2521,37.6478,1.3957
600M,chip_163_371_merged.tif,0.6,0,380601906,154,34.7076,37.4481,2.7405
600M,chip_163_371_merged.tif,0.6,1,2147478923,154,34.7068,37.8186,3.1118
600M,chip_163_371_merged.tif,0.6,2,1667533405,154,35.0721,37.4956,2.4235
600M,chip_163_371_merged.tif,0.6,3,1286926774,154,35.159,38.1633,3.0043
600M,chip_163_371_merged.tif,0.6,4,806981256,154,35.167,37.4924,2.3254
600M,chip_163_371_merged.tif,0.8,0,2045493358,208,33.9827,36.6534,2.6707
600M,chip_163_371_merged.tif,0.8,1,1664886727,208,34.5653,36.4033,1.838
600M,chip_163_371_merged.tif,0.8,2,1184941209,208,34.5648,36.7231,2.1583
600M,chip_163_371_merged.tif,0.8,3,804334578,208,33.7901,36.7931,3.0029
600M,chip_163_371_merged.tif,0.8,4,324389060,208,34.5655,36.0613,1.4958
600M,chip_163_519_merged.tif,0.2,0,996138633,50,34.1725,36.0215,1.849
600M,chip_163_519_merged.tif,0.2,1,516193115,50,32.2668,35.3271,3.0604
600M,chip_163_519_merged.tif,0.2,2,135586484,50,34.2147,35.879,1.6643
600M,chip_163_519_merged.tif,0.2,3,1803124614,50,34.1475,35.2495,1.1019
600M,chip_163_519_merged.tif,0.2,4,1422517983,50,34.0044,35.7529,1.7484
600M,chip_163_519_merged.tif,0.4,0,736184413,100,33.031,35.1604,2.1295
600M,chip_163_519_merged.tif,0.4,1,355577782,100,32.4907,35.3541,2.8634
600M,chip_163_519_merged.tif,0.4,2,2023115912,100,33.1491,34.6786,1.5295
600M,chip_163_519_merged.tif,0.4,3,1642509281,100,32.5199,35.098,2.578
600M,chip_163_519_merged.tif,0.4,4,1261902650,100,33.5597,34.351,0.7913
600M,chip_163_519_merged.tif,0.6,0,2140369854,154,32.7053,34.6356,1.9303
600M,chip_163_519_merged.tif,0.6,1,1759763223,154,33.3552,34.4054,1.0502
600M,chip_163_519_merged.tif,0.6,2,1279817705,154,32.5041,34.3812,1.8771
600M,chip_163_519_merged.tif,0.6,3,899211074,154,32.5043,34.7773,2.2731
600M,chip_163_519_merged.tif,0.6,4,518604443,154,33.059,34.1891,1.1301
600M,chip_163_519_merged.tif,0.8,0,1757116545,208,32.4475,33.649,1.2015
600M,chip_163_519_merged.tif,0.8,1,1277171027,208,32.4475,32.9924,0.5449
600M,chip_163_519_merged.tif,0.8,2,896564396,208,32.2256,33.2359,1.0103
600M,chip_163_519_merged.tif,0.8,3,416618878,208,32.3999,34.0272,1.6273
600M,chip_163_519_merged.tif,0.8,4,36012247,208,32.226,33.5308,1.3049
600M,chip_163_537_merged.tif,0.2,0,867324778,50,32.5104,38.1441,5.6337
600M,chip_163_537_merged.tif,0.2,1,387379260,50,33.5474,38.0244,4.4771
600M,chip_163_537_merged.tif,0.2,2,6772629,50,34.5846,36.8276,2.243
600M,chip_163_537_merged.tif,0.2,3,1674310759,50,35.2507,38.1645,2.9138
600M,chip_163_537_merged.tif,0.2,4,1293704128,50,34.2428,36.7339,2.4911
600M,chip_163_537_merged.tif,0.4,0,607370558,100,34.2929,37.4923,3.1994
600M,chip_163_537_merged.tif,0.4,1,226763927,100,34.8547,37.4381,2.5834
600M,chip_163_537_merged.tif,0.4,2,1894302057,100,35.7951,37.4926,1.6975
600M,chip_163_537_merged.tif,0.4,3,1513695426,100,35.3027,37.6973,2.3946
600M,chip_163_537_merged.tif,0.4,4,1133088795,100,34.2938,38.5219,4.2281
600M,chip_163_537_merged.tif,0.6,0,2011555999,154,34.2593,36.8922,2.6329
600M,chip_163_537_merged.tif,0.6,1,1630949368,154,34.273,37.4397,3.1667
600M,chip_163_537_merged.tif,0.6,2,1250342737,154,34.5621,37.1044,2.5422
600M,chip_163_537_merged.tif,0.6,3,770397219,154,34.2596,37.2232,2.9636
600M,chip_163_537_merged.tif,0.6,4,389790588,154,34.8621,37.1743,2.3122
600M,chip_163_537_merged.tif,0.8,0,1628302690,208,33.745,34.9171,1.1721
600M,chip_163_537_merged.tif,0.8,1,1148357172,208,32.109,36.2783,4.1693
600M,chip_163_537_merged.tif,0.8,2,767750541,208,33.7452,35.1757,1.4305
600M,chip_163_537_merged.tif,0.8,3,287805023,208,32.8918,35.606,2.7142
600M,chip_163_537_merged.tif,0.8,4,2054682040,208,32.1094,35.9696,3.8603
600M,chip_163_593_merged.tif,0.2,0,2073877463,50,30.1788,32.1556,1.9769
600M,chip_163_593_merged.tif,0.2,1,1593931945,50,31.2257,33.6522,2.4265
600M,chip_163_593_merged.tif,0.2,2,1213325314,50,30.1119,33.5663,3.4544
600M,chip_163_593_merged.tif,0.2,3,832718683,50,31.8918,34.176,2.2842
600M,chip_163_593_merged.tif,0.2,4,352773165,50,30.1116,33.8137,3.7021
600M,chip_163_593_merged.tif,0.4,0,1913262130,100,31.1919,33.687,2.4951
600M,chip_163_593_merged.tif,0.4,1,1433316612,100,30.2092,33.3577,3.1485
600M,chip_163_593_merged.tif,0.4,2,1052709981,100,30.3117,33.6343,3.3226
600M,chip_163_593_merged.tif,0.4,3,572764463,100,30.4517,33.3855,2.9338
600M,chip_163_593_merged.tif,0.4,4,192157832,100,31.2942,32.8336,1.5395
600M,chip_163_593_merged.tif,0.6,0,1169963923,154,30.7595,32.2118,1.4523
600M,chip_163_593_merged.tif,0.6,1,690018405,154,30.7593,32.4932,1.7339
600M,chip_163_593_merged.tif,0.6,2,309411774,154,31.4377,32.8452,1.4074
600M,chip_163_593_merged.tif,0.6,3,1976949904,154,31.0932,32.5528,1.4596
600M,chip_163_593_merged.tif,0.6,4,1596343273,154,31.4129,33.2659,1.8529
600M,chip_163_593_merged.tif,0.8,0,687371727,208,30.9404,31.5727,0.6323
600M,chip_163_593_merged.tif,0.8,1,207426209,208,30.9403,31.9112,0.9709
600M,chip_163_593_merged.tif,0.8,2,1974303226,208,30.6452,31.6726,1.0274
600M,chip_163_593_merged.tif,0.8,3,1593696595,208,30.6456,31.2677,0.6221
600M,chip_163_593_merged.tif,0.8,4,1113751077,208,30.7907,32.0531,1.2625
600M,chip_164_475_merged.tif,0.2,0,1490576353,50,34.3295,35.3564,1.0269
600M,chip_164_475_merged.tif,0.2,1,1109969722,50,32.473,35.6378,3.1648
600M,chip_164_475_merged.tif,0.2,2,630024204,50,32.0021,35.1212,3.1192
600M,chip_164_475_merged.tif,0.2,3,249417573,50,33.9156,36.239,2.3235
600M,chip_164_475_merged.tif,0.2,4,1916955703,50,34.6641,35.9584,1.2943
600M,chip_164_475_merged.tif,0.4,0,524640170,100,33.7343,35.393,1.6587
600M,chip_164_475_merged.tif,0.4,1,44694652,100,32.8876,35.4678,2.5802
600M,chip_164_475_merged.tif,0.4,2,1811571669,100,32.7103,35.5534,2.8431
600M,chip_164_475_merged.tif,0.4,3,1331626151,100,33.1438,35.3784,2.2346
600M,chip_164_475_merged.tif,0.4,4,951019520,100,33.7348,35.4055,1.6707
600M,chip_164_475_merged.tif,0.6,0,586662813,154,34.2835,35.2332,0.9497
600M,chip_164_475_merged.tif,0.6,1,106717295,154,33.0875,35.2676,2.1801
600M,chip_164_475_merged.tif,0.6,2,1873594312,154,32.7531,35.0619,2.3088
600M,chip_164_475_merged.tif,0.6,3,1492987681,154,33.403,35.1376,1.7346
600M,chip_164_475_merged.tif,0.6,4,1013042163,154,34.2955,35.1964,0.9008
600M,chip_164_475_merged.tif,0.8,0,104070617,208,33.1763,33.7667,0.5904
600M,chip_164_475_merged.tif,0.8,1,1870947634,208,33.4079,33.5002,0.0923
600M,chip_164_475_merged.tif,0.8,2,1391002116,208,32.8843,33.5138,0.6296
600M,chip_164_475_merged.tif,0.8,3,1010395485,208,33.1756,34.56,1.3844
600M,chip_164_475_merged.tif,0.8,4,530449967,208,33.1306,34.2551,1.1244
600M,chip_165_403_merged.tif,0.2,0,2067019325,50,33.433,36.1226,2.6895
600M,chip_165_403_merged.tif,0.2,1,1587073807,50,33.3427,36.5775,3.2348
600M,chip_165_403_merged.tif,0.2,2,1206467176,50,34.1972,36.4839,2.2868
600M,chip_165_403_merged.tif,0.2,3,825860545,50,33.121,35.7193,2.5982
600M,chip_165_403_merged.tif,0.2,4,345915027,50,34.6335,35.7737,1.1403
600M,chip_165_403_merged.tif,0.4,0,1906403992,100,34.355,35.8925,1.5375
600M,chip_165_403_merged.tif,0.4,1,1426458474,100,33.7448,34.9465,1.2016
600M,chip_165_403_merged.tif,0.4,2,1045851843,100,33.848,35.3706,1.5225
600M,chip_165_403_merged.tif,0.4,3,565906325,100,33.5441,36.3185,2.7744
600M,chip_165_403_merged.tif,0.4,4,185299694,100,33.2489,36.0189,2.77
600M,chip_165_403_merged.tif,0.6,0,1163105785,154,33.2675,35.4569,2.1894
600M,chip_165_403_merged.tif,0.6,1,683160267,154,33.4847,35.0167,1.5321
600M,chip_165_403_merged.tif,0.6,2,302553636,154,33.6803,34.7462,1.066
600M,chip_165_403_merged.tif,0.6,3,1970091766,154,33.4846,34.817,1.3324
600M,chip_165_403_merged.tif,0.6,4,1589485135,154,33.3712,35.0515,1.6803
600M,chip_165_403_merged.tif,0.8,0,680513589,208,32.5962,34.347,1.7509
600M,chip_165_403_merged.tif,0.8,1,200568071,208,32.5962,33.8405,1.2443
600M,chip_165_403_merged.tif,0.8,2,1967445088,208,32.5968,34.1261,1.5293
600M,chip_165_403_merged.tif,0.8,3,1586838457,208,33.1341,33.7233,0.5892
600M,chip_165_403_merged.tif,0.8,4,1106892939,208,33.1347,33.8496,0.7149
600M,chip_165_520_merged.tif,0.2,0,1189031376,50,32.6027,36.2139,3.6112
600M,chip_165_520_merged.tif,0.2,1,808424745,50,32.5229,35.3465,2.8236
600M,chip_165_520_merged.tif,0.2,2,427818114,50,33.9492,35.1502,1.201
600M,chip_165_520_merged.tif,0.2,3,2095356244,50,33.0652,34.9581,1.8928
600M,chip_165_520_merged.tif,0.2,4,1714749613,50,33.1601,36.1302,2.9701
600M,chip_165_520_merged.tif,0.4,0,223095193,100,32.3765,35.5108,3.1344
600M,chip_165_520_merged.tif,0.4,1,1989972210,100,32.4727,35.5227,3.0501
600M,chip_165_520_merged.tif,0.4,2,1510026692,100,32.9364,35.2032,2.2669
600M,chip_165_520_merged.tif,0.4,3,1129420061,100,32.635,35.9734,3.3384
600M,chip_165_520_merged.tif,0.4,4,649474543,100,32.5996,35.844,3.2443
600M,chip_165_520_merged.tif,0.6,0,285117836,154,32.5212,35.5786,3.0573
600M,chip_165_520_merged.tif,0.6,1,2051994853,154,32.5128,35.0558,2.5431
600M,chip_165_520_merged.tif,0.6,2,1572049335,154,32.3917,34.8677,2.476
600M,chip_165_520_merged.tif,0.6,3,1191442704,154,33.269,35.5645,2.2955
600M,chip_165_520_merged.tif,0.6,4,810836073,154,32.8593,35.1564,2.297
600M,chip_165_520_merged.tif,0.8,0,1950009288,208,32.9988,33.3468,0.348
600M,chip_165_520_merged.tif,0.8,1,1569402657,208,33.0233,34.2687,1.2454
600M,chip_165_520_merged.tif,0.8,2,1188796026,208,32.9985,33.9093,0.9108
600M,chip_165_520_merged.tif,0.8,3,708850508,208,33.0239,34.2916,1.2677
600M,chip_165_520_merged.tif,0.8,4,328243877,208,32.9984,33.9795,0.9811
600M,chip_165_524_merged.tif,0.2,0,268662703,50,34.4838,37.5196,3.0358
600M,chip_165_524_merged.tif,0.2,1,1936200833,50,35.2993,36.777,1.4777
600M,chip_165_524_merged.tif,0.2,2,1555594202,50,34.4313,37.5936,3.1623
600M,chip_165_524_merged.tif,0.2,3,1174987571,50,35.5636,37.1707,1.6071
600M,chip_165_524_merged.tif,0.2,4,695042053,50,35.67,36.4075,0.7375
600M,chip_165_524_merged.tif,0.4,0,1350871281,100,35.1169,37.652,2.5351
600M,chip_165_524_merged.tif,0.4,1,970264650,100,35.2146,36.8226,1.6079
600M,chip_165_524_merged.tif,0.4,2,589658019,100,34.7926,36.2502,1.4576
600M,chip_165_524_merged.tif,0.4,3,109712501,100,35.3021,36.1451,0.843
600M,chip_165_524_merged.tif,0.4,4,1876589518,100,34.0192,37.3509,3.3318
600M,chip_165_524_merged.tif,0.6,0,1512232811,154,33.6047,35.5426,1.9378
600M,chip_165_524_merged.tif,0.6,1,1032287293,154,34.9973,35.67,0.6727
600M,chip_165_524_merged.tif,0.6,2,651680662,154,34.9917,37.3224,2.3307
600M,chip_165_524_merged.tif,0.6,3,171735144,154,34.3499,36.7669,2.417
600M,chip_165_524_merged.tif,0.6,4,1938612161,154,34.7747,36.5083,1.7336
600M,chip_165_524_merged.tif,0.8,0,1029640615,208,34.0135,35.1595,1.1461
600M,chip_165_524_merged.tif,0.8,1,549695097,208,33.1413,34.7011,1.5598
600M,chip_165_524_merged.tif,0.8,2,169088466,208,34.2835,34.5902,0.3067
600M,chip_165_524_merged.tif,0.8,3,1935965483,208,34.2844,35.5929,1.3085
600M,chip_165_524_merged.tif,0.8,4,1456019965,208,33.1416,34.9524,1.8109
600M,chip_166_411_merged.tif,0.2,0,380510611,50,34.4721,36.3915,1.9194
600M,chip_166_411_merged.tif,0.2,1,2147387628,50,34.0877,36.7133,2.6256
600M,chip_166_411_merged.tif,0.2,2,1667442110,50,34.4716,36.9471,2.4755
600M,chip_166_411_merged.tif,0.2,3,1286835479,50,34.0544,36.2186,2.1642
600M,chip_166_411_merged.tif,0.2,4,906228848,50,35.5209,36.611,1.0901
600M,chip_166_411_merged.tif,0.4,0,1562058076,100,33.7507,36.0811,2.3303
600M,chip_166_411_merged.tif,0.4,1,1082112558,100,35.8659,36.5654,0.6995
600M,chip_166_411_merged.tif,0.4,2,701505927,100,34.7199,36.9145,2.1946
600M,chip_166_411_merged.tif,0.4,3,221560409,100,33.0984,36.6488,3.5504
600M,chip_166_411_merged.tif,0.4,4,1988437426,100,35.033,36.6116,1.5787
600M,chip_166_411_merged.tif,0.6,0,818759869,154,33.3872,36.3756,2.9884
600M,chip_166_411_merged.tif,0.6,1,338814351,154,34.0228,34.5911,0.5683
600M,chip_166_411_merged.tif,0.6,2,2105691368,154,34.8785,35.7747,0.8962
600M,chip_166_411_merged.tif,0.6,3,1725084737,154,34.1946,34.66,0.4653
600M,chip_166_411_merged.tif,0.6,4,1245139219,154,34.2063,36.406,2.1997
600M,chip_166_411_merged.tif,0.8,0,336167673,208,33.7973,34.1113,0.314
600M,chip_166_411_merged.tif,0.8,1,2103044690,208,32.5139,35.6827,3.1688
600M,chip_166_411_merged.tif,0.8,2,1623099172,208,32.5128,34.6382,2.1254
600M,chip_166_411_merged.tif,0.8,3,1242492541,208,33.4365,35.1408,1.7043
600M,chip_166_411_merged.tif,0.8,4,762547023,208,33.7969,35.0554,1.2585
600M,chip_166_524_merged.tif,0.2,0,1887228998,50,37.0791,38.5295,1.4504
600M,chip_166_524_merged.tif,0.2,1,1407283480,50,35.8902,37.6155,1.7253
600M,chip_166_524_merged.tif,0.2,2,1026676849,50,36.1684,37.5492,1.3808
600M,chip_166_524_merged.tif,0.2,3,546731331,50,35.1979,37.3578,2.1598
600M,chip_166_524_merged.tif,0.2,4,166124700,50,36.108,38.3132,2.2052
600M,chip_166_524_merged.tif,0.4,0,1627274778,100,36.232,37.9364,1.7044
600M,chip_166_524_merged.tif,0.4,1,1246668147,100,35.0309,38.0253,2.9943
600M,chip_166_524_merged.tif,0.4,2,766722629,100,36.0365,37.7391,1.7026
600M,chip_166_524_merged.tif,0.4,3,386115998,100,35.877,36.967,1.0899
600M,chip_166_524_merged.tif,0.4,4,5509367,100,36.0662,38.0707,2.0045
600M,chip_166_524_merged.tif,0.6,0,883976571,154,35.7072,37.3374,1.6303
600M,chip_166_524_merged.tif,0.6,1,503369940,154,35.5287,37.766,2.2373
600M,chip_166_524_merged.tif,0.6,2,23424422,154,35.7096,37.0767,1.3672
600M,chip_166_524_merged.tif,0.6,3,1790301439,154,36.1014,37.0333,0.9319
600M,chip_166_524_merged.tif,0.6,4,1409694808,154,35.7093,37.5167,1.8073
600M,chip_166_524_merged.tif,0.8,0,500723262,208,35.083,35.7496,0.6666
600M,chip_166_524_merged.tif,0.8,1,20777744,208,33.8662,36.5922,2.7261
600M,chip_166_524_merged.tif,0.8,2,1787654761,208,33.8669,35.4838,1.6169
600M,chip_166_524_merged.tif,0.8,3,1307709243,208,34.6613,36.3054,1.644
600M,chip_166_524_merged.tif,0.8,4,927102612,208,35.2815,36.4128,1.1313
600M,chip_166_587_merged.tif,0.2,0,2017458716,50,34.7775,36.0327,1.2552
600M,chip_166_587_merged.tif,0.2,1,1537513198,50,33.9835,36.4758,2.4923
600M,chip_166_587_merged.tif,0.2,2,1156906567,50,34.4192,35.7824,1.3633
600M,chip_166_587_merged.tif,0.2,3,676961049,50,33.127,35.6252,2.4981
600M,chip_166_587_merged.tif,0.2,4,296354418,50,33.8918,35.7607,1.8688
600M,chip_166_587_merged.tif,0.4,0,1757504496,100,33.6038,35.7835,2.1798
600M,chip_166_587_merged.tif,0.4,1,1376897865,100,34.2973,35.368,1.0707
600M,chip_166_587_merged.tif,0.4,2,996291234,100,34.2967,35.0746,0.7779
600M,chip_166_587_merged.tif,0.4,3,516345716,100,34.1253,35.4235,1.2982
600M,chip_166_587_merged.tif,0.4,4,135739085,100,33.3276,35.7949,2.4672
600M,chip_166_587_merged.tif,0.6,0,1014206289,154,32.4436,34.5368,2.0932
600M,chip_166_587_merged.tif,0.6,1,633599658,154,32.4611,34.8116,2.3506
600M,chip_166_587_merged.tif,0.6,2,252993027,154,33.1075,34.8056,1.6981
600M,chip_166_587_merged.tif,0.6,3,1920531157,154,33.1668,34.7514,1.5847
600M,chip_166_587_merged.tif,0.6,4,1539924526,154,32.8745,34.2118,1.3372
600M,chip_166_587_merged.tif,0.8,0,630952980,208,32.2362,33.6123,1.3761
600M,chip_166_587_merged.tif,0.8,1,151007462,208,32.4636,33.1954,0.7318
600M,chip_166_587_merged.tif,0.8,2,1917884479,208,32.4635,33.48,1.0165
600M,chip_166_587_merged.tif,0.8,3,1437938961,208,32.4635,33.9617,1.4982
600M,chip_166_587_merged.tif,0.8,4,1057332330,208,32.0624,33.8417,1.7793
600M,chip_167_340_merged.tif,0.2,0,854641063,50,33.9445,37.5859,3.6415
600M,chip_167_340_merged.tif,0.2,1,374695545,50,35.6768,37.3482,1.6714
600M,chip_167_340_merged.tif,0.2,2,2141572562,50,34.2191,37.8546,3.6355
600M,chip_167_340_merged.tif,0.2,3,1760965931,50,36.0415,36.8389,0.7975
600M,chip_167_340_merged.tif,0.2,4,1281020413,50,33.6095,37.8582,4.2486
600M,chip_167_340_merged.tif,0.4,0,694025730,100,34.5241,37.1995,2.6754
600M,chip_167_340_merged.tif,0.4,1,214080212,100,34.082,37.456,3.3741
600M,chip_167_340_merged.tif,0.4,2,1980957229,100,34.2921,36.6291,2.337
600M,chip_167_340_merged.tif,0.4,3,1501011711,100,33.8645,36.8983,3.0338
600M,chip_167_340_merged.tif,0.4,4,1120405080,100,34.4751,36.5583,2.0832
600M,chip_167_340_merged.tif,0.6,0,2098211171,154,34.6226,36.3811,1.7585
600M,chip_167_340_merged.tif,0.6,1,1618265653,154,34.2528,36.232,1.9792
600M,chip_167_340_merged.tif,0.6,2,1237659022,154,34.253,36.1254,1.8724
600M,chip_167_340_merged.tif,0.6,3,757713504,154,34.3832,35.8135,1.4302
600M,chip_167_340_merged.tif,0.6,4,377106873,154,34.1409,36.0261,1.8853
600M,chip_167_340_merged.tif,0.8,0,1615618975,208,28.001,35.1011,7.1001
600M,chip_167_340_merged.tif,0.8,1,1135673457,208,33.5448,34.9687,1.4239
600M,chip_167_340_merged.tif,0.8,2,755066826,208,33.3782,35.3862,2.008
600M,chip_167_340_merged.tif,0.8,3,374460195,208,33.3784,34.8441,1.4657
600M,chip_167_340_merged.tif,0.8,4,2041998325,208,33.3785,35.0063,1.6278
600M,chip_167_411_merged.tif,0.2,0,1100744880,50,35.3727,39.0659,3.6932
600M,chip_167_411_merged.tif,0.2,1,620799362,50,34.4379,37.8627,3.4248
600M,chip_167_411_merged.tif,0.2,2,240192731,50,36.8973,38.2724,1.3751
600M,chip_167_411_merged.tif,0.2,3,2007069748,50,35.7789,36.1001,0.3212
600M,chip_167_411_merged.tif,0.2,4,1527124230,50,35.1927,37.5258,2.3331
600M,chip_167_411_merged.tif,0.4,0,35469810,100,36.3307,37.4539,1.1232
600M,chip_167_411_merged.tif,0.4,1,1802346827,100,35.9644,37.6048,1.6404
600M,chip_167_411_merged.tif,0.4,2,1322401309,100,34.8413,37.1766,2.3353
600M,chip_167_411_merged.tif,0.4,3,941794678,100,35.1638,37.6652,2.5014
600M,chip_167_411_merged.tif,0.4,4,561188047,100,34.1672,36.3694,2.2022
600M,chip_167_411_merged.tif,0.6,0,196831340,154,34.4051,36.6746,2.2695
600M,chip_167_411_merged.tif,0.6,1,1864369470,154,33.2135,37.0733,3.8598
600M,chip_167_411_merged.tif,0.6,2,1483762839,154,33.6044,36.8569,3.2525
600M,chip_167_411_merged.tif,0.6,3,1003817321,154,34.959,36.6627,1.7038
600M,chip_167_411_merged.tif,0.6,4,623210690,154,35.0059,36.9694,1.9635
600M,chip_167_411_merged.tif,0.8,0,1861722792,208,33.6983,34.9473,1.249
600M,chip_167_411_merged.tif,0.8,1,1381777274,208,33.6977,35.5015,1.8038
600M,chip_167_411_merged.tif,0.8,2,1001170643,208,33.6891,35.3555,1.6664
600M,chip_167_411_merged.tif,0.8,3,521225125,208,33.3548,34.9268,1.572
600M,chip_167_411_merged.tif,0.8,4,140618494,208,33.6978,34.6344,0.9365
600M,chip_167_437_merged.tif,0.2,0,353158887,50,36.2241,38.2025,1.9784
600M,chip_167_437_merged.tif,0.2,1,2020697017,50,36.2611,38.2652,2.0041
600M,chip_167_437_merged.tif,0.2,2,1640090386,50,36.7171,38.964,2.2469
600M,chip_167_437_merged.tif,0.2,3,1259483755,50,36.1497,38.9703,2.8207
600M,chip_167_437_merged.tif,0.2,4,779538237,50,35.5119,38.7017,3.1898
600M,chip_167_437_merged.tif,0.4,0,192543554,100,35.9428,37.7252,1.7824
600M,chip_167_437_merged.tif,0.4,1,1860081684,100,35.6125,38.5941,2.9816
600M,chip_167_437_merged.tif,0.4,2,1479475053,100,35.9431,38.0495,2.1064
600M,chip_167_437_merged.tif,0.4,3,999529535,100,35.5738,37.953,2.3791
600M,chip_167_437_merged.tif,0.4,4,618922904,100,35.8089,38.0915,2.2827
600M,chip_167_437_merged.tif,0.6,0,1596728995,154,35.259,37.9881,2.7291
600M,chip_167_437_merged.tif,0.6,1,1116783477,154,35.9051,37.5279,1.6228
600M,chip_167_437_merged.tif,0.6,2,736176846,154,35.9049,37.7983,1.8934
600M,chip_167_437_merged.tif,0.6,3,256231328,154,35.9058,37.425,1.5192
600M,chip_167_437_merged.tif,0.6,4,2023108345,154,35.8551,37.0148,1.1597
600M,chip_167_437_merged.tif,0.8,0,1114136799,208,35.1343,36.2231,1.0888
600M,chip_167_437_merged.tif,0.8,1,634191281,208,34.8842,36.6207,1.7365
600M,chip_167_437_merged.tif,0.8,2,253584650,208,35.1345,36.2047,1.0703
600M,chip_167_437_merged.tif,0.8,3,2020461667,208,34.9252,36.3696,1.4444
600M,chip_167_437_merged.tif,0.8,4,1540516149,208,34.9249,36.1128,1.1879
600M,chip_169_398_merged.tif,0.2,0,1382958869,50,38.7031,39.3606,0.6575
600M,chip_169_398_merged.tif,0.2,1,1002352238,50,39.3563,40.551,1.1947
600M,chip_169_398_merged.tif,0.2,2,522406720,50,38.4971,39.4221,0.9251
600M,chip_169_398_merged.tif,0.2,3,141800089,50,38.7496,39.2663,0.5166
600M,chip_169_398_merged.tif,0.2,4,1908677106,50,37.0748,40.2963,3.2215
600M,chip_169_398_merged.tif,0.4,0,417022686,100,38.7619,39.7472,0.9852
600M,chip_169_398_merged.tif,0.4,1,2084560816,100,38.9474,40.1215,1.1741
600M,chip_169_398_merged.tif,0.4,2,1703954185,100,38.8102,39.5921,0.7819
600M,chip_169_398_merged.tif,0.4,3,1224008667,100,38.8883,39.8391,0.9508
600M,chip_169_398_merged.tif,0.4,4,843402036,100,39.0327,39.3217,0.2891
600M,chip_169_398_merged.tif,0.6,0,479045329,154,38.4945,39.3037,0.8092
600M,chip_169_398_merged.tif,0.6,1,98438698,154,38.1063,39.649,1.5428
600M,chip_169_398_merged.tif,0.6,2,1765976828,154,38.4346,39.3283,0.8937
600M,chip_169_398_merged.tif,0.6,3,1385370197,154,38.7412,38.8372,0.096
600M,chip_169_398_merged.tif,0.6,4,905424679,154,37.0439,39.2998,2.256
600M,chip_169_398_merged.tif,0.8,0,2143936781,208,36.6956,38.7291,2.0335
600M,chip_169_398_merged.tif,0.8,1,1763330150,208,37.0738,37.5878,0.514
600M,chip_169_398_merged.tif,0.8,2,1283384632,208,37.0739,37.4771,0.4033
600M,chip_169_398_merged.tif,0.8,3,902778001,208,37.0731,37.8392,0.7661
600M,chip_169_398_merged.tif,0.8,4,522171370,208,37.2346,38.7622,1.5275
600M,chip_169_407_merged.tif,0.2,0,412869468,50,36.3104,38.2304,1.9201
600M,chip_169_407_merged.tif,0.2,1,32262837,50,35.7524,38.2434,2.491
600M,chip_169_407_merged.tif,0.2,2,1699800967,50,35.5128,37.8391,2.3263
600M,chip_169_407_merged.tif,0.2,3,1319194336,50,31.0523,38.2936,7.2413
600M,chip_169_407_merged.tif,0.2,4,839248818,50,35.4179,38.451,3.0331
600M,chip_169_407_merged.tif,0.4,0,252254135,100,35.5428,37.9684,2.4256
600M,chip_169_407_merged.tif,0.4,1,1919792265,100,35.0472,37.9414,2.8943
600M,chip_169_407_merged.tif,0.4,2,1539185634,100,35.205,37.2891,2.0841
600M,chip_169_407_merged.tif,0.4,3,1158579003,100,34.8164,37.9813,3.1649
600M,chip_169_407_merged.tif,0.4,4,678633485,100,35.3708,37.5876,2.2168
600M,chip_169_407_merged.tif,0.6,0,1656439576,154,35.1964,36.8366,1.6402
600M,chip_169_407_merged.tif,0.6,1,1176494058,154,34.7554,36.8843,2.1289
600M,chip_169_407_merged.tif,0.6,2,795887427,154,34.2346,37.1145,2.8799
600M,chip_169_407_merged.tif,0.6,3,415280796,154,35.0152,36.9542,1.939
600M,chip_169_407_merged.tif,0.6,4,2082818926,154,35.0924,37.0231,1.9307
600M,chip_169_407_merged.tif,0.8,0,1173847380,208,33.6047,36.4761,2.8713
600M,chip_169_407_merged.tif,0.8,1,793240749,208,33.9329,35.9713,2.0383
600M,chip_169_407_merged.tif,0.8,2,313295231,208,33.9332,34.6534,0.7202
600M,chip_169_407_merged.tif,0.8,3,2080172248,208,33.6048,34.624,1.0192
600M,chip_169_407_merged.tif,0.8,4,1600226730,208,33.6047,35.5872,1.9825
600M,chip_170_579_merged.tif,0.2,0,1871639300,50,40.5873,40.3671,-0.2202
600M,chip_170_579_merged.tif,0.2,1,1391693782,50,37.2735,40.4847,3.2111
600M,chip_170_579_merged.tif,0.2,2,1011087151,50,39.7136,39.8858,0.1723
600M,chip_170_579_merged.tif,0.2,3,531141633,50,40.413,40.7556,0.3426
600M,chip_170_579_merged.tif,0.2,4,150535002,50,40.0366,40.0656,0.0289
600M,chip_170_579_merged.tif,0.4,0,806364230,100,40.1309,40.1884,0.0575
600M,chip_170_579_merged.tif,0.4,1,425757599,100,40.321,40.7894,0.4684
600M,chip_170_579_merged.tif,0.4,2,2093295729,100,39.9844,40.4494,0.4651
600M,chip_170_579_merged.tif,0.4,3,1712689098,100,39.7863,40.9626,1.1763
600M,chip_170_579_merged.tif,0.4,4,1232743580,100,39.5414,41.0965,1.5551
600M,chip_170_579_merged.tif,0.6,0,868386873,154,39.8853,40.694,0.8087
600M,chip_170_579_merged.tif,0.6,1,487780242,154,39.886,39.9951,0.1091
600M,chip_170_579_merged.tif,0.6,2,107173611,154,39.8861,40.6969,0.8108
600M,chip_170_579_merged.tif,0.6,3,1774711741,154,40.1464,40.5117,0.3652
600M,chip_170_579_merged.tif,0.6,4,1394105110,154,39.6377,40.5898,0.9521
600M,chip_170_579_merged.tif,0.8,0,485133564,208,38.8141,39.8386,1.0245
600M,chip_170_579_merged.tif,0.8,1,5188046,208,39.2086,40.104,0.8953
600M,chip_170_579_merged.tif,0.8,2,1772065063,208,39.583,40.2345,0.6516
600M,chip_170_579_merged.tif,0.8,3,1292119545,208,38.8144,39.7104,0.896
600M,chip_170_579_merged.tif,0.8,4,911512914,208,39.5885,39.7254,0.137
600M,chip_171_346_merged.tif,0.2,0,1790590622,50,33.1966,36.5087,3.3121
600M,chip_171_346_merged.tif,0.2,1,1409983991,50,34.81,37.4114,2.6014
600M,chip_171_346_merged.tif,0.2,2,930038473,50,32.507,37.4263,4.9193
600M,chip_171_346_merged.tif,0.2,3,549431842,50,34.7548,37.2989,2.5441
600M,chip_171_346_merged.tif,0.2,4,69486324,50,33.5957,37.382,3.7863
600M,chip_171_346_merged.tif,0.4,0,1629975289,100,33.4786,36.4939,3.0154
600M,chip_171_346_merged.tif,0.4,1,1150029771,100,33.4662,36.6146,3.1484
600M,chip_171_346_merged.tif,0.4,2,769423140,100,32.6243,36.8977,4.2734
600M,chip_171_346_merged.tif,0.4,3,289477622,100,34.6419,36.3768,1.7349
600M,chip_171_346_merged.tif,0.4,4,2056354639,100,34.47,36.5878,2.1177
600M,chip_171_346_merged.tif,0.6,0,886677082,154,33.5282,36.0868,2.5586
600M,chip_171_346_merged.tif,0.6,1,406731564,154,33.4857,35.5892,2.1035
600M,chip_171_346_merged.tif,0.6,2,26124933,154,33.4854,35.1096,1.6242
600M,chip_171_346_merged.tif,0.6,3,1693663063,154,32.7735,35.2934,2.5199
600M,chip_171_346_merged.tif,0.6,4,1313056432,154,34.0037,35.5324,1.5286
600M,chip_171_346_merged.tif,0.8,0,404084886,208,33.3966,33.4302,0.0336
600M,chip_171_346_merged.tif,0.8,1,23478255,208,32.4624,33.9422,1.4799
600M,chip_171_346_merged.tif,0.8,2,1691016385,208,32.4632,34.4555,1.9923
600M,chip_171_346_merged.tif,0.8,3,1310409754,208,33.3961,34.4662,1.07
600M,chip_171_346_merged.tif,0.8,4,830464236,208,33.2105,34.7741,1.5636
600M,chip_171_431_merged.tif,0.2,0,989866239,50,36.5727,38.8559,2.2832
600M,chip_171_431_merged.tif,0.2,1,509920721,50,36.8723,38.1976,1.3253
600M,chip_171_431_merged.tif,0.2,2,129314090,50,36.1869,38.7794,2.5925
600M,chip_171_431_merged.tif,0.2,3,1796852220,50,36.1568,39.1022,2.9454
600M,chip_171_431_merged.tif,0.2,4,1416245589,50,35.1324,39.2096,4.0771
600M,chip_171_431_merged.tif,0.4,0,2072074817,100,34.9411,38.8618,3.9207
600M,chip_171_431_merged.tif,0.4,1,1691468186,100,35.2012,38.0527,2.8515
600M,chip_171_431_merged.tif,0.4,2,1211522668,100,35.9852,37.7433,1.7581
600M,chip_171_431_merged.tif,0.4,3,830916037,100,34.392,37.8917,3.4997
600M,chip_171_431_merged.tif,0.4,4,350970519,100,34.8852,39.398,4.5128
600M,chip_171_431_merged.tif,0.6,0,2134097460,154,34.8791,37.2993,2.4202
600M,chip_171_431_merged.tif,0.6,1,1753490829,154,34.8424,38.0077,3.1653
600M,chip_171_431_merged.tif,0.6,2,1372884198,154,34.5876,36.912,2.3245
600M,chip_171_431_merged.tif,0.6,3,892938680,154,34.2048,37.5965,3.3917
600M,chip_171_431_merged.tif,0.6,4,512332049,154,35.2451,36.0075,0.7624
600M,chip_171_431_merged.tif,0.8,0,1750844151,208,34.5482,36.4553,1.907
600M,chip_171_431_merged.tif,0.8,1,1270898633,208,34.4441,35.8206,1.3765
600M,chip_171_431_merged.tif,0.8,2,890292002,208,34.271,35.7977,1.5267
600M,chip_171_431_merged.tif,0.8,3,410346484,208,34.4436,35.6695,1.2259
600M,chip_171_431_merged.tif,0.8,4,29739853,208,34.4439,36.0782,1.6343
600M,chip_171_586_merged.tif,0.2,0,617978429,50,32.5766,36.894,4.3174
600M,chip_171_586_merged.tif,0.2,1,138032911,50,30.9436,36.7674,5.8238
600M,chip_171_586_merged.tif,0.2,2,1904909928,50,33.4098,35.3082,1.8984
600M,chip_171_586_merged.tif,0.2,3,1424964410,50,34.9,36.8625,1.9625
600M,chip_171_586_merged.tif,0.2,4,1044357779,50,33.1163,36.6778,3.5616
600M,chip_171_586_merged.tif,0.4,0,1700187007,100,34.4943,35.8979,1.4036
600M,chip_171_586_merged.tif,0.4,1,1319580376,100,35.1205,35.7533,0.6328
600M,chip_171_586_merged.tif,0.4,2,839634858,100,34.369,35.6984,1.3294
600M,chip_171_586_merged.tif,0.4,3,459028227,100,34.5011,36.6543,2.1532
600M,chip_171_586_merged.tif,0.4,4,2126566357,100,33.8743,36.1881,2.3138
600M,chip_171_586_merged.tif,0.6,0,1762209650,154,34.1134,35.3718,1.2584
600M,chip_171_586_merged.tif,0.6,1,1381603019,154,34.3368,35.4775,1.1408
600M,chip_171_586_merged.tif,0.6,2,1000996388,154,33.6271,34.9944,1.3674
600M,chip_171_586_merged.tif,0.6,3,521050870,154,34.1132,35.5181,1.4048
600M,chip_171_586_merged.tif,0.6,4,140444239,154,31.9222,34.6696,2.7473
600M,chip_171_586_merged.tif,0.8,0,1378956341,208,33.0312,34.0046,0.9733
600M,chip_171_586_merged.tif,0.8,1,899010823,208,33.0317,33.9673,0.9356
600M,chip_171_586_merged.tif,0.8,2,518404192,208,33.3385,34.0491,0.7106
600M,chip_171_586_merged.tif,0.8,3,38458674,208,33.338,33.435,0.097
600M,chip_171_586_merged.tif,0.8,4,1805335691,208,31.8213,33.7297,1.9083
600M,chip_172_154_merged.tif,0.2,0,2086326903,50,27.4998,32.5238,5.024
600M,chip_172_154_merged.tif,0.2,1,1705720272,50,29.3047,33.0365,3.7318
600M,chip_172_154_merged.tif,0.2,2,1225774754,50,30.0323,32.8236,2.7913
600M,chip_172_154_merged.tif,0.2,3,845168123,50,29.9024,31.9348,2.0324
600M,chip_172_154_merged.tif,0.2,4,365222605,50,29.8574,32.8204,2.963
600M,chip_172_154_merged.tif,0.4,0,1925711570,100,29.3689,32.3473,2.9784
600M,chip_172_154_merged.tif,0.4,1,1545104939,100,29.3854,32.0945,2.7091
600M,chip_172_154_merged.tif,0.4,2,1065159421,100,29.1781,32.6772,3.4991
600M,chip_172_154_merged.tif,0.4,3,684552790,100,29.9145,31.4859,1.5714
600M,chip_172_154_merged.tif,0.4,4,204607272,100,29.0185,32.0643,3.0458
600M,chip_172_154_merged.tif,0.6,0,1182413363,154,29.7,30.9158,1.2158
600M,chip_172_154_merged.tif,0.6,1,801806732,154,28.0858,30.8202,2.7345
600M,chip_172_154_merged.tif,0.6,2,321861214,154,28.8106,30.77,1.9594
600M,chip_172_154_merged.tif,0.6,3,2088738231,154,28.9912,31.1168,2.1257
600M,chip_172_154_merged.tif,0.6,4,1608792713,154,29.0958,31.7345,2.6387
600M,chip_172_154_merged.tif,0.8,0,699821167,208,28.8597,30.0707,1.211
600M,chip_172_154_merged.tif,0.8,1,319214536,208,28.86,29.9299,1.0699
600M,chip_172_154_merged.tif,0.8,2,1986752666,208,28.5426,30.2073,1.6647
600M,chip_172_154_merged.tif,0.8,3,1606146035,208,27.6647,29.8567,2.192
600M,chip_172_154_merged.tif,0.8,4,1126200517,208,28.5429,29.8934,1.3505
600M,chip_173_503_merged.tif,0.2,0,148438781,50,34.9186,37.7913,2.8727
600M,chip_173_503_merged.tif,0.2,1,1815976911,50,35.0075,36.4036,1.3961
600M,chip_173_503_merged.tif,0.2,2,1435370280,50,35.0209,37.1663,2.1454
600M,chip_173_503_merged.tif,0.2,3,1054763649,50,36.2108,36.3005,0.0897
600M,chip_173_503_merged.tif,0.2,4,574818131,50,33.6941,37.9262,4.2321
600M,chip_173_503_merged.tif,0.4,0,2135307096,100,34.6689,37.1859,2.517
600M,chip_173_503_merged.tif,0.4,1,1655361578,100,33.6733,36.0769,2.4036
600M,chip_173_503_merged.tif,0.4,2,1274754947,100,33.2637,36.9171,3.6535
600M,chip_173_503_merged.tif,0.4,3,794809429,100,33.5883,36.3536,2.7653
600M,chip_173_503_merged.tif,0.4,4,414202798,100,35.0133,35.2338,0.2205
600M,chip_173_503_merged.tif,0.6,0,1392008889,154,34.1846,36.0078,1.8232
600M,chip_173_503_merged.tif,0.6,1,912063371,154,34.2502,36.1839,1.9336
600M,chip_173_503_merged.tif,0.6,2,531456740,154,34.0202,36.0794,2.0592
600M,chip_173_503_merged.tif,0.6,3,51511222,154,34.2504,36.5648,2.3144
600M,chip_173_503_merged.tif,0.6,4,1818388239,154,33.6974,36.2391,2.5418
600M,chip_173_503_merged.tif,0.8,0,909416693,208,34.2988,35.3217,1.0229
600M,chip_173_503_merged.tif,0.8,1,429471175,208,33.8976,34.7831,0.8854
600M,chip_173_503_merged.tif,0.8,2,48864544,208,33.5704,35.0404,1.47
600M,chip_173_503_merged.tif,0.8,3,1815741561,208,33.5698,35.1934,1.6236
600M,chip_173_503_merged.tif,0.8,4,1335796043,208,33.9995,35.0465,1.047
600M,chip_173_586_merged.tif,0.2,0,876190580,50,32.2223,36.0212,3.799
600M,chip_173_586_merged.tif,0.2,1,396245062,50,32.5782,36.0623,3.4841
600M,chip_173_586_merged.tif,0.2,2,15638431,50,34.7034,35.1535,0.4501
600M,chip_173_586_merged.tif,0.2,3,1782515448,50,33.1678,35.8702,2.7024
600M,chip_173_586_merged.tif,0.2,4,1302569930,50,32.1958,36.4242,4.2285
600M,chip_173_586_merged.tif,0.4,0,1958399158,100,32.4441,35.3122,2.8681
600M,chip_173_586_merged.tif,0.4,1,1577792527,100,31.6774,35.3622,3.6848
600M,chip_173_586_merged.tif,0.4,2,1097847009,100,31.2632,35.5438,4.2807
600M,chip_173_586_merged.tif,0.4,3,717240378,100,31.9991,35.7316,3.7325
600M,chip_173_586_merged.tif,0.4,4,336633747,100,31.4515,35.5473,4.0959
600M,chip_173_586_merged.tif,0.6,0,1215100951,154,31.7146,34.24,2.5254
600M,chip_173_586_merged.tif,0.6,1,834494320,154,32.1883,34.4307,2.2424
600M,chip_173_586_merged.tif,0.6,2,354548802,154,31.8832,34.0627,2.1795
600M,chip_173_586_merged.tif,0.6,3,2121425819,154,31.6005,33.9973,2.3968
600M,chip_173_586_merged.tif,0.6,4,1740819188,154,31.8213,34.9478,3.1265
600M,chip_173_586_merged.tif,0.8,0,831847642,208,31.3223,33.2333,1.911
600M,chip_173_586_merged.tif,0.8,1,351902124,208,31.3865,33.3015,1.915
600M,chip_173_586_merged.tif,0.8,2,2118779141,208,31.4025,33.672,2.2695
600M,chip_173_586_merged.tif,0.8,3,1638833623,208,31.6919,33.0845,1.3926
600M,chip_173_586_merged.tif,0.8,4,1258226992,208,31.3221,33.0865,1.7644
600M,chip_174_360_merged.tif,0.2,0,831804690,50,36.2213,37.0664,0.845
600M,chip_174_360_merged.tif,0.2,1,451198059,50,34.0191,36.9659,2.9468
600M,chip_174_360_merged.tif,0.2,2,70591428,50,35.6231,37.7811,2.158
600M,chip_174_360_merged.tif,0.2,3,1738129558,50,35.9163,36.6103,0.694
600M,chip_174_360_merged.tif,0.2,4,1357522927,50,32.583,36.4067,3.8236
600M,chip_174_360_merged.tif,0.4,0,671189357,100,34.1879,36.6181,2.4302
600M,chip_174_360_merged.tif,0.4,1,290582726,100,34.0342,36.6611,2.6269
600M,chip_174_360_merged.tif,0.4,2,1958120856,100,35.3664,36.4406,1.0742
600M,chip_174_360_merged.tif,0.4,3,1577514225,100,33.8057,36.7654,2.9598
600M,chip_174_360_merged.tif,0.4,4,1097568707,100,33.8506,36.6254,2.7748
600M,chip_174_360_merged.tif,0.6,0,2075374798,154,33.7511,35.5773,1.8262
600M,chip_174_360_merged.tif,0.6,1,1694768167,154,34.1438,36.4332,2.2894
600M,chip_174_360_merged.tif,0.6,2,1214822649,154,33.5703,36.0414,2.4711
600M,chip_174_360_merged.tif,0.6,3,834216018,154,34.4929,35.5322,1.0393
600M,chip_174_360_merged.tif,0.6,4,453609387,154,34.0703,35.7226,1.6522
600M,chip_174_360_merged.tif,0.8,0,1592782602,208,33.922,34.8452,0.9232
600M,chip_174_360_merged.tif,0.8,1,1212175971,208,33.7939,35.1125,1.3186
600M,chip_174_360_merged.tif,0.8,2,831569340,208,33.7947,34.8046,1.0099
600M,chip_174_360_merged.tif,0.8,3,351623822,208,33.756,34.6124,0.8565
600M,chip_174_360_merged.tif,0.8,4,2118500839,208,33.9223,35.3494,1.427
600M,chip_174_408_merged.tif,0.2,0,1478048883,50,35.8084,37.3736,1.5652
600M,chip_174_408_merged.tif,0.2,1,998103365,50,35.6447,37.1086,1.4639
600M,chip_174_408_merged.tif,0.2,2,617496734,50,35.3059,36.976,1.6701
600M,chip_174_408_merged.tif,0.2,3,137551216,50,34.6676,37.3994,2.7319
600M,chip_174_408_merged.tif,0.2,4,1904428233,50,30.2565,36.9965,6.74
600M,chip_174_408_merged.tif,0.4,0,1317433550,100,35.0005,36.0252,1.0247
600M,chip_174_408_merged.tif,0.4,1,837488032,100,34.7439,36.2323,1.4884
600M,chip_174_408_merged.tif,0.4,2,456881401,100,34.8746,36.5724,1.6978
600M,chip_174_408_merged.tif,0.4,3,2124419531,100,34.2947,37.0874,2.7927
600M,chip_174_408_merged.tif,0.4,4,1743812900,100,35.1822,36.7322,1.55
600M,chip_174_408_merged.tif,0.6,0,574135343,154,34.3331,36.3998,2.0667
600M,chip_174_408_merged.tif,0.6,1,94189825,154,34.6001,36.1467,1.5466
600M,chip_174_408_merged.tif,0.6,2,1861066842,154,33.9729,36.1027,2.1298
600M,chip_174_408_merged.tif,0.6,3,1381121324,154,34.2373,35.8806,1.6433
600M,chip_174_408_merged.tif,0.6,4,1000514693,154,34.2341,36.0301,1.796
600M,chip_174_408_merged.tif,0.8,0,91543147,208,33.5877,35.1918,1.604
600M,chip_174_408_merged.tif,0.8,1,1759081277,208,32.9381,35.1234,2.1853
600M,chip_174_408_merged.tif,0.8,2,1378474646,208,32.9382,35.2266,2.2883
600M,chip_174_408_merged.tif,0.8,3,898529128,208,33.6963,34.1328,0.4364
600M,chip_174_408_merged.tif,0.8,4,517922497,208,32.1001,34.579,2.4789
600M,chip_175_400_merged.tif,0.2,0,686009255,50,40.1899,40.804,0.614
600M,chip_175_400_merged.tif,0.2,1,305402624,50,38.8147,41.4685,2.6538
600M,chip_175_400_merged.tif,0.2,2,2072279641,50,39.3712,41.3028,1.9316
600M,chip_175_400_merged.tif,0.2,3,1592334123,50,39.8756,40.8863,1.0107
600M,chip_175_400_merged.tif,0.2,4,1211727492,50,38.0009,40.9484,2.9475
600M,chip_175_400_merged.tif,0.4,0,525393922,100,39.3774,40.9219,1.5445
600M,chip_175_400_merged.tif,0.4,1,144787291,100,38.3107,40.1145,1.8037
600M,chip_175_400_merged.tif,0.4,2,1812325421,100,39.7229,40.4416,0.7187
600M,chip_175_400_merged.tif,0.4,3,1431718790,100,39.2759,41.1261,1.8501
600M,chip_175_400_merged.tif,0.4,4,951773272,100,39.6585,41.2159,1.5575
600M,chip_175_400_merged.tif,0.6,0,1929579363,154,39.5438,40.814,1.2701
600M,chip_175_400_merged.tif,0.6,1,1548972732,154,39.0153,40.4227,1.4074
600M,chip_175_400_merged.tif,0.6,2,1069027214,154,39.0345,40.7301,1.6955
600M,chip_175_400_merged.tif,0.6,3,688420583,154,39.8693,40.8392,0.9699
600M,chip_175_400_merged.tif,0.6,4,307813952,154,39.233,40.4657,1.2327
600M,chip_175_400_merged.tif,0.8,0,1446987167,208,38.4891,39.4089,0.9198
600M,chip_175_400_merged.tif,0.8,1,1066380536,208,38.6831,39.8733,1.1902
600M,chip_175_400_merged.tif,0.8,2,685773905,208,38.6827,39.9927,1.31
600M,chip_175_400_merged.tif,0.8,3,205828387,208,38.6837,39.7818,1.0981
600M,chip_175_400_merged.tif,0.8,4,1972705404,208,38.6534,40.0038,1.3504
600M,chip_175_432_merged.tif,0.2,0,2140306782,50,35.1996,37.3484,2.1487
600M,chip_175_432_merged.tif,0.2,1,1759700151,50,35.0989,37.7314,2.6326
600M,chip_175_432_merged.tif,0.2,2,1279754633,50,32.9484,36.9336,3.9852
600M,chip_175_432_merged.tif,0.2,3,899148002,50,36.5889,37.816,1.2271
600M,chip_175_432_merged.tif,0.2,4,419202484,50,33.9888,38.234,4.2451
600M,chip_175_432_merged.tif,0.4,0,1174370599,100,31.7898,37.7619,5.9721
600M,chip_175_432_merged.tif,0.4,1,694425081,100,34.8247,37.0515,2.2268
600M,chip_175_432_merged.tif,0.4,2,313818450,100,30.7564,38.1316,7.3752
600M,chip_175_432_merged.tif,0.4,3,1981356580,100,34.8086,37.8282,3.0196
600M,chip_175_432_merged.tif,0.4,4,1600749949,100,33.5913,36.2284,2.6371
600M,chip_175_432_merged.tif,0.6,0,1236393242,154,32.7725,35.4584,2.6859
600M,chip_175_432_merged.tif,0.6,1,855786611,154,32.7728,36.489,3.7162
600M,chip_175_432_merged.tif,0.6,2,375841093,154,33.6496,35.9668,2.3173
600M,chip_175_432_merged.tif,0.6,3,2142718110,154,32.7736,36.0841,3.3105
600M,chip_175_432_merged.tif,0.6,4,1662772592,154,32.0004,36.715,4.7147
600M,chip_175_432_merged.tif,0.8,0,753801046,208,33.7392,34.3296,0.5905
600M,chip_175_432_merged.tif,0.8,1,373194415,208,33.7392,35.5194,1.7802
600M,chip_175_432_merged.tif,0.8,2,2040732545,208,31.0131,34.7473,3.7342
600M,chip_175_432_merged.tif,0.8,3,1660125914,208,33.7396,34.2114,0.4718
600M,chip_175_432_merged.tif,0.8,4,1180180396,208,33.7392,34.3967,0.6575
600M,chip_176_027_merged.tif,0.2,0,1181042982,50,33.0267,37.6644,4.6377
600M,chip_176_027_merged.tif,0.2,1,701097464,50,31.8989,37.0316,5.1327
600M,chip_176_027_merged.tif,0.2,2,320490833,50,31.6174,36.0449,4.4275
600M,chip_176_027_merged.tif,0.2,3,1988028963,50,34.3223,37.0188,2.6965
600M,chip_176_027_merged.tif,0.2,4,1607422332,50,31.2508,36.7378,5.487
600M,chip_176_027_merged.tif,0.4,0,115767912,100,30.7286,35.6011,4.8725
600M,chip_176_027_merged.tif,0.4,1,1882644929,100,30.8913,33.4283,2.537
600M,chip_176_027_merged.tif,0.4,2,1402699411,100,32.7145,34.8422,2.1278
600M,chip_176_027_merged.tif,0.4,3,1022092780,100,31.6712,36.1179,4.4467
600M,chip_176_027_merged.tif,0.4,4,542147262,100,31.1951,35.7584,4.5633
600M,chip_176_027_merged.tif,0.6,0,177790555,154,29.655,34.983,5.328
600M,chip_176_027_merged.tif,0.6,1,1944667572,154,30.4253,34.2347,3.8095
600M,chip_176_027_merged.tif,0.6,2,1564060941,154,30.4399,34.2992,3.8593
600M,chip_176_027_merged.tif,0.6,3,1084115423,154,30.076,34.2841,4.2081
600M,chip_176_027_merged.tif,0.6,4,703508792,154,29.6541,34.8866,5.2324
600M,chip_176_027_merged.tif,0.8,0,1942020894,208,29.2549,32.5752,3.3203
600M,chip_176_027_merged.tif,0.8,1,1462075376,208,29.255,31.597,2.342
600M,chip_176_027_merged.tif,0.8,2,1081468745,208,29.3967,32.0105,2.6138
600M,chip_176_027_merged.tif,0.8,3,601523227,208,29.572,33.7184,4.1464
600M,chip_176_027_merged.tif,0.8,4,220916596,208,29.3967,33.268,3.8712
600M,chip_177_265_merged.tif,0.2,0,1167965424,50,38.142,42.232,4.09
600M,chip_177_265_merged.tif,0.2,1,787358793,50,36.7711,43.3891,6.618
600M,chip_177_265_merged.tif,0.2,2,307413275,50,41.9302,43.4482,1.518
600M,chip_177_265_merged.tif,0.2,3,2074290292,50,39.3071,43.6462,4.3392
600M,chip_177_265_merged.tif,0.2,4,1594344774,50,39.7646,42.9045,3.1399
600M,chip_177_265_merged.tif,0.4,0,1007350091,100,38.6946,41.0659,2.3713
600M,chip_177_265_merged.tif,0.4,1,527404573,100,37.2796,42.7922,5.5126
600M,chip_177_265_merged.tif,0.4,2,146797942,100,37.2793,42.1634,4.884
600M,chip_177_265_merged.tif,0.4,3,1814336072,100,38.7634,41.9633,3.1999
600M,chip_177_265_merged.tif,0.4,4,1433729441,100,36.9427,42.4304,5.4877
600M,chip_177_265_merged.tif,0.6,0,264051884,154,37.4973,40.3715,2.8742
600M,chip_177_265_merged.tif,0.6,1,1931590014,154,38.1732,41.8854,3.7122
600M,chip_177_265_merged.tif,0.6,2,1550983383,154,36.9028,41.7966,4.8939
600M,chip_177_265_merged.tif,0.6,3,1071037865,154,36.9025,40.759,3.8565
600M,chip_177_265_merged.tif,0.6,4,690431234,154,37.1657,40.0029,2.8372
600M,chip_177_265_merged.tif,0.8,0,1928943336,208,36.1795,39.2419,3.0624
600M,chip_177_265_merged.tif,0.8,1,1548336705,208,35.8367,38.9907,3.154
600M,chip_177_265_merged.tif,0.8,2,1068391187,208,35.2511,38.6894,3.4383
600M,chip_177_265_merged.tif,0.8,3,687784556,208,34.3597,40.0513,5.6916
600M,chip_177_265_merged.tif,0.8,4,207839038,208,36.1793,38.732,2.5527
600M,chip_177_428_merged.tif,0.2,0,13384191,50,34.4547,37.6401,3.1854
600M,chip_177_428_merged.tif,0.2,1,1780261208,50,33.7859,37.0175,3.2317
600M,chip_177_428_merged.tif,0.2,2,1399654577,50,34.0588,37.0834,3.0246
600M,chip_177_428_merged.tif,0.2,3,919709059,50,35.1113,37.9968,2.8854
600M,chip_177_428_merged.tif,0.2,4,539102428,50,33.834,37.4557,3.6216
600M,chip_177_428_merged.tif,0.4,0,1194931656,100,33.6782,36.3083,2.6301
600M,chip_177_428_merged.tif,0.4,1,714986138,100,33.7823,36.639,2.8568
600M,chip_177_428_merged.tif,0.4,2,334379507,100,34.1968,36.8964,2.6996
600M,chip_177_428_merged.tif,0.4,3,2101256524,100,34.7035,37.3184,2.6148
600M,chip_177_428_merged.tif,0.4,4,1621311006,100,34.2399,37.1873,2.9474
600M,chip_177_428_merged.tif,0.6,0,1256954299,154,33.701,36.3601,2.6591
600M,chip_177_428_merged.tif,0.6,1,876347668,154,33.7019,35.9654,2.2635
600M,chip_177_428_merged.tif,0.6,2,396402150,154,33.6348,35.9055,2.2707
600M,chip_177_428_merged.tif,0.6,3,15795519,154,34.0076,36.0945,2.0869
600M,chip_177_428_merged.tif,0.6,4,1782672536,154,33.8434,35.8614,2.018
600M,chip_177_428_merged.tif,0.8,0,774362103,208,33.0435,34.8926,1.8492
600M,chip_177_428_merged.tif,0.8,1,393755472,208,33.0436,35.0701,2.0265
600M,chip_177_428_merged.tif,0.8,2,13148841,208,33.043,34.4592,1.4161
600M,chip_177_428_merged.tif,0.8,3,1680686971,208,33.7212,34.8925,1.1713
600M,chip_177_428_merged.tif,0.8,4,1300080340,208,33.4026,34.8433,1.4408
600M,chip_178_497_merged.tif,0.2,0,63803156,50,33.5054,37.1296,3.6242
600M,chip_178_497_merged.tif,0.2,1,1830680173,50,35.2645,37.4895,2.2249
600M,chip_178_497_merged.tif,0.2,2,1350734655,50,34.4211,36.5763,2.1552
600M,chip_178_497_merged.tif,0.2,3,970128024,50,34.8359,35.7171,0.8812
600M,chip_178_497_merged.tif,0.2,4,490182506,50,34.7869,36.9737,2.1868
600M,chip_178_497_merged.tif,0.4,0,1245350621,100,35.0385,36.3538,1.3153
600M,chip_178_497_merged.tif,0.4,1,765405103,100,34.5958,36.0445,1.4487
600M,chip_178_497_merged.tif,0.4,2,384798472,100,35.5578,36.2191,0.6613
600M,chip_178_497_merged.tif,0.4,3,2052336602,100,34.9898,36.7204,1.7306
600M,chip_178_497_merged.tif,0.4,4,1671729971,100,34.3311,36.8778,2.5467
600M,chip_178_497_merged.tif,0.6,0,1307373264,154,34.8892,35.7731,0.8839
600M,chip_178_497_merged.tif,0.6,1,827427746,154,34.9242,35.3317,0.4075
600M,chip_178_497_merged.tif,0.6,2,446821115,154,34.9866,36.1028,1.1161
600M,chip_178_497_merged.tif,0.6,3,66214484,154,35.027,36.166,1.139
600M,chip_178_497_merged.tif,0.6,4,1733752614,154,35.2684,36.0439,0.7754
600M,chip_178_497_merged.tif,0.8,0,824781068,208,34.5227,35.2781,0.7554
600M,chip_178_497_merged.tif,0.8,1,444174437,208,34.5234,35.0034,0.48
600M,chip_178_497_merged.tif,0.8,2,2111712567,208,34.5234,34.8078,0.2844
600M,chip_178_497_merged.tif,0.8,3,1731105936,208,33.813,34.5333,0.7203
600M,chip_178_497_merged.tif,0.8,4,1251160418,208,34.4778,35.2157,0.7379
600M,chip_179_506_merged.tif,0.2,0,726640889,50,36.7657,37.6887,0.923
600M,chip_179_506_merged.tif,0.2,1,246695371,50,35.7028,38.1541,2.4513
600M,chip_179_506_merged.tif,0.2,2,2013572388,50,36.91,36.9018,-0.0082
600M,chip_179_506_merged.tif,0.2,3,1533626870,50,36.7278,37.7486,1.0208
600M,chip_179_506_merged.tif,0.2,4,1153020239,50,35.5347,37.0174,1.4827
600M,chip_179_506_merged.tif,0.4,0,466686669,100,36.3978,38.2881,1.8902
600M,chip_179_506_merged.tif,0.4,1,86080038,100,36.1207,38.2557,2.135
600M,chip_179_506_merged.tif,0.4,2,1852957055,100,35.7881,37.483,1.6949
600M,chip_179_506_merged.tif,0.4,3,1373011537,100,35.7934,37.4397,1.6463
600M,chip_179_506_merged.tif,0.4,4,992404906,100,36.3679,37.989,1.6211
600M,chip_179_506_merged.tif,0.6,0,1870872110,154,36.002,37.0578,1.0558
600M,chip_179_506_merged.tif,0.6,1,1490265479,154,35.8511,37.7235,1.8725
600M,chip_179_506_merged.tif,0.6,2,1109658848,154,36.1432,37.4942,1.351
600M,chip_179_506_merged.tif,0.6,3,629713330,154,35.973,37.8211,1.8481
600M,chip_179_506_merged.tif,0.6,4,249106699,154,36.1438,36.6468,0.5031
600M,chip_179_506_merged.tif,0.8,0,1487618801,208,34.8709,36.3452,1.4742
600M,chip_179_506_merged.tif,0.8,1,1007673283,208,35.6412,36.703,1.0618
600M,chip_179_506_merged.tif,0.8,2,627066652,208,35.5836,36.0814,0.4978
600M,chip_179_506_merged.tif,0.8,3,147121134,208,34.8703,36.7328,1.8626
600M,chip_179_506_merged.tif,0.8,4,1913998151,208,34.8706,36.3256,1.455
600M,chip_179_579_merged.tif,0.2,0,1054201545,50,40.851,42.4196,1.5685
600M,chip_179_579_merged.tif,0.2,1,673594914,50,41.323,41.6196,0.2966
600M,chip_179_579_merged.tif,0.2,2,292988283,50,40.8524,42.3751,1.5227
600M,chip_179_579_merged.tif,0.2,3,1960526413,50,41.357,42.3268,0.9698
600M,chip_179_579_merged.tif,0.2,4,1579919782,50,40.9151,41.2263,0.3112
600M,chip_179_579_merged.tif,0.4,0,88265362,100,41.197,43.0915,1.8945
600M,chip_179_579_merged.tif,0.4,1,1855142379,100,41.4094,42.5151,1.1057
600M,chip_179_579_merged.tif,0.4,2,1375196861,100,41.2096,43.2202,2.0106
600M,chip_179_579_merged.tif,0.4,3,994590230,100,40.5086,42.4828,1.9742
600M,chip_179_579_merged.tif,0.4,4,514644712,100,41.2708,42.3947,1.1238
600M,chip_179_579_merged.tif,0.6,0,150288005,154,41.0442,42.8111,1.7669
600M,chip_179_579_merged.tif,0.6,1,1917165022,154,41.3564,42.0453,0.689
600M,chip_179_579_merged.tif,0.6,2,1437219504,154,41.0441,42.4483,1.4042
600M,chip_179_579_merged.tif,0.6,3,1056612873,154,41.3566,42.5887,1.232
600M,chip_179_579_merged.tif,0.6,4,676006242,154,41.4124,42.2703,0.858
600M,chip_179_579_merged.tif,0.8,0,1815179457,208,40.8483,41.7835,0.9352
600M,chip_179_579_merged.tif,0.8,1,1434572826,208,41.4224,41.5836,0.1612
600M,chip_179_579_merged.tif,0.8,2,1053966195,208,41.5412,42.0663,0.5251
600M,chip_179_579_merged.tif,0.8,3,574020677,208,41.5408,41.6134,0.0725
600M,chip_179_579_merged.tif,0.8,4,193414046,208,40.9251,41.3593,0.4342
600M,chip_179_603_merged.tif,0.2,0,1273765962,50,31.3224,35.038,3.7156
600M,chip_179_603_merged.tif,0.2,1,893159331,50,32.0048,35.6025,3.5977
600M,chip_179_603_merged.tif,0.2,2,413213813,50,31.4787,35.7185,4.2398
600M,chip_179_603_merged.tif,0.2,3,32607182,50,33.5234,34.1014,0.578
600M,chip_179_603_merged.tif,0.2,4,1700145312,50,32.5905,36.3539,3.7634
600M,chip_179_603_merged.tif,0.4,0,1113150629,100,32.9057,34.7103,1.8045
600M,chip_179_603_merged.tif,0.4,1,633205111,100,31.7988,35.6318,3.8331
600M,chip_179_603_merged.tif,0.4,2,252598480,100,32.8441,34.9928,2.1487
600M,chip_179_603_merged.tif,0.4,3,2019475497,100,32.677,34.2618,1.5848
600M,chip_179_603_merged.tif,0.4,4,1539529979,100,30.8055,34.6114,3.8059
600M,chip_179_603_merged.tif,0.6,0,369852422,154,32.313,33.5381,1.2251
600M,chip_179_603_merged.tif,0.6,1,2136729439,154,32.412,34.7874,2.3754
600M,chip_179_603_merged.tif,0.6,2,1656783921,154,31.2757,33.6223,2.3466
600M,chip_179_603_merged.tif,0.6,3,1276177290,154,32.2657,34.1366,1.8709
600M,chip_179_603_merged.tif,0.6,4,796231772,154,32.237,33.9176,1.6806
600M,chip_179_603_merged.tif,0.8,0,2034743874,208,31.7873,33.0132,1.2259
600M,chip_179_603_merged.tif,0.8,1,1654137243,208,31.2834,32.7018,1.4183
600M,chip_179_603_merged.tif,0.8,2,1174191725,208,31.9666,33.3717,1.405
600M,chip_179_603_merged.tif,0.8,3,793585094,208,31.2089,32.9477,1.7388
600M,chip_179_603_merged.tif,0.8,4,313639576,208,31.2088,33.0075,1.7987
600M,chip_180_284_merged.tif,0.2,0,1354563146,50,29.5935,40.3801,10.7866
600M,chip_180_284_merged.tif,0.2,1,973956515,50,30.7945,39.5839,8.7895
600M,chip_180_284_merged.tif,0.2,2,494010997,50,36.5777,39.6811,3.1034
600M,chip_180_284_merged.tif,0.2,3,113404366,50,29.5955,39.7053,10.1098
600M,chip_180_284_merged.tif,0.2,4,1880281383,50,34.4407,40.0094,5.5686
600M,chip_180_284_merged.tif,0.4,0,388626963,100,30.2179,39.8216,9.6038
600M,chip_180_284_merged.tif,0.4,1,2056165093,100,30.6726,39.2378,8.5653
600M,chip_180_284_merged.tif,0.4,2,1675558462,100,27.5591,38.8766,11.3174
600M,chip_180_284_merged.tif,0.4,3,1294951831,100,31.4131,39.7158,8.3027
600M,chip_180_284_merged.tif,0.4,4,815006313,100,32.7782,37.8731,5.0948
600M,chip_180_284_merged.tif,0.6,0,450649606,154,30.7753,37.024,6.2487
600M,chip_180_284_merged.tif,0.6,1,70042975,154,30.7765,36.9835,6.207
600M,chip_180_284_merged.tif,0.6,2,1737581105,154,31.2026,37.7627,6.5602
600M,chip_180_284_merged.tif,0.6,3,1356974474,154,31.2032,36.3462,5.143
600M,chip_180_284_merged.tif,0.6,4,877028956,154,31.2034,35.6337,4.4303
600M,chip_180_284_merged.tif,0.8,0,2115541058,208,27.415,33.6247,6.2097
600M,chip_180_284_merged.tif,0.8,1,1734934427,208,29.773,34.118,4.345
600M,chip_180_284_merged.tif,0.8,2,1254988909,208,29.6928,36.0352,6.3424
600M,chip_180_284_merged.tif,0.8,3,874382278,208,29.7728,34.999,5.2262
600M,chip_180_284_merged.tif,0.8,4,493775647,208,28.8101,32.9498,4.1397
600M,chip_180_460_merged.tif,0.2,0,1668241251,50,36.7043,38.3554,1.6511
600M,chip_180_460_merged.tif,0.2,1,1287634620,50,35.1117,37.8882,2.7764
600M,chip_180_460_merged.tif,0.2,2,807689102,50,34.077,37.8165,3.7395
600M,chip_180_460_merged.tif,0.2,3,427082471,50,34.3658,38.0367,3.6709
600M,chip_180_460_merged.tif,0.2,4,2094620601,50,33.8871,37.7788,3.8916
600M,chip_180_460_merged.tif,0.4,0,702305068,100,34.4108,38.2117,3.8009
600M,chip_180_460_merged.tif,0.4,1,222359550,100,34.1125,37.4138,3.3012
600M,chip_180_460_merged.tif,0.4,2,1989236567,100,34.8246,37.4255,2.6009
600M,chip_180_460_merged.tif,0.4,3,1509291049,100,33.9175,37.2183,3.3007
600M,chip_180_460_merged.tif,0.4,4,1128684418,100,34.9143,37.8908,2.9765
600M,chip_180_460_merged.tif,0.6,0,764327711,154,33.9503,36.8019,2.8516
600M,chip_180_460_merged.tif,0.6,1,284382193,154,32.9685,37.4991,4.5306
600M,chip_180_460_merged.tif,0.6,2,2051259210,154,33.9816,36.1649,2.1833
600M,chip_180_460_merged.tif,0.6,3,1670652579,154,34.6802,37.1303,2.4501
600M,chip_180_460_merged.tif,0.6,4,1190707061,154,32.9682,36.9136,3.9454
600M,chip_180_460_merged.tif,0.8,0,281735515,208,34.0803,35.2477,1.1674
600M,chip_180_460_merged.tif,0.8,1,2048612532,208,33.6976,35.7995,2.1019
600M,chip_180_460_merged.tif,0.8,2,1568667014,208,34.0799,35.6766,1.5967
600M,chip_180_460_merged.tif,0.8,3,1188060383,208,32.9542,35.3968,2.4426
600M,chip_180_460_merged.tif,0.8,4,708114865,208,33.1559,35.3232,2.1673
600M,chip_181_264_merged.tif,0.2,0,1762262928,50,35.5855,40.9733,5.3878
600M,chip_181_264_merged.tif,0.2,1,1381656297,50,35.5856,41.2571,5.6715
600M,chip_181_264_merged.tif,0.2,2,1001049666,50,37.14,39.0627,1.9227
600M,chip_181_264_merged.tif,0.2,3,521104148,50,33.9806,39.8885,5.9079
600M,chip_181_264_merged.tif,0.2,4,140497517,50,34.3087,40.8975,6.5888
600M,chip_181_264_merged.tif,0.4,0,1601647595,100,32.7796,39.3044,6.5247
600M,chip_181_264_merged.tif,0.4,1,1221040964,100,31.2405,39.0465,7.806
600M,chip_181_264_merged.tif,0.4,2,741095446,100,33.7447,39.7296,5.9849
600M,chip_181_264_merged.tif,0.4,3,360488815,100,33.3848,40.7162,7.3314
600M,chip_181_264_merged.tif,0.4,4,2028026945,100,33.2744,38.0293,4.755
600M,chip_181_264_merged.tif,0.6,0,858349388,154,32.928,38.4161,5.4881
600M,chip_181_264_merged.tif,0.6,1,477742757,154,31.7358,37.2671,5.5313
600M,chip_181_264_merged.tif,0.6,2,2145280887,154,32.4318,37.8,5.3682
600M,chip_181_264_merged.tif,0.6,3,1764674256,154,32.499,38.0915,5.5925
600M,chip_181_264_merged.tif,0.6,4,1384067625,154,32.66,38.3628,5.7028
600M,chip_181_264_merged.tif,0.8,0,375757192,208,30.3146,35.0447,4.73
600M,chip_181_264_merged.tif,0.8,1,2142634209,208,30.4899,36.19,5.7001
600M,chip_181_264_merged.tif,0.8,2,1762027578,208,31.1006,36.0038,4.9032
600M,chip_181_264_merged.tif,0.8,3,1282082060,208,30.4898,35.1826,4.6928
600M,chip_181_264_merged.tif,0.8,4,901475429,208,31.5459,36.2271,4.6812
600M,chip_181_353_merged.tif,0.2,0,767575860,50,34.9363,36.9842,2.0479
600M,chip_181_353_merged.tif,0.2,1,287630342,50,36.1471,37.4648,1.3177
600M,chip_181_353_merged.tif,0.2,2,2054507359,50,33.9168,37.2482,3.3315
600M,chip_181_353_merged.tif,0.2,3,1574561841,50,35.478,37.5001,2.0221
600M,chip_181_353_merged.tif,0.2,4,1193955210,50,35.0687,38.0166,2.9479
600M,chip_181_353_merged.tif,0.4,0,1849784438,100,35.2531,37.2974,2.0443
600M,chip_181_353_merged.tif,0.4,1,1469177807,100,34.5489,36.3483,1.7994
600M,chip_181_353_merged.tif,0.4,2,989232289,100,34.3258,37.5537,3.2278
600M,chip_181_353_merged.tif,0.4,3,608625658,100,35.2562,37.1794,1.9232
600M,chip_181_353_merged.tif,0.4,4,128680140,100,34.9506,37.3707,2.42
600M,chip_181_353_merged.tif,0.6,0,1911807081,154,34.6387,36.0687,1.43
600M,chip_181_353_merged.tif,0.6,1,1531200450,154,35.0869,36.3994,1.3124
600M,chip_181_353_merged.tif,0.6,2,1051254932,154,34.4167,35.9543,1.5376
600M,chip_181_353_merged.tif,0.6,3,670648301,154,33.988,37.0042,3.0162
600M,chip_181_353_merged.tif,0.6,4,290041670,154,34.1234,36.6878,2.5644
600M,chip_181_353_merged.tif,0.8,0,1528553772,208,33.9762,35.5735,1.5972
600M,chip_181_353_merged.tif,0.8,1,1048608254,208,32.7527,35.7871,3.0344
600M,chip_181_353_merged.tif,0.8,2,668001623,208,34.3684,35.3725,1.0042
600M,chip_181_353_merged.tif,0.8,3,188056105,208,32.7527,35.4167,2.664
600M,chip_181_353_merged.tif,0.8,4,1954933122,208,32.7526,35.2392,2.4866
600M,chip_181_413_merged.tif,0.2,0,212822301,50,39.3676,41.4514,2.0838
600M,chip_181_413_merged.tif,0.2,1,1979699318,50,40.9618,40.6641,-0.2977
600M,chip_181_413_merged.tif,0.2,2,1599092687,50,39.8478,40.6061,0.7583
600M,chip_181_413_merged.tif,0.2,3,1119147169,50,40.8269,41.0835,0.2566
600M,chip_181_413_merged.tif,0.2,4,738540538,50,37.9691,40.8796,2.9105
600M,chip_181_413_merged.tif,0.4,0,1394369766,100,39.4926,40.4409,0.9484
600M,chip_181_413_merged.tif,0.4,1,1013763135,100,39.4834,41.4791,1.9957
600M,chip_181_413_merged.tif,0.4,2,533817617,100,39.4814,41.4342,1.9528
600M,chip_181_413_merged.tif,0.4,3,153210986,100,39.6314,41.1004,1.4691
600M,chip_181_413_merged.tif,0.4,4,1820749116,100,39.0556,41.0353,1.9797
600M,chip_181_413_merged.tif,0.6,0,1456392409,154,39.2839,40.7345,1.4506
600M,chip_181_413_merged.tif,0.6,1,1075785778,154,38.6305,40.3803,1.7498
600M,chip_181_413_merged.tif,0.6,2,595840260,154,39.2567,40.7956,1.5389
600M,chip_181_413_merged.tif,0.6,3,215233629,154,39.6833,40.4807,0.7975
600M,chip_181_413_merged.tif,0.6,4,1982110646,154,39.2565,40.4223,1.1657
600M,chip_181_413_merged.tif,0.8,0,973800213,208,38.9648,39.9172,0.9524
600M,chip_181_413_merged.tif,0.8,1,593193582,208,38.8018,39.7924,0.9906
600M,chip_181_413_merged.tif,0.8,2,212586951,208,38.8004,39.4367,0.6363
600M,chip_181_413_merged.tif,0.8,3,1880125081,208,38.9655,39.8384,0.8729
600M,chip_181_413_merged.tif,0.8,4,1499518450,208,38.0068,39.6923,1.6855
600M,chip_181_605_merged.tif,0.2,0,1024188357,50,32.6465,35.2976,2.6511
600M,chip_181_605_merged.tif,0.2,1,643581726,50,32.1298,35.9801,3.8503
600M,chip_181_605_merged.tif,0.2,2,262975095,50,28.1944,36.1005,7.9061
600M,chip_181_605_merged.tif,0.2,3,1930513225,50,31.9539,35.3464,3.3925
600M,chip_181_605_merged.tif,0.2,4,1549906594,50,32.2162,35.2517,3.0355
600M,chip_181_605_merged.tif,0.4,0,863573024,100,30.9133,35.2323,4.3189
600M,chip_181_605_merged.tif,0.4,1,482966393,100,31.4161,35.7475,4.3314
600M,chip_181_605_merged.tif,0.4,2,3020875,100,30.5331,35.1083,4.5752
600M,chip_181_605_merged.tif,0.4,3,1769897892,100,29.3978,35.5695,6.1716
600M,chip_181_605_merged.tif,0.4,4,1389291261,100,30.8889,35.3667,4.4778
600M,chip_181_605_merged.tif,0.6,0,120274817,154,27.5021,34.5218,7.0197
600M,chip_181_605_merged.tif,0.6,1,1887151834,154,27.5183,33.3736,5.8553
600M,chip_181_605_merged.tif,0.6,2,1407206316,154,29.5389,33.9555,4.4165
600M,chip_181_605_merged.tif,0.6,3,1026599685,154,30.7318,34.3868,3.655
600M,chip_181_605_merged.tif,0.6,4,645993054,154,27.5014,34.4012,6.8998
600M,chip_181_605_merged.tif,0.8,0,1785166269,208,30.5443,32.5588,2.0145
600M,chip_181_605_merged.tif,0.8,1,1404559638,208,28.5862,32.9689,4.3827
600M,chip_181_605_merged.tif,0.8,2,1023953007,208,29.9701,32.9651,2.995
600M,chip_181_605_merged.tif,0.8,3,544007489,208,28.5853,32.7442,4.1589
600M,chip_181_605_merged.tif,0.8,4,163400858,208,27.8255,32.5281,4.7026
600M,chip_181_606_merged.tif,0.2,0,2076460143,50,31.1021,36.3836,5.2815
600M,chip_181_606_merged.tif,0.2,1,1596514625,50,34.407,35.467,1.06
600M,chip_181_606_merged.tif,0.2,2,1215907994,50,34.8177,37.5647,2.7471
600M,chip_181_606_merged.tif,0.2,3,735962476,50,34.0683,36.7398,2.6715
600M,chip_181_606_merged.tif,0.2,4,355355845,50,34.6212,36.7875,2.1663
600M,chip_181_606_merged.tif,0.4,0,1816505923,100,35.23,34.5644,-0.6657
600M,chip_181_606_merged.tif,0.4,1,1435899292,100,31.4979,36.0659,4.5679
600M,chip_181_606_merged.tif,0.4,2,955953774,100,35.23,36.1843,0.9543
600M,chip_181_606_merged.tif,0.4,3,575347143,100,33.9367,35.9135,1.9768
600M,chip_181_606_merged.tif,0.4,4,194740512,100,32.253,35.4787,3.2258
600M,chip_181_606_merged.tif,0.6,0,1073207716,154,32.7553,35.4313,2.676
600M,chip_181_606_merged.tif,0.6,1,692601085,154,32.351,34.2731,1.9221
600M,chip_181_606_merged.tif,0.6,2,212655567,154,32.2148,35.5725,3.3577
600M,chip_181_606_merged.tif,0.6,3,1979532584,154,32.193,35.1261,2.9331
600M,chip_181_606_merged.tif,0.6,4,1598925953,154,32.2657,33.9217,1.656
600M,chip_181_606_merged.tif,0.8,0,689954407,208,31.1861,32.6671,1.481
600M,chip_181_606_merged.tif,0.8,1,210008889,208,31.9018,33.3739,1.4721
600M,chip_181_606_merged.tif,0.8,2,1976885906,208,30.8439,33.4096,2.5657
600M,chip_181_606_merged.tif,0.8,3,1496940388,208,31.1868,33.4702,2.2834
600M,chip_181_606_merged.tif,0.8,4,1116333757,208,31.9017,33.406,1.5043
600M,chip_182_579_merged.tif,0.2,0,330493835,50,39.4178,41.7298,2.312
600M,chip_182_579_merged.tif,0.2,1,2097370852,50,37.4359,41.7996,4.3636
600M,chip_182_579_merged.tif,0.2,2,1617425334,50,39.366,41.9843,2.6183
600M,chip_182_579_merged.tif,0.2,3,1236818703,50,38.2122,42.0989,3.8867
600M,chip_182_579_merged.tif,0.2,4,856212072,50,38.9604,41.7489,2.7885
600M,chip_182_579_merged.tif,0.4,0,169878502,100,39.5191,41.6429,2.1237
600M,chip_182_579_merged.tif,0.4,1,1936755519,100,39.3378,41.3924,2.0546
600M,chip_182_579_merged.tif,0.4,2,1456810001,100,37.714,41.6572,3.9432
600M,chip_182_579_merged.tif,0.4,3,1076203370,100,39.3398,41.9564,2.6166
600M,chip_182_579_merged.tif,0.4,4,596257852,100,37.9628,41.5424,3.5796
600M,chip_182_579_merged.tif,0.6,0,1574063943,154,38.5392,40.593,2.0538
600M,chip_182_579_merged.tif,0.6,1,1193457312,154,37.836,41.7406,3.9045
600M,chip_182_579_merged.tif,0.6,2,713511794,154,38.54,41.0016,2.4616
600M,chip_182_579_merged.tif,0.6,3,332905163,154,38.917,41.316,2.399
600M,chip_182_579_merged.tif,0.6,4,2000443293,154,38.5836,41.2892,2.7056
600M,chip_182_579_merged.tif,0.8,0,1091471747,208,38.3751,40.4474,2.0723
600M,chip_182_579_merged.tif,0.8,1,710865116,208,38.3752,40.3039,1.9286
600M,chip_182_579_merged.tif,0.8,2,230919598,208,38.4365,40.0606,1.6241
600M,chip_182_579_merged.tif,0.8,3,1997796615,208,38.4366,40.5478,2.1112
600M,chip_182_579_merged.tif,0.8,4,1617189984,208,38.3755,39.972,1.5965
600M,chip_182_606_merged.tif,0.2,0,601028834,50,33.7998,35.1885,1.3887
600M,chip_182_606_merged.tif,0.2,1,121083316,50,32.0575,36.2627,4.2053
600M,chip_182_606_merged.tif,0.2,2,1887960333,50,35.4727,35.6352,0.1625
600M,chip_182_606_merged.tif,0.2,3,1408014815,50,33.1852,36.2078,3.0226
600M,chip_182_606_merged.tif,0.2,4,1027408184,50,35.062,35.1918,0.1298
600M,chip_182_606_merged.tif,0.4,0,1683237412,100,33.5127,35.5802,2.0675
600M,chip_182_606_merged.tif,0.4,1,1302630781,100,32.2349,35.1335,2.8986
600M,chip_182_606_merged.tif,0.4,2,822685263,100,31.3745,34.8237,3.4491
600M,chip_182_606_merged.tif,0.4,3,442078632,100,31.8882,35.1825,3.2943
600M,chip_182_606_merged.tif,0.4,4,2109616762,100,30.8832,35.2985,4.4153
600M,chip_182_606_merged.tif,0.6,0,1745260055,154,33.778,34.7839,1.0059
600M,chip_182_606_merged.tif,0.6,1,1364653424,154,32.6975,35.088,2.3906
600M,chip_182_606_merged.tif,0.6,2,984046793,154,33.7783,34.5154,0.737
600M,chip_182_606_merged.tif,0.6,3,504101275,154,32.0342,35.1759,3.1417
600M,chip_182_606_merged.tif,0.6,4,123494644,154,32.6973,34.928,2.2306
600M,chip_182_606_merged.tif,0.8,0,1362006746,208,32.2068,33.9754,1.7686
600M,chip_182_606_merged.tif,0.8,1,882061228,208,31.9728,34.1406,2.1678
600M,chip_182_606_merged.tif,0.8,2,501454597,208,32.6233,34.0503,1.427
600M,chip_182_606_merged.tif,0.8,3,21509079,208,32.6229,33.6671,1.0443
600M,chip_182_606_merged.tif,0.8,4,1788386096,208,32.695,33.8722,1.1771
600M,chip_183_237_merged.tif,0.2,0,301300323,50,32.2668,34.6642,2.3974
600M,chip_183_237_merged.tif,0.2,1,1968838453,50,30.9702,34.1513,3.1811
600M,chip_183_237_merged.tif,0.2,2,1588231822,50,31.9382,35.1967,3.2585
600M,chip_183_237_merged.tif,0.2,3,1108286304,50,30.9415,34.9004,3.959
600M,chip_183_237_merged.tif,0.2,4,727679673,50,32.5857,35.2647,2.679
600M,chip_183_237_merged.tif,0.4,0,41346103,100,32.2246,34.2769,2.0523
600M,chip_183_237_merged.tif,0.4,1,1808223120,100,31.8677,34.4402,2.5724
600M,chip_183_237_merged.tif,0.4,2,1427616489,100,31.9301,33.8339,1.9038
600M,chip_183_237_merged.tif,0.4,3,947670971,100,32.2252,33.9577,1.7325
600M,chip_183_237_merged.tif,0.4,4,567064340,100,32.2244,34.4295,2.2051
600M,chip_183_237_merged.tif,0.6,0,1445531544,154,32.0633,34.2675,2.2042
600M,chip_183_237_merged.tif,0.6,1,1064924913,154,31.9384,34.1617,2.2233
600M,chip_183_237_merged.tif,0.6,2,684318282,154,31.3854,33.752,2.3665
600M,chip_183_237_merged.tif,0.6,3,204372764,154,31.4941,33.8385,2.3445
600M,chip_183_237_merged.tif,0.6,4,1971249781,154,31.938,33.6604,1.7224
600M,chip_183_237_merged.tif,0.8,0,1062278235,208,31.7721,32.6056,0.8335
600M,chip_183_237_merged.tif,0.8,1,582332717,208,30.8305,32.7899,1.9594
600M,chip_183_237_merged.tif,0.8,2,201726086,208,31.7724,33.0394,1.2671
600M,chip_183_237_merged.tif,0.8,3,1869264216,208,30.8307,32.8373,2.0066
600M,chip_183_237_merged.tif,0.8,4,1488657585,208,31.3894,32.4292,1.0398
600M,chip_183_520_merged.tif,0.2,0,1046718164,50,36.7256,38.7427,2.0171
600M,chip_183_520_merged.tif,0.2,1,666111533,50,36.9048,38.3977,1.4929
600M,chip_183_520_merged.tif,0.2,2,186166015,50,36.5192,38.8499,2.3307
600M,chip_183_520_merged.tif,0.2,3,1953043032,50,37.72,37.7352,0.0152
600M,chip_183_520_merged.tif,0.2,4,1473097514,50,36.5355,37.9031,1.3676
600M,chip_183_520_merged.tif,0.4,0,80781981,100,36.4604,38.1647,1.7043
600M,chip_183_520_merged.tif,0.4,1,1748320111,100,36.2725,38.1967,1.9242
600M,chip_183_520_merged.tif,0.4,2,1367713480,100,35.7227,38.1987,2.476
600M,chip_183_520_merged.tif,0.4,3,887767962,100,36.2191,38.591,2.372
600M,chip_183_520_merged.tif,0.4,4,507161331,100,36.3851,39.1057,2.7205
600M,chip_183_520_merged.tif,0.6,0,995743487,154,36.1119,37.4811,1.3692
600M,chip_183_520_merged.tif,0.6,1,515797969,154,36.6224,38.0509,1.4285
600M,chip_183_520_merged.tif,0.6,2,135191338,154,36.5265,38.2714,1.7449
600M,chip_183_520_merged.tif,0.6,3,1802729468,154,35.7638,38.0246,2.2608
600M,chip_183_520_merged.tif,0.6,4,1422122837,154,35.6351,37.853,2.2179
600M,chip_183_520_merged.tif,0.8,0,1807696076,208,35.5255,37.0046,1.4791
600M,chip_183_520_merged.tif,0.8,1,1427089445,208,35.2604,36.4753,1.215
600M,chip_183_520_merged.tif,0.8,2,947143927,208,35.2322,36.3411,1.1088
600M,chip_183_520_merged.tif,0.8,3,566537296,208,35.2605,36.8072,1.5467
600M,chip_183_520_merged.tif,0.8,4,86591778,208,35.5249,36.8577,1.3328
600M,chip_183_606_merged.tif,0.2,0,1416120627,50,34.7689,36.8711,2.1022
600M,chip_183_606_merged.tif,0.2,1,936175109,50,34.3165,36.721,2.4046
600M,chip_183_606_merged.tif,0.2,2,555568478,50,34.8697,36.6732,1.8034
600M,chip_183_606_merged.tif,0.2,3,75622960,50,36.2107,36.5554,0.3447
600M,chip_183_606_merged.tif,0.2,4,1842499977,50,34.9847,37.0646,2.08
600M,chip_183_606_merged.tif,0.4,0,350845557,100,31.8806,36.2735,4.393
600M,chip_183_606_merged.tif,0.4,1,2117722574,100,34.2062,36.6035,2.3973
600M,chip_183_606_merged.tif,0.4,2,1637777056,100,33.1387,37.1686,4.0299
600M,chip_183_606_merged.tif,0.4,3,1257170425,100,34.2043,36.9749,2.7706
600M,chip_183_606_merged.tif,0.4,4,777224907,100,33.8659,36.0329,2.167
600M,chip_183_606_merged.tif,0.6,0,412868200,154,33.9823,35.3759,1.3936
600M,chip_183_606_merged.tif,0.6,1,32261569,154,33.7894,35.1827,1.3932
600M,chip_183_606_merged.tif,0.6,2,1799138586,154,31.7584,35.0371,3.2788
600M,chip_183_606_merged.tif,0.6,3,1319193068,154,33.5607,35.421,1.8603
600M,chip_183_606_merged.tif,0.6,4,938586437,154,32.3926,35.3319,2.9393
600M,chip_183_606_merged.tif,0.8,0,29614891,208,31.6764,34.5724,2.8961
600M,chip_183_606_merged.tif,0.8,1,1697153021,208,31.3598,34.4588,3.099
600M,chip_183_606_merged.tif,0.8,2,1316546390,208,31.9726,34.8589,2.8862
600M,chip_183_606_merged.tif,0.8,3,836600872,208,31.6764,34.4197,2.7433
600M,chip_183_606_merged.tif,0.8,4,455994241,208,31.6758,34.2845,2.6087
600M,chip_185_305_merged.tif,0.2,0,526614663,50,37.8876,39.4281,1.5404
600M,chip_185_305_merged.tif,0.2,1,46669145,50,38.443,39.8749,1.432
600M,chip_185_305_merged.tif,0.2,2,1813546162,50,37.7233,39.0925,1.3692
600M,chip_185_305_merged.tif,0.2,3,1333600644,50,38.2421,40.2006,1.9585
600M,chip_185_305_merged.tif,0.2,4,952994013,50,37.7228,40.0463,2.3235
600M,chip_185_305_merged.tif,0.4,0,1608823241,100,37.9001,38.4292,0.5291
600M,chip_185_305_merged.tif,0.4,1,1228216610,100,36.6579,39.5291,2.8712
600M,chip_185_305_merged.tif,0.4,2,748271092,100,36.9749,39.9145,2.9396
600M,chip_185_305_merged.tif,0.4,3,367664461,100,36.455,38.7694,2.3144
600M,chip_185_305_merged.tif,0.4,4,2035202591,100,35.519,38.7212,3.2022
600M,chip_185_305_merged.tif,0.6,0,1670845884,154,36.2587,38.7339,2.4752
600M,chip_185_305_merged.tif,0.6,1,1290239253,154,35.279,39.2005,3.9215
600M,chip_185_305_merged.tif,0.6,2,909632622,154,35.0337,38.8647,3.831
600M,chip_185_305_merged.tif,0.6,3,429687104,154,35.4751,37.8662,2.3911
600M,chip_185_305_merged.tif,0.6,4,49080473,154,35.2782,39.0271,3.749
600M,chip_185_305_merged.tif,0.8,0,1287592575,208,33.3571,37.6142,4.2571
600M,chip_185_305_merged.tif,0.8,1,807647057,208,34.3872,36.9072,2.52
600M,chip_185_305_merged.tif,0.8,2,427040426,208,33.5463,37.1314,3.5852
600M,chip_185_305_merged.tif,0.8,3,2094578556,208,33.3574,36.8221,3.4646
600M,chip_185_305_merged.tif,0.8,4,1713971925,208,34.1591,36.5079,2.3488
600M,chip_185_368_merged.tif,0.2,0,828646403,50,32.409,35.4361,3.0271
600M,chip_185_368_merged.tif,0.2,1,448039772,50,32.5333,35.6524,3.1191
600M,chip_185_368_merged.tif,0.2,2,2115577902,50,33.0064,35.34,2.3336
600M,chip_185_368_merged.tif,0.2,3,1734971271,50,31.661,35.0902,3.4292
600M,chip_185_368_merged.tif,0.2,4,1354364640,50,33.245,35.0911,1.8461
600M,chip_185_368_merged.tif,0.4,0,2010193868,100,32.5889,35.0602,2.4713
600M,chip_185_368_merged.tif,0.4,1,1530248350,100,31.8609,34.7181,2.8572
600M,chip_185_368_merged.tif,0.4,2,1149641719,100,32.2185,34.8113,2.5928
600M,chip_185_368_merged.tif,0.4,3,669696201,100,32.3269,35.5148,3.1879
600M,chip_185_368_merged.tif,0.4,4,289089570,100,32.2627,35.0584,2.7957
600M,chip_185_368_merged.tif,0.6,0,2072216511,154,32.3803,34.3254,1.945
600M,chip_185_368_merged.tif,0.6,1,1691609880,154,31.8746,34.0389,2.1643
600M,chip_185_368_merged.tif,0.6,2,1211664362,154,31.9948,33.9924,1.9977
600M,chip_185_368_merged.tif,0.6,3,831057731,154,32.0402,33.9476,1.9073
600M,chip_185_368_merged.tif,0.6,4,351112213,154,32.0403,34.1657,2.1255
600M,chip_185_368_merged.tif,0.8,0,1589624315,208,32.4486,33.4529,1.0043
600M,chip_185_368_merged.tif,0.8,1,1209017684,208,32.2267,32.9255,0.6987
600M,chip_185_368_merged.tif,0.8,2,729072166,208,32.2263,32.8397,0.6133
600M,chip_185_368_merged.tif,0.8,3,348465535,208,32.2273,33.0457,0.8184
600M,chip_185_368_merged.tif,0.8,4,2016003665,208,31.4377,33.0454,1.6077
600M,chip_185_399_merged.tif,0.2,0,922592459,50,33.9085,35.732,1.8236
600M,chip_185_399_merged.tif,0.2,1,442646941,50,33.2938,36.0776,2.7838
600M,chip_185_399_merged.tif,0.2,2,62040310,50,34.4635,35.6926,1.2291
600M,chip_185_399_merged.tif,0.2,3,1729578440,50,32.4436,36.4624,4.0188
600M,chip_185_399_merged.tif,0.2,4,1348971809,50,32.9644,36.2728,3.3084
600M,chip_185_399_merged.tif,0.4,0,662638239,100,31.8847,35.2408,3.3562
600M,chip_185_399_merged.tif,0.4,1,282031608,100,33.1541,35.445,2.2909
600M,chip_185_399_merged.tif,0.4,2,2048908625,100,33.5083,35.3471,1.8388
600M,chip_185_399_merged.tif,0.4,3,1568963107,100,32.5053,34.7064,2.2011
600M,chip_185_399_merged.tif,0.4,4,1188356476,100,33.5824,36.0896,2.5072
600M,chip_185_399_merged.tif,0.6,0,2066823680,154,31.6956,34.9692,3.2736
600M,chip_185_399_merged.tif,0.6,1,1686217049,154,31.9287,34.8981,2.9694
600M,chip_185_399_merged.tif,0.6,2,1305610418,154,32.0745,35.2354,3.1609
600M,chip_185_399_merged.tif,0.6,3,825664900,154,32.5923,34.5161,1.9238
600M,chip_185_399_merged.tif,0.6,4,445058269,154,31.182,35.0491,3.8671
600M,chip_185_399_merged.tif,0.8,0,1683570371,208,31.7703,33.465,1.6947
600M,chip_185_399_merged.tif,0.8,1,1203624853,208,32.7503,34.0472,1.297
600M,chip_185_399_merged.tif,0.8,2,823018222,208,31.7702,33.2343,1.4641
600M,chip_185_399_merged.tif,0.8,3,343072704,208,31.77,33.8712,2.1012
600M,chip_185_399_merged.tif,0.8,4,2109949721,208,32.7507,33.8987,1.1481
600M,chip_185_408_merged.tif,0.2,0,1733070820,50,40.2069,40.284,0.0771
600M,chip_185_408_merged.tif,0.2,1,1352464189,50,36.3093,38.9556,2.6463
600M,chip_185_408_merged.tif,0.2,2,971857558,50,35.3787,40.4841,5.1054
600M,chip_185_408_merged.tif,0.2,3,491912040,50,38.8596,40.3391,1.4795
600M,chip_185_408_merged.tif,0.2,4,111305409,50,39.682,40.3382,0.6562
600M,chip_185_408_merged.tif,0.4,0,1572455487,100,38.5733,39.5385,0.9652
600M,chip_185_408_merged.tif,0.4,1,1191848856,100,40.1803,39.9173,-0.263
600M,chip_185_408_merged.tif,0.4,2,711903338,100,39.9231,40.1921,0.2689
600M,chip_185_408_merged.tif,0.4,3,331296707,100,36.832,40.2465,3.4145
600M,chip_185_408_merged.tif,0.4,4,2098173724,100,38.7646,40.4909,1.7264
600M,chip_185_408_merged.tif,0.6,0,829157280,154,39.4376,40.3399,0.9023
600M,chip_185_408_merged.tif,0.6,1,448550649,154,39.2873,39.707,0.4197
600M,chip_185_408_merged.tif,0.6,2,2116088779,154,39.5218,39.4907,-0.0311
600M,chip_185_408_merged.tif,0.6,3,1735482148,154,37.8519,38.937,1.0851
600M,chip_185_408_merged.tif,0.6,4,1354875517,154,39.2878,40.0556,0.7679
600M,chip_185_408_merged.tif,0.8,0,346565084,208,36.4565,37.7525,1.296
600M,chip_185_408_merged.tif,0.8,1,2113442101,208,37.47,36.8868,-0.5832
600M,chip_185_408_merged.tif,0.8,2,1732835470,208,36.4567,38.3887,1.932
600M,chip_185_408_merged.tif,0.8,3,1252889952,208,37.8665,39.1636,1.2971
600M,chip_185_408_merged.tif,0.8,4,872283321,208,37.4711,39.2733,1.8022
600M,chip_186_265_merged.tif,0.2,0,111381097,50,35.6056,38.6971,3.0915
600M,chip_186_265_merged.tif,0.2,1,1878258114,50,35.23,39.2721,4.0421
600M,chip_186_265_merged.tif,0.2,2,1497651483,50,35.6399,39.7568,4.1169
600M,chip_186_265_merged.tif,0.2,3,1017705965,50,32.1718,39.483,7.3112
600M,chip_186_265_merged.tif,0.2,4,637099334,50,32.4846,39.6764,7.1918
600M,chip_186_265_merged.tif,0.4,0,2098249412,100,33.8654,37.9578,4.0924
600M,chip_186_265_merged.tif,0.4,1,1717642781,100,33.4472,37.6552,4.208
600M,chip_186_265_merged.tif,0.4,2,1237697263,100,33.5857,38.6179,5.0323
600M,chip_186_265_merged.tif,0.4,3,857090632,100,33.3211,37.7449,4.4238
600M,chip_186_265_merged.tif,0.4,4,377145114,100,33.865,38.6953,4.8304
600M,chip_186_265_merged.tif,0.6,0,1354951205,154,33.9673,37.9305,3.9632
600M,chip_186_265_merged.tif,0.6,1,974344574,154,33.5814,37.6413,4.0598
600M,chip_186_265_merged.tif,0.6,2,494399056,154,32.9473,38.1046,5.1573
600M,chip_186_265_merged.tif,0.6,3,113792425,154,32.458,37.0319,4.574
600M,chip_186_265_merged.tif,0.6,4,1781330555,154,33.6908,36.6346,2.9438
600M,chip_186_265_merged.tif,0.8,0,872359009,208,32.0308,33.9486,1.9177
600M,chip_186_265_merged.tif,0.8,1,491752378,208,30.5962,34.6608,4.0645
600M,chip_186_265_merged.tif,0.8,2,111145747,208,32.8813,35.2516,2.3703
600M,chip_186_265_merged.tif,0.8,3,1778683877,208,30.5969,34.8041,4.2072
600M,chip_186_265_merged.tif,0.8,4,1398077246,208,32.7259,34.8499,2.124
600M,chip_186_488_merged.tif,0.2,0,276088817,50,34.5517,36.3377,1.7861
600M,chip_186_488_merged.tif,0.2,1,1943626947,50,34.7594,37.2538,2.4944
600M,chip_186_488_merged.tif,0.2,2,1563020316,50,34.1602,36.752,2.5918
600M,chip_186_488_merged.tif,0.2,3,1083074798,50,34.1768,36.0385,1.8618
600M,chip_186_488_merged.tif,0.2,4,702468167,50,34.3247,36.9994,2.6747
600M,chip_186_488_merged.tif,0.4,0,16134597,100,33.049,36.7178,3.6688
600M,chip_186_488_merged.tif,0.4,1,1783011614,100,33.6374,36.668,3.0306
600M,chip_186_488_merged.tif,0.4,2,1402404983,100,30.8221,36.0501,5.228
600M,chip_186_488_merged.tif,0.4,3,922459465,100,33.0485,36.4132,3.3647
600M,chip_186_488_merged.tif,0.4,4,541852834,100,32.5077,36.3542,3.8465
600M,chip_186_488_merged.tif,0.6,0,1420320038,154,31.4701,35.0776,3.6075
600M,chip_186_488_merged.tif,0.6,1,1039713407,154,32.2123,34.8886,2.6763
600M,chip_186_488_merged.tif,0.6,2,659106776,154,32.2115,35.5955,3.384
600M,chip_186_488_merged.tif,0.6,3,179161258,154,31.4703,35.3252,3.8549
600M,chip_186_488_merged.tif,0.6,4,1946038275,154,32.9711,35.1806,2.2095
600M,chip_186_488_merged.tif,0.8,0,1037066729,208,31.7473,33.9864,2.2391
600M,chip_186_488_merged.tif,0.8,1,557121211,208,32.359,34.1219,1.7629
600M,chip_186_488_merged.tif,0.8,2,176514580,208,32.3591,34.0392,1.6801
600M,chip_186_488_merged.tif,0.8,3,1844052710,208,32.4745,33.527,1.0525
600M,chip_186_488_merged.tif,0.8,4,1463446079,208,31.7466,34.1409,2.3943
600M,chip_188_404_merged.tif,0.2,0,215703053,50,39.1317,41.4511,2.3194
600M,chip_188_404_merged.tif,0.2,1,1982580070,50,40.5691,41.2164,0.6473
600M,chip_188_404_merged.tif,0.2,2,1502634552,50,41.147,41.1012,-0.0458
600M,chip_188_404_merged.tif,0.2,3,1122027921,50,39.65,40.8395,1.1895
600M,chip_188_404_merged.tif,0.2,4,642082403,50,39.6033,41.2414,1.6381
600M,chip_188_404_merged.tif,0.4,0,55087720,100,39.3363,41.2018,1.8656
600M,chip_188_404_merged.tif,0.4,1,1722625850,100,40.1533,41.3217,1.1684
600M,chip_188_404_merged.tif,0.4,2,1342019219,100,39.319,41.3017,1.9827
600M,chip_188_404_merged.tif,0.4,3,862073701,100,40.4287,41.3495,0.9209
600M,chip_188_404_merged.tif,0.4,4,481467070,100,40.1413,41.3795,1.2382
600M,chip_188_404_merged.tif,0.6,0,1459273161,154,39.1903,40.7808,1.5904
600M,chip_188_404_merged.tif,0.6,1,979327643,154,39.1888,40.9036,1.7148
600M,chip_188_404_merged.tif,0.6,2,598721012,154,39.6876,40.9673,1.2798
600M,chip_188_404_merged.tif,0.6,3,118775494,154,39.5528,41.254,1.7013
600M,chip_188_404_merged.tif,0.6,4,1885652511,154,39.414,40.244,0.83
600M,chip_188_404_merged.tif,0.8,0,976680965,208,38.9569,39.8526,0.8958
600M,chip_188_404_merged.tif,0.8,1,496735447,208,38.6035,40.0786,1.475
600M,chip_188_404_merged.tif,0.8,2,116128816,208,38.6581,40.2866,1.6286
600M,chip_188_404_merged.tif,0.8,3,1883005833,208,38.9575,39.2828,0.3253
600M,chip_188_404_merged.tif,0.8,4,1403060315,208,38.6586,39.7716,1.113
600M,chip_191_403_merged.tif,0.2,0,241049410,50,33.9153,36.4156,2.5003
600M,chip_191_403_merged.tif,0.2,1,2007926427,50,34.1529,36.504,2.351
600M,chip_191_403_merged.tif,0.2,2,1527980909,50,33.6154,36.3019,2.6866
600M,chip_191_403_merged.tif,0.2,3,1147374278,50,34.2276,36.5118,2.2842
600M,chip_191_403_merged.tif,0.2,4,766767647,50,33.4511,36.2216,2.7705
600M,chip_191_403_merged.tif,0.4,0,80434077,100,33.015,36.1574,3.1424
600M,chip_191_403_merged.tif,0.4,1,1847311094,100,32.8008,36.2548,3.454
600M,chip_191_403_merged.tif,0.4,2,1367365576,100,33.4079,35.6218,2.2139
600M,chip_191_403_merged.tif,0.4,3,986758945,100,33.3086,36.2311,2.9225
600M,chip_191_403_merged.tif,0.4,4,506813427,100,33.1154,36.3707,3.2553
600M,chip_191_403_merged.tif,0.6,0,1484619518,154,32.5893,35.5389,2.9496
600M,chip_191_403_merged.tif,0.6,1,1104012887,154,32.807,35.4506,2.6437
600M,chip_191_403_merged.tif,0.6,2,624067369,154,32.6224,35.5576,2.9352
600M,chip_191_403_merged.tif,0.6,3,243460738,154,33.1511,35.6419,2.4907
600M,chip_191_403_merged.tif,0.6,4,1910998868,154,33.1508,35.5142,2.3634
600M,chip_191_403_merged.tif,0.8,0,1002027322,208,32.5131,33.9662,1.4531
600M,chip_191_403_merged.tif,0.8,1,621420691,208,32.5127,34.0489,1.5362
600M,chip_191_403_merged.tif,0.8,2,141475173,208,32.5853,34.4209,1.8356
600M,chip_191_403_merged.tif,0.8,3,1908352190,208,32.5849,33.7822,1.1973
600M,chip_191_403_merged.tif,0.8,4,1527745559,208,32.5124,34.2238,1.7114
600M,chip_193_311_merged.tif,0.2,0,2097058233,50,36.9822,37.1827,0.2006
600M,chip_193_311_merged.tif,0.2,1,1716451602,50,36.0676,38.5253,2.4577
600M,chip_193_311_merged.tif,0.2,2,1236506084,50,36.0056,38.6042,2.5987
600M,chip_193_311_merged.tif,0.2,3,855899453,50,35.1383,39.2065,4.0683
600M,chip_193_311_merged.tif,0.2,4,475292822,50,33.0961,38.2201,5.124
600M,chip_193_311_merged.tif,0.4,0,1936442900,100,33.9737,37.5425,3.5688
600M,chip_193_311_merged.tif,0.4,1,1555836269,100,35.5499,37.9561,2.4062
600M,chip_193_311_merged.tif,0.4,2,1075890751,100,33.5707,37.5904,4.0197
600M,chip_193_311_merged.tif,0.4,3,695284120,100,32.919,37.7163,4.7974
600M,chip_193_311_merged.tif,0.4,4,215338602,100,34.8036,37.2924,2.4888
600M,chip_193_311_merged.tif,0.6,0,1193144693,154,33.9706,36.8079,2.8374
600M,chip_193_311_merged.tif,0.6,1,812538062,154,33.9566,36.3073,2.3506
600M,chip_193_311_merged.tif,0.6,2,332592544,154,34.0831,35.9376,1.8545
600M,chip_193_311_merged.tif,0.6,3,2099469561,154,33.8628,36.8607,2.9978
600M,chip_193_311_merged.tif,0.6,4,1619524043,154,33.0669,36.8722,3.8053
600M,chip_193_311_merged.tif,0.8,0,710552497,208,32.4319,35.2544,2.8225
600M,chip_193_311_merged.tif,0.8,1,329945866,208,33.534,34.5082,0.9742
600M,chip_193_311_merged.tif,0.8,2,1997483996,208,33.5338,34.4164,0.8826
600M,chip_193_311_merged.tif,0.8,3,1616877365,208,33.534,34.3042,0.7702
600M,chip_193_311_merged.tif,0.8,4,1236270734,208,32.4314,35.0821,2.6507
600M,chip_193_314_merged.tif,0.2,0,1882837102,50,36.5374,38.3782,1.8408
600M,chip_193_314_merged.tif,0.2,1,1402891584,50,32.4256,38.6353,6.2097
600M,chip_193_314_merged.tif,0.2,2,1022284953,50,36.1857,39.0573,2.8717
600M,chip_193_314_merged.tif,0.2,3,542339435,50,36.4664,37.8299,1.3636
600M,chip_193_314_merged.tif,0.2,4,161732804,50,33.4131,38.4785,5.0654
600M,chip_193_314_merged.tif,0.4,0,1622882882,100,32.3572,37.5831,5.2258
600M,chip_193_314_merged.tif,0.4,1,1242276251,100,34.5749,37.8495,3.2746
600M,chip_193_314_merged.tif,0.4,2,861669620,100,33.674,37.9407,4.2668
600M,chip_193_314_merged.tif,0.4,3,381724102,100,34.5294,37.0397,2.5104
600M,chip_193_314_merged.tif,0.4,4,1117471,100,34.7827,35.8398,1.0572
600M,chip_193_314_merged.tif,0.6,0,978923562,154,34.013,37.0934,3.0804
600M,chip_193_314_merged.tif,0.6,1,498978044,154,33.908,37.2906,3.3826
600M,chip_193_314_merged.tif,0.6,2,118371413,154,33.3259,36.5109,3.185
600M,chip_193_314_merged.tif,0.6,3,1785909543,154,33.6805,36.5105,2.83
600M,chip_193_314_merged.tif,0.6,4,1405302912,154,34.7389,35.24,0.5011
600M,chip_193_314_merged.tif,0.8,0,496331366,208,32.4813,33.505,1.0237
600M,chip_193_314_merged.tif,0.8,1,16385848,208,33.757,35.5588,1.8018
600M,chip_193_314_merged.tif,0.8,2,1783262865,208,29.1671,33.0191,3.852
600M,chip_193_314_merged.tif,0.8,3,1303317347,208,31.1818,33.9846,2.8028
600M,chip_193_314_merged.tif,0.8,4,922710716,208,29.1667,34.5238,5.3572
600M,chip_193_583_merged.tif,0.2,0,1969578718,50,38.8542,39.6363,0.782
600M,chip_193_583_merged.tif,0.2,1,1588972087,50,38.9879,39.456,0.4682
600M,chip_193_583_merged.tif,0.2,2,1109026569,50,39.6627,41.195,1.5324
600M,chip_193_583_merged.tif,0.2,3,728419938,50,38.9875,40.2859,1.2984
600M,chip_193_583_merged.tif,0.2,4,248474420,50,40.0107,40.1722,0.1615
600M,chip_193_583_merged.tif,0.4,0,1808963385,100,37.5546,39.948,2.3934
600M,chip_193_583_merged.tif,0.4,1,1329017867,100,38.0633,39.8759,1.8126
600M,chip_193_583_merged.tif,0.4,2,948411236,100,38.8767,39.7768,0.9001
600M,chip_193_583_merged.tif,0.4,3,567804605,100,38.3104,39.5954,1.285
600M,chip_193_583_merged.tif,0.4,4,87859087,100,38.974,39.391,0.417
600M,chip_193_583_merged.tif,0.6,0,1065665178,154,37.5363,38.6492,1.1128
600M,chip_193_583_merged.tif,0.6,1,585719660,154,37.1614,38.3897,1.2283
600M,chip_193_583_merged.tif,0.6,2,205113029,154,37.0514,39.2312,2.1798
600M,chip_193_583_merged.tif,0.6,3,1971990046,154,37.0878,38.9385,1.8507
600M,chip_193_583_merged.tif,0.6,4,1492044528,154,37.4227,39.2134,1.7907
600M,chip_193_583_merged.tif,0.8,0,583072982,208,37.041,37.8383,0.7973
600M,chip_193_583_merged.tif,0.8,1,202466351,208,37.3956,37.5047,0.1091
600M,chip_193_583_merged.tif,0.8,2,1870004481,208,36.4258,38.3067,1.8809
600M,chip_193_583_merged.tif,0.8,3,1489397850,208,36.4251,37.7176,1.2925
600M,chip_193_583_merged.tif,0.8,4,1009452332,208,36.4252,38.4218,1.9966
600M,chip_194_257_merged.tif,0.2,0,1454838209,50,34.4951,38.8283,4.3333
600M,chip_194_257_merged.tif,0.2,1,1074231578,50,38.8599,42.44,3.5801
600M,chip_194_257_merged.tif,0.2,2,594286060,50,36.8352,42.2141,5.3788
600M,chip_194_257_merged.tif,0.2,3,213679429,50,38.3812,41.6819,3.3007
600M,chip_194_257_merged.tif,0.2,4,1881217559,50,39.3539,42.7526,3.3987
600M,chip_194_257_merged.tif,0.4,0,1294222876,100,31.643,40.3383,8.6952
600M,chip_194_257_merged.tif,0.4,1,814277358,100,32.3673,40.359,7.9917
600M,chip_194_257_merged.tif,0.4,2,433670727,100,38.8311,42.1893,3.3582
600M,chip_194_257_merged.tif,0.4,3,53064096,100,32.3389,42.1034,9.7644
600M,chip_194_257_merged.tif,0.4,4,1720602226,100,32.9199,42.3079,9.388
600M,chip_194_257_merged.tif,0.6,0,550924669,154,33.332,38.7402,5.4082
600M,chip_194_257_merged.tif,0.6,1,70979151,154,34.2423,38.5041,4.2618
600M,chip_194_257_merged.tif,0.6,2,1837856168,154,34.1178,38.5915,4.4737
600M,chip_194_257_merged.tif,0.6,3,1457249537,154,33.0447,38.6791,5.6344
600M,chip_194_257_merged.tif,0.6,4,977304019,154,33.5736,38.1201,4.5465
600M,chip_194_257_merged.tif,0.8,0,68332473,208,32.1539,36.8546,4.7008
600M,chip_194_257_merged.tif,0.8,1,1835209490,208,33.3467,37.6738,4.3271
600M,chip_194_257_merged.tif,0.8,2,1355263972,208,33.3466,36.6556,3.309
600M,chip_194_257_merged.tif,0.8,3,974657341,208,30.9171,37.648,6.7309
600M,chip_194_257_merged.tif,0.8,4,494711823,208,33.7058,38.1201,4.4143
600M,chip_194_261_merged.tif,0.2,0,1358694379,50,36.2645,41.3333,5.0688
600M,chip_194_261_merged.tif,0.2,1,978087748,50,35.0552,41.3569,6.3018
600M,chip_194_261_merged.tif,0.2,2,498142230,50,38.1121,41.7189,3.6068
600M,chip_194_261_merged.tif,0.2,3,117535599,50,37.3688,41.0334,3.6646
600M,chip_194_261_merged.tif,0.2,4,1884412616,50,37.3687,41.8307,4.462
600M,chip_194_261_merged.tif,0.4,0,392758196,100,35.0458,40.8236,5.7777
600M,chip_194_261_merged.tif,0.4,1,2060296326,100,35.0201,39.9012,4.8811
600M,chip_194_261_merged.tif,0.4,2,1679689695,100,34.9989,40.41,5.4111
600M,chip_194_261_merged.tif,0.4,3,1299083064,100,35.8257,41.8336,6.0079
600M,chip_194_261_merged.tif,0.4,4,819137546,100,35.3007,41.2778,5.9771
600M,chip_194_261_merged.tif,0.6,0,454780839,154,35.2492,39.7102,4.461
600M,chip_194_261_merged.tif,0.6,1,74174208,154,34.0628,38.5424,4.4797
600M,chip_194_261_merged.tif,0.6,2,1741712338,154,34.4614,39.1912,4.7298
600M,chip_194_261_merged.tif,0.6,3,1361105707,154,34.9751,39.3383,4.3632
600M,chip_194_261_merged.tif,0.6,4,881160189,154,34.0629,38.2332,4.1703
600M,chip_194_261_merged.tif,0.8,0,2119672291,208,33.6629,37.1354,3.4724
600M,chip_194_261_merged.tif,0.8,1,1739065660,208,34.6715,37.1368,2.4653
600M,chip_194_261_merged.tif,0.8,2,1259120142,208,34.6712,36.6051,1.9339
600M,chip_194_261_merged.tif,0.8,3,878513511,208,33.8282,37.5757,3.7476
600M,chip_194_261_merged.tif,0.8,4,497906880,208,34.2102,37.5134,3.3031
600M,chip_194_296_merged.tif,0.2,0,757115239,50,37.2368,42.3129,5.0762
600M,chip_194_296_merged.tif,0.2,1,376508608,50,37.7583,41.7606,4.0023
600M,chip_194_296_merged.tif,0.2,2,2143385625,50,39.6489,40.5454,0.8965
600M,chip_194_296_merged.tif,0.2,3,1663440107,50,38.2231,41.0911,2.8679
600M,chip_194_296_merged.tif,0.2,4,1282833476,50,38.2216,41.0072,2.7856
600M,chip_194_296_merged.tif,0.4,0,596499906,100,37.6408,41.2076,3.5668
600M,chip_194_296_merged.tif,0.4,1,215893275,100,37.8681,40.8287,2.9606
600M,chip_194_296_merged.tif,0.4,2,1883431405,100,36.2945,40.9451,4.6506
600M,chip_194_296_merged.tif,0.4,3,1502824774,100,37.1483,40.8222,3.674
600M,chip_194_296_merged.tif,0.4,4,1022879256,100,35.5405,40.2346,4.694
600M,chip_194_296_merged.tif,0.6,0,2000685347,154,36.6828,38.8505,2.1677
600M,chip_194_296_merged.tif,0.6,1,1620078716,154,35.8936,39.9099,4.0163
600M,chip_194_296_merged.tif,0.6,2,1140133198,154,34.595,38.0982,3.5032
600M,chip_194_296_merged.tif,0.6,3,759526567,154,36.6834,38.789,2.1056
600M,chip_194_296_merged.tif,0.6,4,279581049,154,36.3052,39.594,3.2888
600M,chip_194_296_merged.tif,0.8,0,1518093151,208,33.6467,37.115,3.4683
600M,chip_194_296_merged.tif,0.8,1,1137486520,208,34.6561,36.7791,2.123
600M,chip_194_296_merged.tif,0.8,2,756879889,208,33.6484,36.8804,3.232
600M,chip_194_296_merged.tif,0.8,3,276934371,208,33.6475,37.4993,3.8518
600M,chip_194_296_merged.tif,0.8,4,2043811388,208,34.1077,36.3873,2.2797
600M,chip_194_315_merged.tif,0.2,0,677363364,50,33.4934,37.6118,4.1183
600M,chip_194_315_merged.tif,0.2,1,296756733,50,36.5958,37.3855,0.7897
600M,chip_194_315_merged.tif,0.2,2,1964294863,50,36.0063,36.7479,0.7416
600M,chip_194_315_merged.tif,0.2,3,1583688232,50,33.4946,37.3644,3.8698
600M,chip_194_315_merged.tif,0.2,4,1103742714,50,34.6093,37.1781,2.5688
600M,chip_194_315_merged.tif,0.4,0,516748031,100,35.0975,36.5558,1.4582
600M,chip_194_315_merged.tif,0.4,1,36802513,100,34.6448,36.9793,2.3345
600M,chip_194_315_merged.tif,0.4,2,1803679530,100,34.4224,37.0421,2.6197
600M,chip_194_315_merged.tif,0.4,3,1323734012,100,34.881,37.4511,2.5701
600M,chip_194_315_merged.tif,0.4,4,943127381,100,34.6841,36.7672,2.0831
600M,chip_194_315_merged.tif,0.6,0,1920933472,154,34.3234,36.0249,1.7016
600M,chip_194_315_merged.tif,0.6,1,1440987954,154,34.3672,36.0494,1.6822
600M,chip_194_315_merged.tif,0.6,2,1060381323,154,33.987,36.1968,2.2098
600M,chip_194_315_merged.tif,0.6,3,679774692,154,34.1275,35.2072,1.0797
600M,chip_194_315_merged.tif,0.6,4,199829174,154,34.3668,35.9537,1.5869
600M,chip_194_315_merged.tif,0.8,0,1438341276,208,31.12,34.9051,3.7851
600M,chip_194_315_merged.tif,0.8,1,1057734645,208,32.9877,32.3724,-0.6152
600M,chip_194_315_merged.tif,0.8,2,577789127,208,32.9485,34.8335,1.8851
600M,chip_194_315_merged.tif,0.8,3,197182496,208,33.1121,34.7792,1.6671
600M,chip_194_315_merged.tif,0.8,4,1864720626,208,32.9878,34.2262,1.2384
600M,chip_194_329_merged.tif,0.2,0,773789258,50,30.569,36.3069,5.738
600M,chip_194_329_merged.tif,0.2,1,393182627,50,33.3115,36.5517,3.2402
600M,chip_194_329_merged.tif,0.2,2,2060720757,50,32.3652,36.2459,3.8807
600M,chip_194_329_merged.tif,0.2,3,1680114126,50,32.5635,37.1122,4.5487
600M,chip_194_329_merged.tif,0.2,4,1200168608,50,32.8913,36.6563,3.765
600M,chip_194_329_merged.tif,0.4,0,613173925,100,30.7489,36.7365,5.9876
600M,chip_194_329_merged.tif,0.4,1,133228407,100,31.4005,36.3303,4.9298
600M,chip_194_329_merged.tif,0.4,2,1900105424,100,30.5758,36.9129,6.3371
600M,chip_194_329_merged.tif,0.4,3,1519498793,100,30.7451,36.3224,5.5773
600M,chip_194_329_merged.tif,0.4,4,1039553275,100,30.5797,37.1695,6.5897
600M,chip_194_329_merged.tif,0.6,0,2017359366,154,30.3108,35.2139,4.9032
600M,chip_194_329_merged.tif,0.6,1,1537413848,154,30.6424,35.1718,4.5294
600M,chip_194_329_merged.tif,0.6,2,1156807217,154,29.7113,35.9076,6.1963
600M,chip_194_329_merged.tif,0.6,3,776200586,154,30.6426,35.3542,4.7116
600M,chip_194_329_merged.tif,0.6,4,296255068,154,30.6423,35.399,4.7566
600M,chip_194_329_merged.tif,0.8,0,1534767170,208,29.859,33.4233,3.5643
600M,chip_194_329_merged.tif,0.8,1,1154160539,208,29.8441,34.3724,4.5283
600M,chip_194_329_merged.tif,0.8,2,674215021,208,29.6451,34.2017,4.5566
600M,chip_194_329_merged.tif,0.8,3,293608390,208,29.8584,32.6205,2.7621
600M,chip_194_329_merged.tif,0.8,4,1961146520,208,30.2232,33.6142,3.391
600M,chip_194_385_merged.tif,0.2,0,2057700183,50,37.6471,38.9487,1.3016
600M,chip_194_385_merged.tif,0.2,1,1577754665,50,36.1234,38.1799,2.0566
600M,chip_194_385_merged.tif,0.2,2,1197148034,50,35.2,37.7033,2.5033
600M,chip_194_385_merged.tif,0.2,3,717202516,50,35.819,38.2509,2.4319
600M,chip_194_385_merged.tif,0.2,4,336595885,50,36.215,38.3535,2.1385
600M,chip_194_385_merged.tif,0.4,0,992425113,100,34.3895,36.9291,2.5396
600M,chip_194_385_merged.tif,0.4,1,611818482,100,34.1111,36.3896,2.2785
600M,chip_194_385_merged.tif,0.4,2,131872964,100,34.5083,36.7409,2.2326
600M,chip_194_385_merged.tif,0.4,3,1898749981,100,35.9963,37.2259,1.2296
600M,chip_194_385_merged.tif,0.4,4,1418804463,100,33.6217,37.4757,3.854
600M,chip_194_385_merged.tif,0.6,0,1054447756,154,34.1797,35.7231,1.5434
600M,chip_194_385_merged.tif,0.6,1,673841125,154,35.2806,35.2825,0.0019
600M,chip_194_385_merged.tif,0.6,2,293234494,154,34.6025,36.8466,2.2441
600M,chip_194_385_merged.tif,0.6,3,1960772624,154,33.8594,37.0868,3.2275
600M,chip_194_385_merged.tif,0.6,4,1580165993,154,33.8618,35.6618,1.8
600M,chip_194_385_merged.tif,0.8,0,671194447,208,34.1872,34.968,0.7808
600M,chip_194_385_merged.tif,0.8,1,191248929,208,33.3559,35.1287,1.7728
600M,chip_194_385_merged.tif,0.8,2,1958125946,208,34.1869,34.8265,0.6396
600M,chip_194_385_merged.tif,0.8,3,1478180428,208,34.1384,34.7485,0.6101
600M,chip_194_385_merged.tif,0.8,4,1097573797,208,34.1861,35.6349,1.4488
600M,chip_194_433_merged.tif,0.2,0,60614923,50,34.9802,36.925,1.9447
600M,chip_194_433_merged.tif,0.2,1,1728153053,50,33.9233,36.2165,2.2932
600M,chip_194_433_merged.tif,0.2,2,1347546422,50,34.3642,35.9566,1.5924
600M,chip_194_433_merged.tif,0.2,3,966939791,50,34.4945,35.8055,1.311
600M,chip_194_433_merged.tif,0.2,4,486994273,50,34.3643,36.2665,1.9022
600M,chip_194_433_merged.tif,0.4,0,1142823501,100,34.4797,35.949,1.4693
600M,chip_194_433_merged.tif,0.4,1,762216870,100,34.1911,35.816,1.6249
600M,chip_194_433_merged.tif,0.4,2,282271352,100,33.5551,36.2555,2.7004
600M,chip_194_433_merged.tif,0.4,3,2049148369,100,33.5801,36.1014,2.5213
600M,chip_194_433_merged.tif,0.4,4,1668541738,100,33.8335,35.7709,1.9374
600M,chip_194_433_merged.tif,0.6,0,1304185031,154,33.648,35.4049,1.757
600M,chip_194_433_merged.tif,0.6,1,824239513,154,33.5232,35.8587,2.3355
600M,chip_194_433_merged.tif,0.6,2,443632882,154,33.4701,35.5381,2.0681
600M,chip_194_433_merged.tif,0.6,3,2111171012,154,33.6718,36.0601,2.3883
600M,chip_194_433_merged.tif,0.6,4,1730564381,154,33.7805,36.0434,2.263
600M,chip_194_433_merged.tif,0.8,0,821592835,208,32.3193,33.7508,1.4315
600M,chip_194_433_merged.tif,0.8,1,341647317,208,32.3188,33.8231,1.5042
600M,chip_194_433_merged.tif,0.8,2,2108524334,208,33.3493,34.5541,1.2048
600M,chip_194_433_merged.tif,0.8,3,1727917703,208,33.1496,34.3917,1.2421
600M,chip_194_433_merged.tif,0.8,4,1247972185,208,32.319,34.4724,2.1534
600M,chip_196_274_merged.tif,0.2,0,761197787,50,34.2476,38.3767,4.1291
600M,chip_196_274_merged.tif,0.2,1,380591156,50,34.8659,37.4554,2.5895
600M,chip_196_274_merged.tif,0.2,2,2048129286,50,30.3617,39.3998,9.0381
600M,chip_196_274_merged.tif,0.2,3,1667522655,50,35.2831,40.2814,4.9983
600M,chip_196_274_merged.tif,0.2,4,1187577137,50,35.0366,39.7694,4.7328
600M,chip_196_274_merged.tif,0.4,0,600582454,100,31.9105,37.9982,6.0878
600M,chip_196_274_merged.tif,0.4,1,120636936,100,33.6052,37.2804,3.6752
600M,chip_196_274_merged.tif,0.4,2,1887513953,100,32.1913,38.1222,5.931
600M,chip_196_274_merged.tif,0.4,3,1407568435,100,33.3166,38.7971,5.4805
600M,chip_196_274_merged.tif,0.4,4,1026961804,100,31.5631,37.2536,5.6905
600M,chip_196_274_merged.tif,0.6,0,2004767895,154,32.2092,36.6147,4.4055
600M,chip_196_274_merged.tif,0.6,1,1524822377,154,32.3551,37.0793,4.7243
600M,chip_196_274_merged.tif,0.6,2,1144215746,154,32.8471,37.8637,5.0166
600M,chip_196_274_merged.tif,0.6,3,763609115,154,31.3594,38.2686,6.9093
600M,chip_196_274_merged.tif,0.6,4,283663597,154,32.3643,36.1116,3.7473
600M,chip_196_274_merged.tif,0.8,0,1522175699,208,32.24,34.6716,2.4317
600M,chip_196_274_merged.tif,0.8,1,1141569068,208,32.1503,35.2274,3.0772
600M,chip_196_274_merged.tif,0.8,2,661623550,208,32.1504,34.5262,2.3758
600M,chip_196_274_merged.tif,0.8,3,281016919,208,32.2402,34.8077,2.5675
600M,chip_196_274_merged.tif,0.8,4,1948555049,208,32.1505,34.3675,2.217
600M,chip_196_291_merged.tif,0.2,0,1826017090,50,35.4141,42.6103,7.1962
600M,chip_196_291_merged.tif,0.2,1,1445410459,50,38.8904,42.7947,3.9043
600M,chip_196_291_merged.tif,0.2,2,965464941,50,32.3532,42.4588,10.1056
600M,chip_196_291_merged.tif,0.2,3,584858310,50,35.4151,42.9883,7.5732
600M,chip_196_291_merged.tif,0.2,4,104912792,50,39.551,43.0497,3.4987
600M,chip_196_291_merged.tif,0.4,0,860080907,100,35.2573,40.8639,5.6065
600M,chip_196_291_merged.tif,0.4,1,380135389,100,37.2621,40.8111,3.549
600M,chip_196_291_merged.tif,0.4,2,2147012406,100,37.4033,40.76,3.3567
600M,chip_196_291_merged.tif,0.4,3,1667066888,100,36.2836,40.5519,4.2683
600M,chip_196_291_merged.tif,0.4,4,1286460257,100,31.4877,40.1629,8.6753
600M,chip_196_291_merged.tif,0.6,0,922103550,154,34.5738,40.4902,5.9164
600M,chip_196_291_merged.tif,0.6,1,442158032,154,34.7651,40.3459,5.5809
600M,chip_196_291_merged.tif,0.6,2,61551401,154,34.7649,41.2514,6.4865
600M,chip_196_291_merged.tif,0.6,3,1828428418,154,36.6693,40.2165,3.5472
600M,chip_196_291_merged.tif,0.6,4,1348482900,154,34.0888,40.7012,6.6124
600M,chip_196_291_merged.tif,0.8,0,439511354,208,34.4504,37.0622,2.6118
600M,chip_196_291_merged.tif,0.8,1,58904723,208,34.4505,37.6286,3.1781
600M,chip_196_291_merged.tif,0.8,2,1726442853,208,34.4509,38.169,3.7181
600M,chip_196_291_merged.tif,0.8,3,1345836222,208,33.5686,37.9071,4.3385
600M,chip_196_291_merged.tif,0.8,4,865890704,208,31.236,36.8604,5.6244
600M,chip_197_366_merged.tif,0.2,0,748253614,50,35.2591,37.1907,1.9316
600M,chip_197_366_merged.tif,0.2,1,268308096,50,35.5432,37.3755,1.8322
600M,chip_197_366_merged.tif,0.2,2,2035185113,50,33.7507,37.5086,3.7579
600M,chip_197_366_merged.tif,0.2,3,1654578482,50,33.3938,35.9996,2.6058
600M,chip_197_366_merged.tif,0.2,4,1174632964,50,35.2024,37.0064,1.804
600M,chip_197_366_merged.tif,0.4,0,1830462192,100,33.3772,37.1141,3.7369
600M,chip_197_366_merged.tif,0.4,1,1449855561,100,33.3772,36.8298,3.4526
600M,chip_197_366_merged.tif,0.4,2,969910043,100,34.4202,36.4231,2.0029
600M,chip_197_366_merged.tif,0.4,3,589303412,100,34.0759,36.5034,2.4275
600M,chip_197_366_merged.tif,0.4,4,208696781,100,33.4643,36.8741,3.4098
600M,chip_197_366_merged.tif,0.6,0,1991823722,154,33.2583,35.5363,2.278
600M,chip_197_366_merged.tif,0.6,1,1511878204,154,33.8645,35.0733,1.2088
600M,chip_197_366_merged.tif,0.6,2,1131271573,154,33.604,36.2132,2.6093
600M,chip_197_366_merged.tif,0.6,3,651326055,154,34.464,35.9449,1.4809
600M,chip_197_366_merged.tif,0.6,4,270719424,154,33.596,35.8376,2.2416
600M,chip_197_366_merged.tif,0.8,0,1509231526,208,32.3277,34.1308,1.8032
600M,chip_197_366_merged.tif,0.8,1,1029286008,208,33.4647,34.2061,0.7414
600M,chip_197_366_merged.tif,0.8,2,648679377,208,32.3279,34.307,1.9791
600M,chip_197_366_merged.tif,0.8,3,268072746,208,33.4644,34.3773,0.9129
600M,chip_197_366_merged.tif,0.8,4,1935610876,208,33.2904,34.5689,1.2785
600M,chip_197_591_merged.tif,0.2,0,157901970,50,32.9744,36.5117,3.5374
600M,chip_197_591_merged.tif,0.2,1,1825440100,50,34.9481,37.337,2.3889
600M,chip_197_591_merged.tif,0.2,2,1444833469,50,31.7749,37.5063,5.7314
600M,chip_197_591_merged.tif,0.2,3,964887951,50,33.6344,36.7378,3.1034
600M,chip_197_591_merged.tif,0.2,4,584281320,50,33.3437,37.5125,4.1689
600M,chip_197_591_merged.tif,0.4,0,2045431398,100,33.6181,36.682,3.0638
600M,chip_197_591_merged.tif,0.4,1,1664824767,100,33.3776,36.2411,2.8635
600M,chip_197_591_merged.tif,0.4,2,1284218136,100,33.8578,37.0282,3.1705
600M,chip_197_591_merged.tif,0.4,3,804272618,100,33.4939,36.5062,3.0123
600M,chip_197_591_merged.tif,0.4,4,423665987,100,33.8571,36.7718,2.9147
600M,chip_197_591_merged.tif,0.6,0,1302133191,154,33.5246,35.5264,2.0019
600M,chip_197_591_merged.tif,0.6,1,921526560,154,33.3918,35.7828,2.391
600M,chip_197_591_merged.tif,0.6,2,540919929,154,33.4212,35.8042,2.383
600M,chip_197_591_merged.tif,0.6,3,60974411,154,33.2094,36.3481,3.1387
600M,chip_197_591_merged.tif,0.6,4,1827851428,154,33.5433,35.6433,2.1
600M,chip_197_591_merged.tif,0.8,0,918879882,208,31.8756,35.2251,3.3495
600M,chip_197_591_merged.tif,0.8,1,438934364,208,31.8755,34.9195,3.044
600M,chip_197_591_merged.tif,0.8,2,58327733,208,32.7539,34.3299,1.5759
600M,chip_197_591_merged.tif,0.8,3,1725865863,208,31.8767,34.2386,2.3619
600M,chip_197_591_merged.tif,0.8,4,1345259232,208,33.2659,34.4908,1.225
600M,chip_198_027_merged.tif,0.2,0,2061133816,50,38.1511,41.2725,3.1213
600M,chip_198_027_merged.tif,0.2,1,1680527185,50,37.9318,40.6273,2.6955
600M,chip_198_027_merged.tif,0.2,2,1299920554,50,41.2125,41.1848,-0.0277
600M,chip_198_027_merged.tif,0.2,3,819975036,50,37.1717,41.3814,4.2096
600M,chip_198_027_merged.tif,0.2,4,439368405,50,35.3738,41.3342,5.9604
600M,chip_198_027_merged.tif,0.4,0,1900518483,100,40.1552,40.6248,0.4696
600M,chip_198_027_merged.tif,0.4,1,1519911852,100,38.334,39.3465,1.0126
600M,chip_198_027_merged.tif,0.4,2,1039966334,100,36.9195,41.6727,4.7532
600M,chip_198_027_merged.tif,0.4,3,659359703,100,35.0915,40.2294,5.1379
600M,chip_198_027_merged.tif,0.4,4,179414185,100,35.0909,40.0975,5.0067
600M,chip_198_027_merged.tif,0.6,0,1157220276,154,38.5329,40.2551,1.7222
600M,chip_198_027_merged.tif,0.6,1,776613645,154,35.9296,38.8674,2.9378
600M,chip_198_027_merged.tif,0.6,2,296668127,154,38.5315,39.9056,1.3741
600M,chip_198_027_merged.tif,0.6,3,2063545144,154,38.5316,39.5043,0.9727
600M,chip_198_027_merged.tif,0.6,4,1583599626,154,37.9622,40.0333,2.0711
600M,chip_198_027_merged.tif,0.8,0,674628080,208,37.0353,37.9142,0.8789
600M,chip_198_027_merged.tif,0.8,1,294021449,208,36.252,37.3959,1.1439
600M,chip_198_027_merged.tif,0.8,2,2060898466,208,37.0346,37.4298,0.3952
600M,chip_198_027_merged.tif,0.8,3,1580952948,208,36.9527,37.2795,0.3267
600M,chip_198_027_merged.tif,0.8,4,1200346317,208,34.8864,37.8091,2.9227
600M,chip_200_415_merged.tif,0.2,0,1492062358,50,34.5495,37.8248,3.2752
600M,chip_200_415_merged.tif,0.2,1,1111455727,50,36.5356,38.6039,2.0683
600M,chip_200_415_merged.tif,0.2,2,631510209,50,36.3592,38.23,1.8707
600M,chip_200_415_merged.tif,0.2,3,250903578,50,36.7979,38.4556,1.6577
600M,chip_200_415_merged.tif,0.2,4,1918441708,50,35.9504,39.2161,3.2657
600M,chip_200_415_merged.tif,0.4,0,526126175,100,34.2491,38.0728,3.8238
600M,chip_200_415_merged.tif,0.4,1,46180657,100,35.0074,38.0999,3.0926
600M,chip_200_415_merged.tif,0.4,2,1813057674,100,33.9513,38.085,4.1338
600M,chip_200_415_merged.tif,0.4,3,1333112156,100,35.301,38.3505,3.0495
600M,chip_200_415_merged.tif,0.4,4,952505525,100,35.2837,38.4786,3.195
600M,chip_200_415_merged.tif,0.6,0,588148818,154,33.4448,37.7397,4.295
600M,chip_200_415_merged.tif,0.6,1,207542187,154,35.3396,37.4554,2.1158
600M,chip_200_415_merged.tif,0.6,2,1875080317,154,34.0921,37.194,3.1019
600M,chip_200_415_merged.tif,0.6,3,1494473686,154,34.1733,37.8369,3.6636
600M,chip_200_415_merged.tif,0.6,4,1014528168,154,34.2043,37.7116,3.5073
600M,chip_200_415_merged.tif,0.8,0,105556622,208,33.4556,36.8476,3.3919
600M,chip_200_415_merged.tif,0.8,1,1872433639,208,32.5981,36.4915,3.8935
600M,chip_200_415_merged.tif,0.8,2,1392488121,208,34.0988,36.2153,2.1164
600M,chip_200_415_merged.tif,0.8,3,1011881490,208,33.7735,36.9095,3.136
600M,chip_200_415_merged.tif,0.8,4,531935972,208,32.5982,36.1506,3.5524
600M,chip_200_441_merged.tif,0.2,0,447485661,50,36.5314,37.5887,1.0573
600M,chip_200_441_merged.tif,0.2,1,2115023791,50,35.2716,37.7103,2.4387
600M,chip_200_441_merged.tif,0.2,2,1734417160,50,34.5285,37.2666,2.7382
600M,chip_200_441_merged.tif,0.2,3,1254471642,50,35.6443,38.2097,2.5655
600M,chip_200_441_merged.tif,0.2,4,873865011,50,36.2745,37.7154,1.4408
600M,chip_200_441_merged.tif,0.4,0,187531441,100,35.4275,37.2708,1.8433
600M,chip_200_441_merged.tif,0.4,1,1954408458,100,35.9236,37.0473,1.1237
600M,chip_200_441_merged.tif,0.4,2,1474462940,100,36.193,37.2939,1.1009
600M,chip_200_441_merged.tif,0.4,3,1093856309,100,35.382,37.5933,2.2113
600M,chip_200_441_merged.tif,0.4,4,713249678,100,34.5512,37.302,2.7509
600M,chip_200_441_merged.tif,0.6,0,1591716882,154,35.7045,36.9853,1.2808
600M,chip_200_441_merged.tif,0.6,1,1211110251,154,35.6308,36.3808,0.7499
600M,chip_200_441_merged.tif,0.6,2,830503620,154,35.1336,36.094,0.9605
600M,chip_200_441_merged.tif,0.6,3,350558102,154,35.7045,36.8444,1.1399
600M,chip_200_441_merged.tif,0.6,4,2117435119,154,34.4713,36.9124,2.4411
600M,chip_200_441_merged.tif,0.8,0,1208463573,208,34.8073,35.7053,0.898
600M,chip_200_441_merged.tif,0.8,1,728518055,208,34.8074,35.8361,1.0288
600M,chip_200_441_merged.tif,0.8,2,347911424,208,34.6685,35.2282,0.5597
600M,chip_200_441_merged.tif,0.8,3,2015449554,208,34.4248,35.37,0.9452
600M,chip_200_441_merged.tif,0.8,4,1634842923,208,34.4249,35.6819,1.257
600M,chip_201_457_merged.tif,0.2,0,872592896,50,34.8929,35.29,0.3971
600M,chip_201_457_merged.tif,0.2,1,491986265,50,32.5407,36.3094,3.7687
600M,chip_201_457_merged.tif,0.2,2,111379634,50,33.5616,36.5633,3.0017
600M,chip_201_457_merged.tif,0.2,3,1778917764,50,34.2983,37.0594,2.7611
600M,chip_201_457_merged.tif,0.2,4,1398311133,50,34.5142,36.8145,2.3003
600M,chip_201_457_merged.tif,0.4,0,711977563,100,31.4189,36.2478,4.8289
600M,chip_201_457_merged.tif,0.4,1,331370932,100,31.7035,35.7051,4.0015
600M,chip_201_457_merged.tif,0.4,2,1998909062,100,31.7677,35.9312,4.1634
600M,chip_201_457_merged.tif,0.4,3,1618302431,100,31.1944,36.0995,4.9051
600M,chip_201_457_merged.tif,0.4,4,1138356913,100,32.3781,37.09,4.7119
600M,chip_201_457_merged.tif,0.6,0,2116163004,154,31.9047,35.4181,3.5134
600M,chip_201_457_merged.tif,0.6,1,1735556373,154,32.2275,34.5658,2.3384
600M,chip_201_457_merged.tif,0.6,2,1255610855,154,31.7465,35.1066,3.3602
600M,chip_201_457_merged.tif,0.6,3,875004224,154,31.8891,34.7832,2.8942
600M,chip_201_457_merged.tif,0.6,4,395058706,154,31.7454,34.5475,2.8021
600M,chip_201_457_merged.tif,0.8,0,1633570808,208,32.2551,34.1546,1.8995
600M,chip_201_457_merged.tif,0.8,1,1252964177,208,31.0641,34.0825,3.0184
600M,chip_201_457_merged.tif,0.8,2,872357546,208,31.0642,34.6326,3.5684
600M,chip_201_457_merged.tif,0.8,3,392412028,208,30.6586,32.9637,2.305
600M,chip_201_457_merged.tif,0.8,4,11805397,208,32.2015,33.956,1.7545
600M,chip_202_016_merged.tif,0.2,0,1866090006,50,32.5657,33.4781,0.9124
600M,chip_202_016_merged.tif,0.2,1,1386144488,50,25.3635,35.1462,9.7828
600M,chip_202_016_merged.tif,0.2,2,1005537857,50,26.9891,33.4817,6.4926
600M,chip_202_016_merged.tif,0.2,3,525592339,50,24.7823,34.6772,9.8949
600M,chip_202_016_merged.tif,0.2,4,144985708,50,27.7873,35.2602,7.4729
600M,chip_202_016_merged.tif,0.4,0,1606135786,100,28.4117,33.1701,4.7584
600M,chip_202_016_merged.tif,0.4,1,1225529155,100,34.2323,31.7027,-2.5296
600M,chip_202_016_merged.tif,0.4,2,844922524,100,31.2299,32.2019,0.9721
600M,chip_202_016_merged.tif,0.4,3,364977006,100,31.665,31.9517,0.2867
600M,chip_202_016_merged.tif,0.4,4,2131854023,100,26.8177,31.5135,4.6957
600M,chip_202_016_merged.tif,0.6,0,962176466,154,29.1778,29.3791,0.2013
600M,chip_202_016_merged.tif,0.6,1,482230948,154,26.7168,31.0118,4.295
600M,chip_202_016_merged.tif,0.6,2,101624317,154,27.5758,30.0902,2.5144
600M,chip_202_016_merged.tif,0.6,3,1769162447,154,28.1849,30.4951,2.3102
600M,chip_202_016_merged.tif,0.6,4,1388555816,154,30.6771,29.904,-0.7731
600M,chip_202_016_merged.tif,0.8,0,479584270,208,27.4831,28.5203,1.0372
600M,chip_202_016_merged.tif,0.8,1,2147122400,208,27.0067,28.7351,1.7284
600M,chip_202_016_merged.tif,0.8,2,1766515769,208,27.694,28.155,0.461
600M,chip_202_016_merged.tif,0.8,3,1286570251,208,27.0067,29.3204,2.3138
600M,chip_202_016_merged.tif,0.8,4,905963620,208,27.4831,28.5431,1.06
600M,chip_202_324_merged.tif,0.2,0,55548639,50,37.1095,40.1872,3.0777
600M,chip_202_324_merged.tif,0.2,1,1822425656,50,34.3488,40.2265,5.8778
600M,chip_202_324_merged.tif,0.2,2,1342480138,50,33.5753,39.9687,6.3934
600M,chip_202_324_merged.tif,0.2,3,961873507,50,36.0354,39.4844,3.449
600M,chip_202_324_merged.tif,0.2,4,581266876,50,32.9713,40.3965,7.4251
600M,chip_202_324_merged.tif,0.4,0,2042416954,100,34.0373,37.4332,3.3959
600M,chip_202_324_merged.tif,0.4,1,1661810323,100,34.2255,39.744,5.5186
600M,chip_202_324_merged.tif,0.4,2,1181864805,100,34.3967,39.3275,4.9308
600M,chip_202_324_merged.tif,0.4,3,801258174,100,34.4061,38.9206,4.5145
600M,chip_202_324_merged.tif,0.4,4,321312656,100,35.2184,39.3907,4.1723
600M,chip_202_324_merged.tif,0.6,0,1299118747,154,34.9614,37.1927,2.2313
600M,chip_202_324_merged.tif,0.6,1,918512116,154,32.3438,36.7989,4.4551
600M,chip_202_324_merged.tif,0.6,2,438566598,154,32.341,37.9391,5.5981
600M,chip_202_324_merged.tif,0.6,3,57959967,154,34.8375,37.4231,2.5856
600M,chip_202_324_merged.tif,0.6,4,1725498097,154,35.2818,38.3985,3.1168
600M,chip_202_324_merged.tif,0.8,0,816526551,208,32.4058,36.5837,4.178
600M,chip_202_324_merged.tif,0.8,1,435919920,208,34.2886,35.4209,1.1322
600M,chip_202_324_merged.tif,0.8,2,2103458050,208,34.2877,35.8812,1.5935
600M,chip_202_324_merged.tif,0.8,3,1722851419,208,34.2879,35.5262,1.2383
600M,chip_202_324_merged.tif,0.8,4,1342244788,208,32.4052,36.04,3.6348
600M,chip_202_367_merged.tif,0.2,0,12728244,50,33.5772,35.3638,1.7866
600M,chip_202_367_merged.tif,0.2,1,1779605261,50,34.1695,34.8864,0.7169
600M,chip_202_367_merged.tif,0.2,2,1398998630,50,34.3823,35.1712,0.7889
600M,chip_202_367_merged.tif,0.2,3,919053112,50,32.0733,36.0257,3.9523
600M,chip_202_367_merged.tif,0.2,4,538446481,50,32.2185,35.1209,2.9025
600M,chip_202_367_merged.tif,0.4,0,1194275709,100,34.1109,35.1704,1.0595
600M,chip_202_367_merged.tif,0.4,1,813669078,100,33.6193,35.0855,1.4662
600M,chip_202_367_merged.tif,0.4,2,333723560,100,32.8559,35.4307,2.5748
600M,chip_202_367_merged.tif,0.4,3,2100600577,100,33.5681,35.0092,1.4412
600M,chip_202_367_merged.tif,0.4,4,1620655059,100,33.9185,35.1377,1.2192
600M,chip_202_367_merged.tif,0.6,0,450977502,154,32.8271,34.7686,1.9415
600M,chip_202_367_merged.tif,0.6,1,70370871,154,33.1175,33.8717,0.7542
600M,chip_202_367_merged.tif,0.6,2,1737909001,154,33.4024,34.6143,1.2119
600M,chip_202_367_merged.tif,0.6,3,1357302370,154,33.4591,34.7069,1.2478
600M,chip_202_367_merged.tif,0.6,4,877356852,154,33.4022,34.9848,1.5826
600M,chip_202_367_merged.tif,0.8,0,2115868954,208,32.8053,33.4749,0.6696
600M,chip_202_367_merged.tif,0.8,1,1735262323,208,32.8055,33.8278,1.0223
600M,chip_202_367_merged.tif,0.8,2,1255316805,208,32.6234,33.4476,0.8242
600M,chip_202_367_merged.tif,0.8,3,874710174,208,32.623,33.3688,0.7458
600M,chip_202_367_merged.tif,0.8,4,494103543,208,32.623,33.8117,1.1887
600M,chip_202_388_merged.tif,0.2,0,617499522,50,33.7577,37.2177,3.46
600M,chip_202_388_merged.tif,0.2,1,236892891,50,35.1237,36.7197,1.596
600M,chip_202_388_merged.tif,0.2,2,1904431021,50,33.997,36.9346,2.9375
600M,chip_202_388_merged.tif,0.2,3,1523824390,50,33.6659,36.6263,2.9604
600M,chip_202_388_merged.tif,0.2,4,1043878872,50,34.8415,37.249,2.4075
600M,chip_202_388_merged.tif,0.4,0,1799046987,100,33.423,35.9022,2.4792
600M,chip_202_388_merged.tif,0.4,1,1319101469,100,33.496,36.1373,2.6413
600M,chip_202_388_merged.tif,0.4,2,938494838,100,32.8356,36.5888,3.7532
600M,chip_202_388_merged.tif,0.4,3,458549320,100,33.199,36.7086,3.5096
600M,chip_202_388_merged.tif,0.4,4,77942689,100,32.888,35.921,3.033
600M,chip_202_388_merged.tif,0.6,0,1055748780,154,33.2537,35.6188,2.365
600M,chip_202_388_merged.tif,0.6,1,575803262,154,33.4031,35.0482,1.6452
600M,chip_202_388_merged.tif,0.6,2,195196631,154,31.6826,35.3237,3.6411
600M,chip_202_388_merged.tif,0.6,3,1862734761,154,32.7854,34.8955,2.1101
600M,chip_202_388_merged.tif,0.6,4,1482128130,154,32.2146,35.1966,2.982
600M,chip_202_388_merged.tif,0.8,0,573156584,208,31.2302,34.0488,2.8186
600M,chip_202_388_merged.tif,0.8,1,93211066,208,31.85,34.6167,2.7667
600M,chip_202_388_merged.tif,0.8,2,1860088083,208,31.85,34.1691,2.3191
600M,chip_202_388_merged.tif,0.8,3,1479481452,208,31.2294,34.2762,3.0468
600M,chip_202_388_merged.tif,0.8,4,999535934,208,31.2299,34.0621,2.8322
600M,chip_202_439_merged.tif,0.2,0,1750219128,50,36.5712,38.3903,1.8191
600M,chip_202_439_merged.tif,0.2,1,1369612497,50,37.6999,38.5436,0.8437
600M,chip_202_439_merged.tif,0.2,2,989005866,50,34.4765,38.4444,3.9679
600M,chip_202_439_merged.tif,0.2,3,509060348,50,35.0626,37.9327,2.8701
600M,chip_202_439_merged.tif,0.2,4,128453717,50,35.8748,39.2457,3.3709
600M,chip_202_439_merged.tif,0.4,0,1589603795,100,37.2936,38.742,1.4484
600M,chip_202_439_merged.tif,0.4,1,1208997164,100,36.9463,39.0545,2.1082
600M,chip_202_439_merged.tif,0.4,2,729051646,100,36.9829,37.6045,0.6215
600M,chip_202_439_merged.tif,0.4,3,348445015,100,36.4381,38.3401,1.902
600M,chip_202_439_merged.tif,0.4,4,2115322032,100,36.4006,38.7872,2.3866
600M,chip_202_439_merged.tif,0.6,0,846305588,154,36.5089,37.5705,1.0616
600M,chip_202_439_merged.tif,0.6,1,465698957,154,34.7257,37.5983,2.8725
600M,chip_202_439_merged.tif,0.6,2,2133237087,154,36.8329,38.2846,1.4517
600M,chip_202_439_merged.tif,0.6,3,1752630456,154,35.7747,37.9499,2.1752
600M,chip_202_439_merged.tif,0.6,4,1372023825,154,35.511,37.998,2.487
600M,chip_202_439_merged.tif,0.8,0,363713392,208,34.458,37.0545,2.5965
600M,chip_202_439_merged.tif,0.8,1,2130590409,208,33.9146,37.2991,3.3845
600M,chip_202_439_merged.tif,0.8,2,1749983778,208,34.4582,36.9651,2.507
600M,chip_202_439_merged.tif,0.8,3,1270038260,208,34.4578,36.778,2.3202
600M,chip_202_439_merged.tif,0.8,4,889431629,208,34.1209,36.8929,2.772
600M,chip_204_329_merged.tif,0.2,0,384412311,50,32.547,36.3856,3.8387
600M,chip_204_329_merged.tif,0.2,1,3805680,50,33.8776,37.7168,3.8392
600M,chip_204_329_merged.tif,0.2,2,1770682697,50,35.4963,36.9043,1.408
600M,chip_204_329_merged.tif,0.2,3,1290737179,50,31.8031,38.0671,6.264
600M,chip_204_329_merged.tif,0.2,4,910130548,50,31.7466,38.5339,6.7874
600M,chip_204_329_merged.tif,0.4,0,223796978,100,33.6802,36.2764,2.5962
600M,chip_204_329_merged.tif,0.4,1,1990673995,100,34.8085,34.9836,0.1751
600M,chip_204_329_merged.tif,0.4,2,1510728477,100,33.6806,37.0136,3.333
600M,chip_204_329_merged.tif,0.4,3,1130121846,100,33.3112,37.2801,3.9689
600M,chip_204_329_merged.tif,0.4,4,749515215,100,31.079,36.0116,4.9326
600M,chip_204_329_merged.tif,0.6,0,1627982419,154,32.6424,35.2618,2.6194
600M,chip_204_329_merged.tif,0.6,1,1247375788,154,31.898,34.0048,2.1068
600M,chip_204_329_merged.tif,0.6,2,767430270,154,31.365,35.3348,3.9698
600M,chip_204_329_merged.tif,0.6,3,386823639,154,32.1409,35.9757,3.8348
600M,chip_204_329_merged.tif,0.6,4,6217008,154,31.2097,35.5617,4.352
600M,chip_204_329_merged.tif,0.8,0,1145390223,208,30.1074,33.3749,3.2675
600M,chip_204_329_merged.tif,0.8,1,764783592,208,30.1072,33.0379,2.9308
600M,chip_204_329_merged.tif,0.8,2,384176961,208,30.3158,32.6856,2.3698
600M,chip_204_329_merged.tif,0.8,3,2051715091,208,30.1067,33.2145,3.1078
600M,chip_204_329_merged.tif,0.8,4,1671108460,208,30.316,33.9948,3.6788
600M,chip_204_390_merged.tif,0.2,0,1800429349,50,38.7161,40.3327,1.6165
600M,chip_204_390_merged.tif,0.2,1,1419822718,50,38.3989,40.5463,2.1474
600M,chip_204_390_merged.tif,0.2,2,939877200,50,39.5951,40.4514,0.8563
600M,chip_204_390_merged.tif,0.2,3,559270569,50,38.662,39.9608,1.2988
600M,chip_204_390_merged.tif,0.2,4,178663938,50,38.8006,40.1553,1.3547
600M,chip_204_390_merged.tif,0.4,0,834493166,100,37.842,40.281,2.439
600M,chip_204_390_merged.tif,0.4,1,354547648,100,38.7916,40.1749,1.3833
600M,chip_204_390_merged.tif,0.4,2,2121424665,100,38.5219,40.0959,1.574
600M,chip_204_390_merged.tif,0.4,3,1641479147,100,38.4721,40.4106,1.9385
600M,chip_204_390_merged.tif,0.4,4,1260872516,100,37.4982,39.6679,2.1698
600M,chip_204_390_merged.tif,0.6,0,896515809,154,38.6298,39.4857,0.8559
600M,chip_204_390_merged.tif,0.6,1,515909178,154,38.6639,40.2227,1.5589
600M,chip_204_390_merged.tif,0.6,2,35963660,154,38.1283,39.8056,1.6773
600M,chip_204_390_merged.tif,0.6,3,1802840677,154,38.6436,39.535,0.8914
600M,chip_204_390_merged.tif,0.6,4,1322895159,154,38.718,39.83,1.1119
600M,chip_204_390_merged.tif,0.8,0,413923613,208,38.1732,38.9826,0.8094
600M,chip_204_390_merged.tif,0.8,1,33316982,208,37.0493,38.9538,1.9045
600M,chip_204_390_merged.tif,0.8,2,1700855112,208,37.0487,39.2199,2.1712
600M,chip_204_390_merged.tif,0.8,3,1320248481,208,38.1392,38.9809,0.8417
600M,chip_204_390_merged.tif,0.8,4,939641850,208,36.9071,39.1112,2.2041
600M,chip_204_506_merged.tif,0.2,0,332066059,50,30.5357,35.5073,4.9716
600M,chip_204_506_merged.tif,0.2,1,2098943076,50,33.3467,35.0675,1.7207
600M,chip_204_506_merged.tif,0.2,2,1618997558,50,34.0372,34.6722,0.635
600M,chip_204_506_merged.tif,0.2,3,1238390927,50,31.5304,35.0566,3.5262
600M,chip_204_506_merged.tif,0.2,4,857784296,50,31.328,35.9441,4.616
600M,chip_204_506_merged.tif,0.4,0,171450726,100,32.8473,34.9994,2.1521
600M,chip_204_506_merged.tif,0.4,1,1938327743,100,31.647,34.7204,3.0734
600M,chip_204_506_merged.tif,0.4,2,1458382225,100,31.1917,35.0198,3.8281
600M,chip_204_506_merged.tif,0.4,3,1077775594,100,32.751,34.3964,1.6453
600M,chip_204_506_merged.tif,0.4,4,597830076,100,31.6446,34.796,3.1513
600M,chip_204_506_merged.tif,0.6,0,1575636167,154,31.7718,33.8513,2.0795
600M,chip_204_506_merged.tif,0.6,1,1195029536,154,31.6853,33.068,1.3827
600M,chip_204_506_merged.tif,0.6,2,715084018,154,31.9525,33.8086,1.8561
600M,chip_204_506_merged.tif,0.6,3,334477387,154,32.2552,33.6622,1.407
600M,chip_204_506_merged.tif,0.6,4,2002015517,154,31.6859,33.2421,1.5563
600M,chip_204_506_merged.tif,0.8,0,1093043971,208,30.8347,32.3142,1.4795
600M,chip_204_506_merged.tif,0.8,1,712437340,208,30.8666,32.6867,1.8201
600M,chip_204_506_merged.tif,0.8,2,232491822,208,29.8743,32.4816,2.6073
600M,chip_204_506_merged.tif,0.8,3,1999368839,208,30.8345,32.5571,1.7226
600M,chip_204_506_merged.tif,0.8,4,1618762208,208,29.8745,32.957,3.0825
600M,chip_205_329_merged.tif,0.2,0,1659760135,50,33.2012,37.4038,4.2026
600M,chip_205_329_merged.tif,0.2,1,1279153504,50,32.8777,36.3941,3.5164
600M,chip_205_329_merged.tif,0.2,2,799207986,50,30.2331,36.7166,6.4835
600M,chip_205_329_merged.tif,0.2,3,418601355,50,33.875,37.52,3.6449
600M,chip_205_329_merged.tif,0.2,4,37994724,50,32.7652,35.5664,2.8012
600M,chip_205_329_merged.tif,0.4,0,693823952,100,32.5949,36.6696,4.0748
600M,chip_205_329_merged.tif,0.4,1,213878434,100,33.8633,36.1743,2.311
600M,chip_205_329_merged.tif,0.4,2,1980755451,100,32.2183,36.0096,3.7913
600M,chip_205_329_merged.tif,0.4,3,1500809933,100,31.7682,35.9423,4.1741
600M,chip_205_329_merged.tif,0.4,4,1120203302,100,30.1037,36.4488,6.3451
600M,chip_205_329_merged.tif,0.6,0,755846595,154,31.2847,34.4094,3.1246
600M,chip_205_329_merged.tif,0.6,1,375239964,154,32.5539,34.921,2.3671
600M,chip_205_329_merged.tif,0.6,2,2042778094,154,30.0321,35.6753,5.6433
600M,chip_205_329_merged.tif,0.6,3,1662171463,154,31.0566,35.0305,3.9739
600M,chip_205_329_merged.tif,0.6,4,1182225945,154,31.283,35.2451,3.9621
600M,chip_205_329_merged.tif,0.8,0,273254399,208,31.2197,33.2994,2.0796
600M,chip_205_329_merged.tif,0.8,1,2040131416,208,31.2196,32.7534,1.5338
600M,chip_205_329_merged.tif,0.8,2,1560185898,208,31.1724,32.8817,1.7093
600M,chip_205_329_merged.tif,0.8,3,1179579267,208,31.1721,32.9161,1.744
600M,chip_205_329_merged.tif,0.8,4,798972636,208,31.1725,33.4615,2.289
600M,chip_206_391_merged.tif,0.2,0,2078045045,50,37.5925,39.4298,1.8374
600M,chip_206_391_merged.tif,0.2,1,1697438414,50,37.982,40.0865,2.1045
600M,chip_206_391_merged.tif,0.2,2,1217492896,50,36.1053,38.9099,2.8046
600M,chip_206_391_merged.tif,0.2,3,836886265,50,38.487,39.7058,1.2188
600M,chip_206_391_merged.tif,0.2,4,356940747,50,37.4844,39.355,1.8706
600M,chip_206_391_merged.tif,0.4,0,1917429712,100,37.4042,39.0219,1.6177
600M,chip_206_391_merged.tif,0.4,1,1437484194,100,37.2903,37.943,0.6528
600M,chip_206_391_merged.tif,0.4,2,1056877563,100,37.3341,39.7506,2.4165
600M,chip_206_391_merged.tif,0.4,3,676270932,100,37.5051,38.6179,1.1128
600M,chip_206_391_merged.tif,0.4,4,196325414,100,36.9004,38.5687,1.6683
600M,chip_206_391_merged.tif,0.6,0,1174131505,154,37.5238,38.2747,0.7509
600M,chip_206_391_merged.tif,0.6,1,694185987,154,36.0686,38.8221,2.7536
600M,chip_206_391_merged.tif,0.6,2,313579356,154,36.6867,38.5695,1.8827
600M,chip_206_391_merged.tif,0.6,3,2080456373,154,37.1875,38.6766,1.4891
600M,chip_206_391_merged.tif,0.6,4,1600510855,154,37.1833,38.0505,0.8672
600M,chip_206_391_merged.tif,0.8,0,691539309,208,36.2381,37.6474,1.4093
600M,chip_206_391_merged.tif,0.8,1,310932678,208,36.2382,37.7786,1.5405
600M,chip_206_391_merged.tif,0.8,2,1978470808,208,35.9114,37.6636,1.7522
600M,chip_206_391_merged.tif,0.8,3,1597864177,208,36.186,37.7993,1.6133
600M,chip_206_391_merged.tif,0.8,4,1117918659,208,35.9112,37.5498,1.6386
600M,chip_206_401_merged.tif,0.2,0,1599494011,50,34.654,38.9791,4.3252
600M,chip_206_401_merged.tif,0.2,1,1218887380,50,36.965,38.7673,1.8023
600M,chip_206_401_merged.tif,0.2,2,738941862,50,36.96,39.4062,2.4463
600M,chip_206_401_merged.tif,0.2,3,358335231,50,37.3834,38.9707,1.5873
600M,chip_206_401_merged.tif,0.2,4,2025873361,50,37.095,38.9846,1.8897
600M,chip_206_401_merged.tif,0.4,0,1438878678,100,35.8802,38.3839,2.5037
600M,chip_206_401_merged.tif,0.4,1,958933160,100,37.1891,39.032,1.8429
600M,chip_206_401_merged.tif,0.4,2,578326529,100,37.0496,38.7442,1.6946
600M,chip_206_401_merged.tif,0.4,3,197719898,100,37.2532,39.1858,1.9325
600M,chip_206_401_merged.tif,0.4,4,1865258028,100,37.0344,38.6897,1.6553
600M,chip_206_401_merged.tif,0.6,0,695580471,154,36.2135,38.6546,2.4411
600M,chip_206_401_merged.tif,0.6,1,314973840,154,34.0624,37.9614,3.899
600M,chip_206_401_merged.tif,0.6,2,1982511970,154,33.3557,38.8466,5.4909
600M,chip_206_401_merged.tif,0.6,3,1601905339,154,36.9963,38.3447,1.3484
600M,chip_206_401_merged.tif,0.6,4,1121959821,154,36.9963,38.3234,1.3271
600M,chip_206_401_merged.tif,0.8,0,212988275,208,35.5417,37.377,1.8353
600M,chip_206_401_merged.tif,0.8,1,1979865292,208,34.1418,37.1789,3.037
600M,chip_206_401_merged.tif,0.8,2,1499919774,208,33.9905,37.2297,3.2392
600M,chip_206_401_merged.tif,0.8,3,1119313143,208,34.1499,37.1433,2.9934
600M,chip_206_401_merged.tif,0.8,4,639367625,208,34.1416,37.3111,3.1694
600M,chip_207_334_merged.tif,0.2,0,616322145,50,31.5877,36.2865,4.6988
600M,chip_207_334_merged.tif,0.2,1,136376627,50,31.5793,36.5214,4.9421
600M,chip_207_334_merged.tif,0.2,2,1903253644,50,30.5515,36.4444,5.8929
600M,chip_207_334_merged.tif,0.2,3,1522647013,50,30.8597,36.06,5.2003
600M,chip_207_334_merged.tif,0.2,4,1042701495,50,30.6572,35.3231,4.6659
600M,chip_207_334_merged.tif,0.4,0,455706812,100,30.8947,35.4257,4.5311
600M,chip_207_334_merged.tif,0.4,1,2123244942,100,30.6741,34.8197,4.1456
600M,chip_207_334_merged.tif,0.4,2,1742638311,100,30.5704,35.5386,4.9682
600M,chip_207_334_merged.tif,0.4,3,1262692793,100,30.4496,35.8769,5.4273
600M,chip_207_334_merged.tif,0.4,4,882086162,100,30.9899,35.6537,4.6637
600M,chip_207_334_merged.tif,0.6,0,1859892253,154,30.663,34.0384,3.3754
600M,chip_207_334_merged.tif,0.6,1,1379946735,154,31.0427,34.0808,3.0381
600M,chip_207_334_merged.tif,0.6,2,999340104,154,29.9805,34.0589,4.0784
600M,chip_207_334_merged.tif,0.6,3,519394586,154,30.6494,33.8176,3.1683
600M,chip_207_334_merged.tif,0.6,4,138787955,154,30.258,34.3929,4.135
600M,chip_207_334_merged.tif,0.8,0,1377300057,208,30.3973,32.3922,1.9949
600M,chip_207_334_merged.tif,0.8,1,897354539,208,30.3972,32.703,2.3058
600M,chip_207_334_merged.tif,0.8,2,516747908,208,29.8066,32.0341,2.2275
600M,chip_207_334_merged.tif,0.8,3,136141277,208,29.5369,33.1075,3.5706
600M,chip_207_334_merged.tif,0.8,4,1803679407,208,29.5365,32.4587,2.9222
600M,chip_207_424_merged.tif,0.2,0,342728723,50,35.3453,37.575,2.2297
600M,chip_207_424_merged.tif,0.2,1,2109605740,50,38.559,37.4066,-1.1524
600M,chip_207_424_merged.tif,0.2,2,1728999109,50,34.2798,37.4742,3.1944
600M,chip_207_424_merged.tif,0.2,3,1249053591,50,34.465,36.665,2.2
600M,chip_207_424_merged.tif,0.2,4,868446960,50,34.7429,37.2253,2.4824
600M,chip_207_424_merged.tif,0.4,0,1524276188,100,33.3831,37.1986,3.8156
600M,chip_207_424_merged.tif,0.4,1,1143669557,100,34.2111,36.83,2.6188
600M,chip_207_424_merged.tif,0.4,2,663724039,100,34.6776,36.3433,1.6658
600M,chip_207_424_merged.tif,0.4,3,283117408,100,35.1696,36.7852,1.6156
600M,chip_207_424_merged.tif,0.4,4,1950655538,100,34.2059,37.2894,3.0835
600M,chip_207_424_merged.tif,0.6,0,780977981,154,28.5185,35.5941,7.0756
600M,chip_207_424_merged.tif,0.6,1,400371350,154,33.8743,36.118,2.2437
600M,chip_207_424_merged.tif,0.6,2,2067909480,154,32.8246,35.9641,3.1395
600M,chip_207_424_merged.tif,0.6,3,1687302849,154,34.8603,36.1057,1.2454
600M,chip_207_424_merged.tif,0.6,4,1207357331,154,32.1131,36.3552,4.242
600M,chip_207_424_merged.tif,0.8,0,298385785,208,31.2406,35.1582,3.9176
600M,chip_207_424_merged.tif,0.8,1,2065262802,208,32.662,34.9017,2.2397
600M,chip_207_424_merged.tif,0.8,2,1585317284,208,31.2399,34.9953,3.7554
600M,chip_207_424_merged.tif,0.8,3,1204710653,208,32.6617,34.5302,1.8685
600M,chip_207_424_merged.tif,0.8,4,824104022,208,32.6615,35.2129,2.5514
600M,chip_208_417_merged.tif,0.2,0,513777774,50,36.2552,38.5783,2.3231
600M,chip_208_417_merged.tif,0.2,1,33832256,50,36.2463,38.8642,2.6179
600M,chip_208_417_merged.tif,0.2,2,1800709273,50,36.6394,39.1236,2.4842
600M,chip_208_417_merged.tif,0.2,3,1420102642,50,35.5191,39.1417,3.6226
600M,chip_208_417_merged.tif,0.2,4,940157124,50,35.8557,37.9415,2.0858
600M,chip_208_417_merged.tif,0.4,0,1595986352,100,36.1939,38.3871,2.1932
600M,chip_208_417_merged.tif,0.4,1,1215379721,100,36.1437,39.2653,3.1216
600M,chip_208_417_merged.tif,0.4,2,735434203,100,35.806,38.4871,2.6812
600M,chip_208_417_merged.tif,0.4,3,354827572,100,36.3024,38.4665,2.1641
600M,chip_208_417_merged.tif,0.4,4,2121704589,100,35.6614,38.8596,3.1982
600M,chip_208_417_merged.tif,0.6,0,852688145,154,35.7701,38.6334,2.8634
600M,chip_208_417_merged.tif,0.6,1,472081514,154,36.7229,38.3439,1.621
600M,chip_208_417_merged.tif,0.6,2,2139619644,154,35.8521,38.0789,2.2269
600M,chip_208_417_merged.tif,0.6,3,1759013013,154,36.4765,37.2113,0.7348
600M,chip_208_417_merged.tif,0.6,4,1378406382,154,34.0204,38.1833,4.1629
600M,chip_208_417_merged.tif,0.8,0,469434836,208,35.4882,37.5269,2.0387
600M,chip_208_417_merged.tif,0.8,1,2136972966,208,36.0012,35.4754,-0.5259
600M,chip_208_417_merged.tif,0.8,2,1756366335,208,36.2055,37.1498,0.9443
600M,chip_208_417_merged.tif,0.8,3,1276420817,208,33.0631,36.7696,3.7066
600M,chip_208_417_merged.tif,0.8,4,895814186,208,35.4882,37.2869,1.7987
600M,chip_209_312_merged.tif,0.2,0,2073689190,50,34.0872,38.1902,4.103
600M,chip_209_312_merged.tif,0.2,1,1693082559,50,31.3482,38.075,6.7268
600M,chip_209_312_merged.tif,0.2,2,1213137041,50,32.085,39.0026,6.9175
600M,chip_209_312_merged.tif,0.2,3,832530410,50,33.8972,38.2031,4.3059
600M,chip_209_312_merged.tif,0.2,4,352584892,50,35.1528,38.5718,3.4189
600M,chip_209_312_merged.tif,0.4,0,1913073857,100,31.7699,37.0077,5.2378
600M,chip_209_312_merged.tif,0.4,1,1433128339,100,33.365,37.3717,4.0067
600M,chip_209_312_merged.tif,0.4,2,1052521708,100,32.9461,38.2013,5.2551
600M,chip_209_312_merged.tif,0.4,3,671915077,100,31.6898,38.1993,6.5096
600M,chip_209_312_merged.tif,0.4,4,191969559,100,32.0427,37.3576,5.3149
600M,chip_209_312_merged.tif,0.6,0,1169775650,154,29.9454,36.5627,6.6172
600M,chip_209_312_merged.tif,0.6,1,789169019,154,32.5406,36.1405,3.5999
600M,chip_209_312_merged.tif,0.6,2,309223501,154,32.2953,36.349,4.0537
600M,chip_209_312_merged.tif,0.6,3,2076100518,154,32.0492,35.7403,3.6911
600M,chip_209_312_merged.tif,0.6,4,1596155000,154,30.4773,36.3637,5.8864
600M,chip_209_312_merged.tif,0.8,0,687183454,208,31.3116,35.2727,3.9612
600M,chip_209_312_merged.tif,0.8,1,306576823,208,32.2235,34.1096,1.8861
600M,chip_209_312_merged.tif,0.8,2,1974114953,208,32.2237,34.3057,2.082
600M,chip_209_312_merged.tif,0.8,3,1593508322,208,31.3945,33.8122,2.4177
600M,chip_209_312_merged.tif,0.8,4,1113562804,208,31.3115,33.2976,1.9861
600M,chip_210_444_merged.tif,0.2,0,1592892198,50,29.4882,34.452,4.9638
600M,chip_210_444_merged.tif,0.2,1,1112946680,50,31.5251,34.9099,3.3847
600M,chip_210_444_merged.tif,0.2,2,732340049,50,32.3369,35.4257,3.0888
600M,chip_210_444_merged.tif,0.2,3,252394531,50,30.9023,35.1122,4.2099
600M,chip_210_444_merged.tif,0.2,4,2019271548,50,32.4749,34.3328,1.8579
600M,chip_210_444_merged.tif,0.4,0,1332937978,100,32.0749,35.0908,3.0159
600M,chip_210_444_merged.tif,0.4,1,952331347,100,31.7351,33.1196,1.3845
600M,chip_210_444_merged.tif,0.4,2,571724716,100,30.5606,35.0619,4.5012
600M,chip_210_444_merged.tif,0.4,3,91779198,100,32.0656,34.7537,2.6881
600M,chip_210_444_merged.tif,0.4,4,1858656215,100,31.587,35.1572,3.5701
600M,chip_210_444_merged.tif,0.6,0,589639771,154,30.7163,33.3171,2.6008
600M,chip_210_444_merged.tif,0.6,1,209033140,154,30.694,33.4593,2.7653
600M,chip_210_444_merged.tif,0.6,2,1975910157,154,31.2694,33.8181,2.5486
600M,chip_210_444_merged.tif,0.6,3,1495964639,154,30.477,33.6303,3.1533
600M,chip_210_444_merged.tif,0.6,4,1115358008,154,30.4763,33.1556,2.6793
600M,chip_210_444_merged.tif,0.8,0,206386462,208,30.3989,32.4218,2.0228
600M,chip_210_444_merged.tif,0.8,1,1873924592,208,30.1766,32.4639,2.2873
600M,chip_210_444_merged.tif,0.8,2,1493317961,208,30.1764,32.4737,2.2972
600M,chip_210_444_merged.tif,0.8,3,1013372443,208,30.0592,31.6021,1.5429
600M,chip_210_444_merged.tif,0.8,4,632765812,208,30.177,33.1361,2.9591
600M,chip_210_466_merged.tif,0.2,0,1880927062,50,35.6097,37.8664,2.2567
600M,chip_210_466_merged.tif,0.2,1,1500320431,50,35.9626,38.3008,2.3383
600M,chip_210_466_merged.tif,0.2,2,1020374913,50,36.7409,37.521,0.7801
600M,chip_210_466_merged.tif,0.2,3,639768282,50,36.7406,38.6447,1.9041
600M,chip_210_466_merged.tif,0.2,4,159822764,50,34.3225,37.0232,2.7006
600M,chip_210_466_merged.tif,0.4,0,1720311729,100,35.7536,37.5545,1.8009
600M,chip_210_466_merged.tif,0.4,1,1240366211,100,34.8151,38.0271,3.212
600M,chip_210_466_merged.tif,0.4,2,859759580,100,35.8378,37.621,1.7832
600M,chip_210_466_merged.tif,0.4,3,479152949,100,35.083,38.2203,3.1373
600M,chip_210_466_merged.tif,0.4,4,2146691079,100,35.3181,37.1484,1.8303
600M,chip_210_466_merged.tif,0.6,0,977013522,154,35.2598,37.1203,1.8605
600M,chip_210_466_merged.tif,0.6,1,497068004,154,34.8106,36.9432,2.1326
600M,chip_210_466_merged.tif,0.6,2,116461373,154,35.2671,37.2229,1.9558
600M,chip_210_466_merged.tif,0.6,3,1883338390,154,34.8769,36.8086,1.9317
600M,chip_210_466_merged.tif,0.6,4,1403392872,154,34.7154,36.9831,2.2677
600M,chip_210_466_merged.tif,0.8,0,494421326,208,34.8495,36.2546,1.4051
600M,chip_210_466_merged.tif,0.8,1,113814695,208,34.3575,35.8934,1.536
600M,chip_210_466_merged.tif,0.8,2,1781352825,208,33.5923,35.6148,2.0225
600M,chip_210_466_merged.tif,0.8,3,1400746194,208,34.6602,35.9264,1.2663
600M,chip_210_466_merged.tif,0.8,4,920800676,208,34.8489,35.4198,0.5709
600M,chip_211_435_merged.tif,0.2,0,381087191,50,38.4861,40.2432,1.7571
600M,chip_211_435_merged.tif,0.2,1,2048625321,50,38.5089,40.3344,1.8254
600M,chip_211_435_merged.tif,0.2,2,1668018690,50,36.3541,39.9132,3.5591
600M,chip_211_435_merged.tif,0.2,3,1188073172,50,38.6515,40.2572,1.6057
600M,chip_211_435_merged.tif,0.2,4,807466541,50,38.6065,39.8675,1.2611
600M,chip_211_435_merged.tif,0.4,0,121132971,100,38.8911,39.7904,0.8993
600M,chip_211_435_merged.tif,0.4,1,1888009988,100,38.8658,40.1271,1.2613
600M,chip_211_435_merged.tif,0.4,2,1507403357,100,37.4011,39.9441,2.5431
600M,chip_211_435_merged.tif,0.4,3,1027457839,100,38.5101,40.2271,1.717
600M,chip_211_435_merged.tif,0.4,4,646851208,100,38.2652,39.9393,1.674
600M,chip_211_435_merged.tif,0.6,0,1525318412,154,38.3035,39.6209,1.3174
600M,chip_211_435_merged.tif,0.6,1,1144711781,154,37.9366,39.0627,1.1261
600M,chip_211_435_merged.tif,0.6,2,764105150,154,37.1766,38.9047,1.7281
600M,chip_211_435_merged.tif,0.6,3,284159632,154,38.3505,38.8849,0.5344
600M,chip_211_435_merged.tif,0.6,4,2051036649,154,32.4335,39.7976,7.3641
600M,chip_211_435_merged.tif,0.8,0,1142065103,208,33.92,38.6788,4.7588
600M,chip_211_435_merged.tif,0.8,1,662119585,208,36.1837,38.449,2.2653
600M,chip_211_435_merged.tif,0.8,2,281512954,208,36.1848,38.5528,2.368
600M,chip_211_435_merged.tif,0.8,3,1949051084,208,36.9125,38.2667,1.3542
600M,chip_211_435_merged.tif,0.8,4,1568444453,208,33.9221,38.5873,4.6653
600M,chip_213_282_merged.tif,0.2,0,1395159380,50,34.7963,40.7722,5.9758
600M,chip_213_282_merged.tif,0.2,1,1014552749,50,36.4955,41.3543,4.8588
600M,chip_213_282_merged.tif,0.2,2,534607231,50,36.8255,41.2701,4.4446
600M,chip_213_282_merged.tif,0.2,3,154000600,50,34.8816,41.4873,6.6057
600M,chip_213_282_merged.tif,0.2,4,1920877617,50,35.238,41.9776,6.7395
600M,chip_213_282_merged.tif,0.4,0,1234544047,100,34.7882,41.9479,7.1596
600M,chip_213_282_merged.tif,0.4,1,853937416,100,34.7619,41.086,6.3241
600M,chip_213_282_merged.tif,0.4,2,373991898,100,36.1356,41.0902,4.9546
600M,chip_213_282_merged.tif,0.4,3,2140868915,100,35.0892,41.1895,6.1002
600M,chip_213_282_merged.tif,0.4,4,1660923397,100,31.9794,39.6328,7.6534
600M,chip_213_282_merged.tif,0.6,0,491245840,154,35.4476,34.6416,-0.8059
600M,chip_213_282_merged.tif,0.6,1,110639209,154,34.6102,40.1706,5.5604
600M,chip_213_282_merged.tif,0.6,2,1778177339,154,30.883,39.8405,8.9575
600M,chip_213_282_merged.tif,0.6,3,1397570708,154,36.0096,40.6904,4.6809
600M,chip_213_282_merged.tif,0.6,4,917625190,154,30.8838,40.3112,9.4274
600M,chip_213_282_merged.tif,0.8,0,8653644,208,33.1704,35.4376,2.2672
600M,chip_213_282_merged.tif,0.8,1,1775530661,208,33.1717,37.4776,4.3059
600M,chip_213_282_merged.tif,0.8,2,1295585143,208,31.302,37.6177,6.3157
600M,chip_213_282_merged.tif,0.8,3,914978512,208,33.1711,37.1,3.9289
600M,chip_213_282_merged.tif,0.8,4,534371881,208,31.3017,38.3081,7.0064
600M,chip_213_290_merged.tif,0.2,0,1416000300,50,36.3139,40.5272,4.2133
600M,chip_213_290_merged.tif,0.2,1,936054782,50,35.5102,41.0152,5.505
600M,chip_213_290_merged.tif,0.2,2,555448151,50,36.815,41.3843,4.5693
600M,chip_213_290_merged.tif,0.2,3,75502633,50,35.8383,40.6913,4.8529
600M,chip_213_290_merged.tif,0.2,4,1842379650,50,40.712,41.1915,0.4795
600M,chip_213_290_merged.tif,0.4,0,1156046080,100,35.818,40.9684,5.1504
600M,chip_213_290_merged.tif,0.4,1,775439449,100,31.1565,40.2441,9.0876
600M,chip_213_290_merged.tif,0.4,2,295493931,100,32.6291,40.974,8.3449
600M,chip_213_290_merged.tif,0.4,3,2062370948,100,32.8807,39.4396,6.5589
600M,chip_213_290_merged.tif,0.4,4,1681764317,100,34.7909,39.0776,4.2866
600M,chip_213_290_merged.tif,0.6,0,412747873,154,30.8701,38.0319,7.1619
600M,chip_213_290_merged.tif,0.6,1,32141242,154,33.4808,39.3378,5.857
600M,chip_213_290_merged.tif,0.6,2,1699679372,154,33.4815,38.8845,5.4029
600M,chip_213_290_merged.tif,0.6,3,1319072741,154,33.9233,38.3543,4.431
600M,chip_213_290_merged.tif,0.6,4,938466110,154,34.4741,37.8333,3.3592
600M,chip_213_290_merged.tif,0.8,0,29494564,208,32.4405,34.9661,2.5256
600M,chip_213_290_merged.tif,0.8,1,1697032694,208,30.4226,37.408,6.9855
600M,chip_213_290_merged.tif,0.8,2,1316426063,208,32.441,36.6107,4.1697
600M,chip_213_290_merged.tif,0.8,3,836480545,208,30.4217,34.9744,4.5527
600M,chip_213_290_merged.tif,0.8,4,455873914,208,32.4412,35.2471,2.8059
600M,chip_213_391_merged.tif,0.2,0,1987180066,50,36.5426,37.4443,0.9017
600M,chip_213_391_merged.tif,0.2,1,1507234548,50,37.2565,39.1913,1.9348
600M,chip_213_391_merged.tif,0.2,2,1126627917,50,37.2911,39.3251,2.034
600M,chip_213_391_merged.tif,0.2,3,646682399,50,36.0505,39.3605,3.31
600M,chip_213_391_merged.tif,0.2,4,266075768,50,36.8989,39.2542,2.3554
600M,chip_213_391_merged.tif,0.4,0,1727225846,100,35.5048,38.658,3.1531
600M,chip_213_391_merged.tif,0.4,1,1346619215,100,35.6317,37.7788,2.1471
600M,chip_213_391_merged.tif,0.4,2,966012584,100,35.1182,38.8481,3.7299
600M,chip_213_391_merged.tif,0.4,3,486067066,100,35.3743,37.9228,2.5485
600M,chip_213_391_merged.tif,0.4,4,105460435,100,35.3713,38.8486,3.4773
600M,chip_213_391_merged.tif,0.6,0,983927639,154,34.8374,37.5841,2.7467
600M,chip_213_391_merged.tif,0.6,1,603321008,154,34.8636,36.8245,1.9609
600M,chip_213_391_merged.tif,0.6,2,222714377,154,35.2643,37.2966,2.0323
600M,chip_213_391_merged.tif,0.6,3,1890252507,154,34.8821,38.0957,3.2135
600M,chip_213_391_merged.tif,0.6,4,1509645876,154,35.5169,35.6997,0.1828
600M,chip_213_391_merged.tif,0.8,0,600674330,208,34.6222,35.6905,1.0683
600M,chip_213_391_merged.tif,0.8,1,120728812,208,34.6212,36.1457,1.5244
600M,chip_213_391_merged.tif,0.8,2,1887605829,208,34.1071,36.0988,1.9917
600M,chip_213_391_merged.tif,0.8,3,1407660311,208,34.6217,35.7021,1.0804
600M,chip_213_391_merged.tif,0.8,4,1027053680,208,34.2729,35.6179,1.345
600M,chip_213_456_merged.tif,0.2,0,88582277,50,35.283,38.4466,3.1636
600M,chip_213_456_merged.tif,0.2,1,1756120407,50,35.6532,38.8706,3.2174
600M,chip_213_456_merged.tif,0.2,2,1375513776,50,34.2012,37.9196,3.7185
600M,chip_213_456_merged.tif,0.2,3,994907145,50,34.503,38.4142,3.9112
600M,chip_213_456_merged.tif,0.2,4,514961627,50,36.2578,36.0836,-0.1742
600M,chip_213_456_merged.tif,0.4,0,1170790855,100,34.2293,37.6046,3.3753
600M,chip_213_456_merged.tif,0.4,1,790184224,100,35.7965,37.5645,1.7679
600M,chip_213_456_merged.tif,0.4,2,409577593,100,35.991,37.6575,1.6665
600M,chip_213_456_merged.tif,0.4,3,2077115723,100,34.9718,37.9174,2.9456
600M,chip_213_456_merged.tif,0.4,4,1696509092,100,35.2458,37.1184,1.8726
600M,chip_213_456_merged.tif,0.6,0,1332152385,154,35.3017,36.7229,1.4212
600M,chip_213_456_merged.tif,0.6,1,852206867,154,34.2606,37.0018,2.7412
600M,chip_213_456_merged.tif,0.6,2,471600236,154,35.0617,37.3712,2.3095
600M,chip_213_456_merged.tif,0.6,3,2139138366,154,35.1229,36.573,1.4501
600M,chip_213_456_merged.tif,0.6,4,1758531735,154,34.7253,37.0899,2.3646
600M,chip_213_456_merged.tif,0.8,0,849560189,208,33.5798,35.6726,2.0928
600M,chip_213_456_merged.tif,0.8,1,369614671,208,34.298,35.9425,1.6445
600M,chip_213_456_merged.tif,0.8,2,2136491688,208,33.5789,36.1023,2.5234
600M,chip_213_456_merged.tif,0.8,3,1755885057,208,34.8342,35.1085,0.2744
600M,chip_213_456_merged.tif,0.8,4,1275939539,208,34.4476,35.3164,0.8688
600M,chip_214_307_merged.tif,0.2,0,1316684496,50,34.2086,39.7993,5.5907
600M,chip_214_307_merged.tif,0.2,1,936077865,50,35.78,38.6499,2.8699
600M,chip_214_307_merged.tif,0.2,2,456132347,50,34.7366,38.7863,4.0497
600M,chip_214_307_merged.tif,0.2,3,75525716,50,32.7544,37.1526,4.3982
600M,chip_214_307_merged.tif,0.2,4,1842402733,50,32.7986,37.7256,4.9271
600M,chip_214_307_merged.tif,0.4,0,350748313,100,30.4042,38.2116,7.8073
600M,chip_214_307_merged.tif,0.4,1,2018286443,100,32.9979,38.7711,5.7732
600M,chip_214_307_merged.tif,0.4,2,1637679812,100,32.4156,38.2189,5.8033
600M,chip_214_307_merged.tif,0.4,3,1157734294,100,30.0875,37.8021,7.7146
600M,chip_214_307_merged.tif,0.4,4,777127663,100,29.562,38.2832,8.7212
600M,chip_214_307_merged.tif,0.6,0,412770956,154,30.5734,36.976,6.4026
600M,chip_214_307_merged.tif,0.6,1,32164325,154,30.5718,37.0536,6.4818
600M,chip_214_307_merged.tif,0.6,2,1699702455,154,33.308,37.369,4.061
600M,chip_214_307_merged.tif,0.6,3,1319095824,154,33.3083,33.1938,-0.1145
600M,chip_214_307_merged.tif,0.6,4,839150306,154,32.6101,36.6134,4.0033
600M,chip_214_307_merged.tif,0.8,0,2077662408,208,30.0394,34.416,4.3765
600M,chip_214_307_merged.tif,0.8,1,1697055777,208,30.4607,35.0971,4.6364
600M,chip_214_307_merged.tif,0.8,2,1217110259,208,31.4812,35.1102,3.629
600M,chip_214_307_merged.tif,0.8,3,836503628,208,30.9757,35.3173,4.3416
600M,chip_214_307_merged.tif,0.8,4,455896997,208,30.039,34.8909,4.8518
600M,chip_214_311_merged.tif,0.2,0,1782598197,50,34.9536,37.7579,2.8042
600M,chip_214_311_merged.tif,0.2,1,1401991566,50,34.6251,37.129,2.5039
600M,chip_214_311_merged.tif,0.2,2,922046048,50,33.5239,37.7872,4.2634
600M,chip_214_311_merged.tif,0.2,3,541439417,50,34.6341,37.783,3.1489
600M,chip_214_311_merged.tif,0.2,4,61493899,50,32.1917,37.3955,5.2038
600M,chip_214_311_merged.tif,0.4,0,816662014,100,32.6591,37.3254,4.6662
600M,chip_214_311_merged.tif,0.4,1,336716496,100,33.7511,35.8803,2.1292
600M,chip_214_311_merged.tif,0.4,2,2103593513,100,30.5877,35.8427,5.255
600M,chip_214_311_merged.tif,0.4,3,1623647995,100,30.687,38.0276,7.3406
600M,chip_214_311_merged.tif,0.4,4,1243041364,100,32.6437,37.6897,5.046
600M,chip_214_311_merged.tif,0.6,0,878684657,154,33.1901,35.4977,2.3076
600M,chip_214_311_merged.tif,0.6,1,398739139,154,32.7191,35.602,2.8829
600M,chip_214_311_merged.tif,0.6,2,18132508,154,31.9446,36.216,4.2714
600M,chip_214_311_merged.tif,0.6,3,1785009525,154,32.7185,32.7824,0.0639
600M,chip_214_311_merged.tif,0.6,4,1305064007,154,33.2236,35.7667,2.5432
600M,chip_214_311_merged.tif,0.8,0,396092461,208,32.6032,34.4187,1.8155
600M,chip_214_311_merged.tif,0.8,1,15485830,208,31.9382,34.3448,2.4066
600M,chip_214_311_merged.tif,0.8,2,1683023960,208,30.8744,31.7423,0.8679
600M,chip_214_311_merged.tif,0.8,3,1302417329,208,30.8747,35.0801,4.2054
600M,chip_214_311_merged.tif,0.8,4,822471811,208,30.9689,34.5044,3.5354
600M,chip_214_329_merged.tif,0.2,0,1067007509,50,31.8082,34.7418,2.9336
600M,chip_214_329_merged.tif,0.2,1,587061991,50,33.0272,35.0402,2.013
600M,chip_214_329_merged.tif,0.2,2,206455360,50,31.593,35.904,4.311
600M,chip_214_329_merged.tif,0.2,3,1873993490,50,33.0275,36.7312,3.7037
600M,chip_214_329_merged.tif,0.2,4,1493386859,50,32.3332,34.6948,2.3616
600M,chip_214_329_merged.tif,0.4,0,1732439,100,31.9209,35.2232,3.3023
600M,chip_214_329_merged.tif,0.4,1,1768609456,100,32.3371,34.8817,2.5446
600M,chip_214_329_merged.tif,0.4,2,1288663938,100,31.4441,35.3176,3.8735
600M,chip_214_329_merged.tif,0.4,3,908057307,100,31.1456,34.932,3.7864
600M,chip_214_329_merged.tif,0.4,4,527450676,100,31.3046,35.1676,3.863
600M,chip_214_329_merged.tif,0.6,0,163093969,154,31.0415,33.8475,2.806
600M,chip_214_329_merged.tif,0.6,1,1830632099,154,30.5523,34.0483,3.496
600M,chip_214_329_merged.tif,0.6,2,1450025468,154,30.7906,33.5027,2.7121
600M,chip_214_329_merged.tif,0.6,3,970079950,154,31.0405,34.0164,2.9758
600M,chip_214_329_merged.tif,0.6,4,589473319,154,30.4995,33.401,2.9015
600M,chip_214_329_merged.tif,0.8,0,1827985421,208,30.7734,32.1205,1.3471
600M,chip_214_329_merged.tif,0.8,1,1348039903,208,30.773,32.0778,1.3048
600M,chip_214_329_merged.tif,0.8,2,967433272,208,30.2941,32.0923,1.7982
600M,chip_214_329_merged.tif,0.8,3,487487754,208,29.9762,32.1863,2.2101
600M,chip_214_329_merged.tif,0.8,4,106881123,208,30.7725,32.5381,1.7656
600M,chip_214_429_merged.tif,0.2,0,913450405,50,39.8953,42.1059,2.2106
600M,chip_214_429_merged.tif,0.2,1,433504887,50,40.2061,42.148,1.9419
600M,chip_214_429_merged.tif,0.2,2,52898256,50,40.4402,42.3363,1.8961
600M,chip_214_429_merged.tif,0.2,3,1819775273,50,40.3322,41.4461,1.1139
600M,chip_214_429_merged.tif,0.2,4,1339829755,50,39.9752,41.6437,1.6685
600M,chip_214_429_merged.tif,0.4,0,752835072,100,40.0156,41.345,1.3294
600M,chip_214_429_merged.tif,0.4,1,272889554,100,40.1767,41.4822,1.3054
600M,chip_214_429_merged.tif,0.4,2,2039766571,100,39.9807,41.7004,1.7198
600M,chip_214_429_merged.tif,0.4,3,1559821053,100,38.3066,41.6862,3.3797
600M,chip_214_429_merged.tif,0.4,4,1179214422,100,39.904,41.2612,1.3573
600M,chip_214_429_merged.tif,0.6,0,9536865,154,40.5402,41.6224,1.0822
600M,chip_214_429_merged.tif,0.6,1,1677074995,154,40.1827,41.6147,1.432
600M,chip_214_429_merged.tif,0.6,2,1296468364,154,39.7454,41.394,1.6486
600M,chip_214_429_merged.tif,0.6,3,816522846,154,39.7819,41.4538,1.672
600M,chip_214_429_merged.tif,0.6,4,435916215,154,40.1828,41.3803,1.1975
600M,chip_214_429_merged.tif,0.8,0,1674428317,208,38.8206,40.445,1.6244
600M,chip_214_429_merged.tif,0.8,1,1194482799,208,39.54,40.3199,0.7799
600M,chip_214_429_merged.tif,0.8,2,813876168,208,38.8215,40.444,1.6225
600M,chip_214_429_merged.tif,0.8,3,433269537,208,38.8618,40.0623,1.2004
600M,chip_214_429_merged.tif,0.8,4,2100807667,208,38.8215,40.5462,1.7247
600M,chip_215_309_merged.tif,0.2,0,1083421880,50,32.8515,36.4267,3.5752
600M,chip_215_309_merged.tif,0.2,1,702815249,50,32.4641,37.1364,4.6723
600M,chip_215_309_merged.tif,0.2,2,222869731,50,32.2181,37.5477,5.3297
600M,chip_215_309_merged.tif,0.2,3,1989746748,50,26.626,37.3422,10.7162
600M,chip_215_309_merged.tif,0.2,4,1509801230,50,34.1724,36.541,2.3686
600M,chip_215_309_merged.tif,0.4,0,922806547,100,32.6408,36.2423,3.6016
600M,chip_215_309_merged.tif,0.4,1,542199916,100,33.0177,35.5651,2.5475
600M,chip_215_309_merged.tif,0.4,2,62254398,100,30.1884,36.4767,6.2883
600M,chip_215_309_merged.tif,0.4,3,1829131415,100,30.1694,36.337,6.1675
600M,chip_215_309_merged.tif,0.4,4,1349185897,100,32.095,36.3326,4.2376
600M,chip_215_309_merged.tif,0.6,0,179508340,154,28.6373,35.043,6.4056
600M,chip_215_309_merged.tif,0.6,1,1946385357,154,32.7977,34.7716,1.9739
600M,chip_215_309_merged.tif,0.6,2,1466439839,154,32.0523,35.2862,3.2339
600M,chip_215_309_merged.tif,0.6,3,1085833208,154,32.3664,35.4137,3.0473
600M,chip_215_309_merged.tif,0.6,4,605887690,154,30.5895,34.3732,3.7837
600M,chip_215_309_merged.tif,0.8,0,1844399792,208,30.3303,30.6743,0.3439
600M,chip_215_309_merged.tif,0.8,1,1463793161,208,28.7532,32.2516,3.4984
600M,chip_215_309_merged.tif,0.8,2,983847643,208,30.1872,31.6706,1.4834
600M,chip_215_309_merged.tif,0.8,3,603241012,208,28.754,32.8199,4.066
600M,chip_215_309_merged.tif,0.8,4,123295494,208,30.5031,33.6476,3.1445
600M,chip_215_310_merged.tif,0.2,0,1534639925,50,31.9311,36.1423,4.2112
600M,chip_215_310_merged.tif,0.2,1,1054694407,50,32.4949,36.9448,4.4499
600M,chip_215_310_merged.tif,0.2,2,674087776,50,31.8319,36.5814,4.7496
600M,chip_215_310_merged.tif,0.2,3,194142258,50,33.9872,37.0655,3.0783
600M,chip_215_310_merged.tif,0.2,4,1961019275,50,34.7079,37.278,2.5702
600M,chip_215_310_merged.tif,0.4,0,469364855,100,30.1002,36.5853,6.4851
600M,chip_215_310_merged.tif,0.4,1,88758224,100,32.4025,36.6869,4.2844
600M,chip_215_310_merged.tif,0.4,2,1756296354,100,30.5063,35.445,4.9387
600M,chip_215_310_merged.tif,0.4,3,1375689723,100,32.5105,35.8997,3.3893
600M,chip_215_310_merged.tif,0.4,4,995083092,100,30.122,35.6745,5.5525
600M,chip_215_310_merged.tif,0.6,0,630726385,154,28.8983,34.3422,5.444
600M,chip_215_310_merged.tif,0.6,1,150780867,154,32.0663,34.3035,2.2371
600M,chip_215_310_merged.tif,0.6,2,1917657884,154,32.0739,35.3886,3.3147
600M,chip_215_310_merged.tif,0.6,3,1437712366,154,30.5685,35.7988,5.2303
600M,chip_215_310_merged.tif,0.6,4,1057105735,154,31.0222,34.4086,3.3863
600M,chip_215_310_merged.tif,0.8,0,148134189,208,29.8168,33.0928,3.276
600M,chip_215_310_merged.tif,0.8,1,1815672319,208,29.8171,32.1473,2.3302
600M,chip_215_310_merged.tif,0.8,2,1435065688,208,28.6933,32.9723,4.279
600M,chip_215_310_merged.tif,0.8,3,955120170,208,30.4662,33.431,2.9648
600M,chip_215_310_merged.tif,0.8,4,574513539,208,29.8162,33.5081,3.6919
600M,chip_216_454_merged.tif,0.2,0,756190968,50,35.9385,37.8861,1.9476
600M,chip_216_454_merged.tif,0.2,1,375584337,50,36.2982,38.0344,1.7362
600M,chip_216_454_merged.tif,0.2,2,2043122467,50,32.7708,37.1263,4.3554
600M,chip_216_454_merged.tif,0.2,3,1662515836,50,33.1732,37.3453,4.1722
600M,chip_216_454_merged.tif,0.2,4,1182570318,50,35.8512,38.183,2.3318
600M,chip_216_454_merged.tif,0.4,0,595575635,100,33.3833,37.4113,4.0281
600M,chip_216_454_merged.tif,0.4,1,115630117,100,35.005,37.9138,2.9088
600M,chip_216_454_merged.tif,0.4,2,1882507134,100,33.1584,36.6088,3.4503
600M,chip_216_454_merged.tif,0.4,3,1402561616,100,35.1621,36.3229,1.1608
600M,chip_216_454_merged.tif,0.4,4,1021954985,100,33.6943,36.407,2.7128
600M,chip_216_454_merged.tif,0.6,0,1999761076,154,33.1907,35.8271,2.6364
600M,chip_216_454_merged.tif,0.6,1,1519815558,154,34.2969,35.9439,1.6471
600M,chip_216_454_merged.tif,0.6,2,1139208927,154,33.5737,35.9169,2.3432
600M,chip_216_454_merged.tif,0.6,3,659263409,154,34.1257,35.7612,1.6355
600M,chip_216_454_merged.tif,0.6,4,278656778,154,33.5212,36.3677,2.8464
600M,chip_216_454_merged.tif,0.8,0,1517168880,208,33.2944,35.497,2.2026
600M,chip_216_454_merged.tif,0.8,1,1136562249,208,32.7515,34.7484,1.9969
600M,chip_216_454_merged.tif,0.8,2,656616731,208,32.8291,34.8823,2.0532
600M,chip_216_454_merged.tif,0.8,3,276010100,208,32.7525,35.3477,2.5952
600M,chip_216_454_merged.tif,0.8,4,1943548230,208,32.8286,35.0642,2.2356
600M,chip_217_287_merged.tif,0.2,0,1093461656,50,32.2558,38.3543,6.0985
600M,chip_217_287_merged.tif,0.2,1,613516138,50,32.7768,39.4314,6.6545
600M,chip_217_287_merged.tif,0.2,2,232909507,50,32.5466,38.1237,5.577
600M,chip_217_287_merged.tif,0.2,3,1900447637,50,32.7412,38.2032,5.462
600M,chip_217_287_merged.tif,0.2,4,1519841006,50,31.9576,38.7598,6.8021
600M,chip_217_287_merged.tif,0.4,0,28186586,100,34.223,37.8138,3.5907
600M,chip_217_287_merged.tif,0.4,1,1795063603,100,34.2707,37.2674,2.9968
600M,chip_217_287_merged.tif,0.4,2,1315118085,100,32.9602,37.9736,5.0135
600M,chip_217_287_merged.tif,0.4,3,934511454,100,34.9641,37.3746,2.4106
600M,chip_217_287_merged.tif,0.4,4,454565936,100,33.4423,39.2609,5.8185
600M,chip_217_287_merged.tif,0.6,0,90209229,154,34.2298,37.5239,3.294
600M,chip_217_287_merged.tif,0.6,1,1857086246,154,34.755,37.4891,2.7341
600M,chip_217_287_merged.tif,0.6,2,1377140728,154,35.0368,37.1762,2.1394
600M,chip_217_287_merged.tif,0.6,3,996534097,154,33.2507,37.4505,4.1998
600M,chip_217_287_merged.tif,0.6,4,615927466,154,35.0375,38.7386,3.7011
600M,chip_217_287_merged.tif,0.8,0,1854439568,208,32.6352,36.3151,3.6799
600M,chip_217_287_merged.tif,0.8,1,1374494050,208,32.6346,36.7204,4.0858
600M,chip_217_287_merged.tif,0.8,2,993887419,208,33.8871,34.681,0.7939
600M,chip_217_287_merged.tif,0.8,3,513941901,208,32.6353,36.0525,3.4172
600M,chip_217_287_merged.tif,0.8,4,133335270,208,32.1161,36.4839,4.3678
600M,chip_217_425_merged.tif,0.2,0,93285609,50,30.7831,33.9615,3.1785
600M,chip_217_425_merged.tif,0.2,1,1860162626,50,30.3467,34.1162,3.7695
600M,chip_217_425_merged.tif,0.2,2,1380217108,50,32.1375,33.2915,1.154
600M,chip_217_425_merged.tif,0.2,3,999610477,50,30.3463,33.7582,3.4119
600M,chip_217_425_merged.tif,0.2,4,519664959,50,31.0907,32.755,1.6644
600M,chip_217_425_merged.tif,0.4,0,2080153924,100,30.9938,33.0532,2.0594
600M,chip_217_425_merged.tif,0.4,1,1600208406,100,30.6174,33.0194,2.4019
600M,chip_217_425_merged.tif,0.4,2,1219601775,100,30.5311,32.7329,2.2017
600M,chip_217_425_merged.tif,0.4,3,838995144,100,29.4944,33.0327,3.5382
600M,chip_217_425_merged.tif,0.4,4,359049626,100,30.8573,32.8521,1.9948
600M,chip_217_425_merged.tif,0.6,0,1336855717,154,29.9959,32.1602,2.1643
600M,chip_217_425_merged.tif,0.6,1,856910199,154,29.9734,32.3428,2.3693
600M,chip_217_425_merged.tif,0.6,2,476303568,154,30.3801,32.2813,1.9013
600M,chip_217_425_merged.tif,0.6,3,95696937,154,29.974,32.0754,2.1014
600M,chip_217_425_merged.tif,0.6,4,1763235067,154,30.043,32.5328,2.4898
600M,chip_217_425_merged.tif,0.8,0,854263521,208,28.2744,30.397,2.1226
600M,chip_217_425_merged.tif,0.8,1,473656890,208,29.8857,31.5867,1.7011
600M,chip_217_425_merged.tif,0.8,2,2141195020,208,29.8855,31.3048,1.4193
600M,chip_217_425_merged.tif,0.8,3,1760588389,208,30.601,31.0014,0.4004
600M,chip_217_425_merged.tif,0.8,4,1280642871,208,29.8853,31.273,1.3876
600M,chip_218_293_merged.tif,0.2,0,2128875554,50,40.7136,43.093,2.3794
600M,chip_218_293_merged.tif,0.2,1,1748268923,50,33.6662,43.3583,9.6921
600M,chip_218_293_merged.tif,0.2,2,1268323405,50,37.3086,43.1553,5.8467
600M,chip_218_293_merged.tif,0.2,3,887716774,50,42.0905,42.1,0.0095
600M,chip_218_293_merged.tif,0.2,4,507110143,50,40.3158,42.2151,1.8993
600M,chip_218_293_merged.tif,0.4,0,1968260221,100,37.189,41.491,4.302
600M,chip_218_293_merged.tif,0.4,1,1587653590,100,37.5787,43.5333,5.9545
600M,chip_218_293_merged.tif,0.4,2,1107708072,100,35.7996,43.1855,7.3859
600M,chip_218_293_merged.tif,0.4,3,727101441,100,35.7564,43.4663,7.7099
600M,chip_218_293_merged.tif,0.4,4,247155923,100,37.1879,43.6747,6.4868
600M,chip_218_293_merged.tif,0.6,0,1224962014,154,36.9176,41.8972,4.9796
600M,chip_218_293_merged.tif,0.6,1,844355383,154,37.2774,39.3832,2.1058
600M,chip_218_293_merged.tif,0.6,2,364409865,154,36.9192,41.2919,4.3726
600M,chip_218_293_merged.tif,0.6,3,2131286882,154,37.02,40.8107,3.7908
600M,chip_218_293_merged.tif,0.6,4,1651341364,154,37.0197,41.3213,4.3016
600M,chip_218_293_merged.tif,0.8,0,742369818,208,36.5615,40.2734,3.7119
600M,chip_218_293_merged.tif,0.8,1,361763187,208,33.5098,40.0545,6.5447
600M,chip_218_293_merged.tif,0.8,2,2029301317,208,33.5099,38.7252,5.2154
600M,chip_218_293_merged.tif,0.8,3,1648694686,208,36.006,39.8067,3.8006
600M,chip_218_293_merged.tif,0.8,4,1268088055,208,34.0122,39.0283,5.0161
600M,chip_218_306_merged.tif,0.2,0,593993285,50,36.143,38.9164,2.7735
600M,chip_218_306_merged.tif,0.2,1,213386654,50,35.2797,38.6356,3.3559
600M,chip_218_306_merged.tif,0.2,2,1880924784,50,33.925,38.4518,4.5268
600M,chip_218_306_merged.tif,0.2,3,1500318153,50,36.6101,38.9259,2.3158
600M,chip_218_306_merged.tif,0.2,4,1020372635,50,34.6054,39.2309,4.6255
600M,chip_218_306_merged.tif,0.4,0,433377952,100,35.2151,38.2937,3.0786
600M,chip_218_306_merged.tif,0.4,1,2100916082,100,34.8592,37.477,2.6178
600M,chip_218_306_merged.tif,0.4,2,1720309451,100,34.7818,38.7121,3.9303
600M,chip_218_306_merged.tif,0.4,3,1339702820,100,35.3568,37.6877,2.331
600M,chip_218_306_merged.tif,0.4,4,859757302,100,34.538,37.7524,3.2145
600M,chip_218_306_merged.tif,0.6,0,1837563393,154,33.9538,37.0496,3.0958
600M,chip_218_306_merged.tif,0.6,1,1456956762,154,33.9539,35.6557,1.7018
600M,chip_218_306_merged.tif,0.6,2,977011244,154,34.4413,36.5088,2.0676
600M,chip_218_306_merged.tif,0.6,3,596404613,154,33.6164,37.3391,3.7227
600M,chip_218_306_merged.tif,0.6,4,116459095,154,31.9285,37.2883,5.3599
600M,chip_218_306_merged.tif,0.8,0,1354971197,208,32.2208,35.3141,3.0933
600M,chip_218_306_merged.tif,0.8,1,974364566,208,33.0645,34.8317,1.7672
600M,chip_218_306_merged.tif,0.8,2,494419048,208,32.2207,34.3167,2.096
600M,chip_218_306_merged.tif,0.8,3,113812417,208,33.065,34.7403,1.6754
600M,chip_218_306_merged.tif,0.8,4,1781350547,208,33.0649,35.4115,2.3467
600M,chip_218_423_merged.tif,0.2,0,356733588,50,31.1607,34.9076,3.7469
600M,chip_218_423_merged.tif,0.2,1,2024271718,50,33.1811,35.0025,1.8214
600M,chip_218_423_merged.tif,0.2,2,1643665087,50,32.9295,35.1422,2.2127
600M,chip_218_423_merged.tif,0.2,3,1163719569,50,30.42,35.9403,5.5203
600M,chip_218_423_merged.tif,0.2,4,783112938,50,33.0996,35.0007,1.9011
600M,chip_218_423_merged.tif,0.4,0,1438942166,100,30.7131,34.6198,3.9067
600M,chip_218_423_merged.tif,0.4,1,1058335535,100,31.5399,35.7192,4.1793
600M,chip_218_423_merged.tif,0.4,2,578390017,100,30.8635,34.0526,3.189
600M,chip_218_423_merged.tif,0.4,3,197783386,100,31.1972,35.3996,4.2024
600M,chip_218_423_merged.tif,0.4,4,1865321516,100,31.0912,35.189,4.0978
600M,chip_218_423_merged.tif,0.6,0,695643959,154,30.951,34.1751,3.2241
600M,chip_218_423_merged.tif,0.6,1,315037328,154,31.9475,34.326,2.3785
600M,chip_218_423_merged.tif,0.6,2,1982575458,154,30.9513,34.3783,3.427
600M,chip_218_423_merged.tif,0.6,3,1601968827,154,31.0477,34.3517,3.304
600M,chip_218_423_merged.tif,0.6,4,1122023309,154,31.3551,34.0659,2.7108
600M,chip_218_423_merged.tif,0.8,0,213051763,208,31.2324,32.8478,1.6154
600M,chip_218_423_merged.tif,0.8,1,1979928780,208,30.2992,32.4615,2.1623
600M,chip_218_423_merged.tif,0.8,2,1499983262,208,31.0967,32.0161,0.9194
600M,chip_218_423_merged.tif,0.8,3,1119376631,208,30.2991,32.8768,2.5777
600M,chip_218_423_merged.tif,0.8,4,738770000,208,31.0974,33.4993,2.4019
600M,chip_218_437_merged.tif,0.2,0,1611019696,50,38.0262,40.8469,2.8207
600M,chip_218_437_merged.tif,0.2,1,1131074178,50,37.2849,40.892,3.6072
600M,chip_218_437_merged.tif,0.2,2,750467547,50,39.4974,41.2588,1.7614
600M,chip_218_437_merged.tif,0.2,3,270522029,50,39.3171,41.267,1.9499
600M,chip_218_437_merged.tif,0.2,4,2037399046,50,40.8101,40.5234,-0.2866
600M,chip_218_437_merged.tif,0.4,0,1351065476,100,38.1511,40.4933,2.3422
600M,chip_218_437_merged.tif,0.4,1,970458845,100,39.096,40.875,1.779
600M,chip_218_437_merged.tif,0.4,2,490513327,100,37.9595,41.0321,3.0726
600M,chip_218_437_merged.tif,0.4,3,109906696,100,39.4077,41.3505,1.9428
600M,chip_218_437_merged.tif,0.4,4,1876783713,100,38.1519,40.4265,2.2746
600M,chip_218_437_merged.tif,0.6,0,607767269,154,38.4386,40.571,2.1324
600M,chip_218_437_merged.tif,0.6,1,227160638,154,38.2094,39.6003,1.3909
600M,chip_218_437_merged.tif,0.6,2,1994037655,154,38.4279,39.9896,1.5618
600M,chip_218_437_merged.tif,0.6,3,1514092137,154,38.4285,40.3696,1.941
600M,chip_218_437_merged.tif,0.6,4,1133485506,154,38.2845,40.009,1.7245
600M,chip_218_437_merged.tif,0.8,0,224513960,208,36.6709,38.8124,2.1414
600M,chip_218_437_merged.tif,0.8,1,1892052090,208,36.6713,38.9977,2.3264
600M,chip_218_437_merged.tif,0.8,2,1511445459,208,37.5806,39.0042,1.4235
600M,chip_218_437_merged.tif,0.8,3,1031499941,208,38.0856,38.8073,0.7217
600M,chip_218_437_merged.tif,0.8,4,650893310,208,38.0903,39.2054,1.1151
600M,chip_219_333_merged.tif,0.2,0,1010223878,50,34.4297,36.596,2.1663
600M,chip_219_333_merged.tif,0.2,1,530278360,50,31.4231,37.016,5.5929
600M,chip_219_333_merged.tif,0.2,2,149671729,50,30.9926,36.6711,5.6785
600M,chip_219_333_merged.tif,0.2,3,1916548746,50,30.8691,35.5121,4.643
600M,chip_219_333_merged.tif,0.2,4,1436603228,50,33.5891,36.2212,2.6322
600M,chip_219_333_merged.tif,0.4,0,849608545,100,31.462,34.7693,3.3072
600M,chip_219_333_merged.tif,0.4,1,369663027,100,32.1007,35.0665,2.9658
600M,chip_219_333_merged.tif,0.4,2,2136540044,100,31.7744,35.9163,4.1418
600M,chip_219_333_merged.tif,0.4,3,1656594526,100,33.2415,36.0647,2.8232
600M,chip_219_333_merged.tif,0.4,4,1275987895,100,33.2413,35.7969,2.5556
600M,chip_219_333_merged.tif,0.6,0,106310338,154,32.5233,35.3583,2.835
600M,chip_219_333_merged.tif,0.6,1,1773848468,154,31.057,34.7334,3.6763
600M,chip_219_333_merged.tif,0.6,2,1393241837,154,32.126,35.0771,2.951
600M,chip_219_333_merged.tif,0.6,3,913296319,154,30.8437,34.6275,3.7837
600M,chip_219_333_merged.tif,0.6,4,532689688,154,30.7338,34.9529,4.2191
600M,chip_219_333_merged.tif,0.8,0,1771201790,208,30.1187,32.9996,2.8809
600M,chip_219_333_merged.tif,0.8,1,1291256272,208,31.1949,33.0802,1.8853
600M,chip_219_333_merged.tif,0.8,2,910649641,208,30.1191,32.5231,2.404
600M,chip_219_333_merged.tif,0.8,3,530043010,208,30.6422,32.0559,1.4137
600M,chip_219_333_merged.tif,0.8,4,50097492,208,30.1189,32.6595,2.5405
600M,chip_219_603_merged.tif,0.2,0,1170442542,50,33.5971,35.9006,2.3035
600M,chip_219_603_merged.tif,0.2,1,690497024,50,34.469,35.6726,1.2036
600M,chip_219_603_merged.tif,0.2,2,309890393,50,34.3626,35.2352,0.8727
600M,chip_219_603_merged.tif,0.2,3,2076767410,50,34.3926,35.8511,1.4585
600M,chip_219_603_merged.tif,0.2,4,1596821892,50,34.8365,35.8262,0.9897
600M,chip_219_603_merged.tif,0.4,0,1009827209,100,34.8045,35.3897,0.5852
600M,chip_219_603_merged.tif,0.4,1,529881691,100,34.737,35.6954,0.9584
600M,chip_219_603_merged.tif,0.4,2,149275060,100,33.6308,35.5047,1.8739
600M,chip_219_603_merged.tif,0.4,3,1816813190,100,33.6104,35.516,1.9055
600M,chip_219_603_merged.tif,0.4,4,1436206559,100,32.1708,35.7389,3.5681
600M,chip_219_603_merged.tif,0.6,0,266529002,154,32.8957,34.8914,1.9957
600M,chip_219_603_merged.tif,0.6,1,1934067132,154,33.819,34.641,0.8219
600M,chip_219_603_merged.tif,0.6,2,1553460501,154,33.8195,34.9389,1.1193
600M,chip_219_603_merged.tif,0.6,3,1073514983,154,33.989,34.9162,0.9272
600M,chip_219_603_merged.tif,0.6,4,692908352,154,32.8815,34.8935,2.012
600M,chip_219_603_merged.tif,0.8,0,1931420454,208,31.7089,34.3083,2.5994
600M,chip_219_603_merged.tif,0.8,1,1451474936,208,32.2863,33.6063,1.32
600M,chip_219_603_merged.tif,0.8,2,1070868305,208,32.06,33.9634,1.9034
600M,chip_219_603_merged.tif,0.8,3,690261674,208,31.7092,33.7366,2.0274
600M,chip_219_603_merged.tif,0.8,4,210316156,208,32.0602,33.833,1.7729
600M,chip_220_184_merged.tif,0.2,0,629641217,50,33.6019,40.5698,6.9679
600M,chip_220_184_merged.tif,0.2,1,249034586,50,38.0154,36.3207,-1.6947
600M,chip_220_184_merged.tif,0.2,2,1916572716,50,37.4304,39.8121,2.3816
600M,chip_220_184_merged.tif,0.2,3,1535966085,50,36.1031,38.8082,2.7051
600M,chip_220_184_merged.tif,0.2,4,1155359454,50,32.0582,40.3211,8.2629
600M,chip_220_184_merged.tif,0.4,0,469025884,100,32.5384,39.215,6.6766
600M,chip_220_184_merged.tif,0.4,1,88419253,100,33.3161,38.0612,4.7451
600M,chip_220_184_merged.tif,0.4,2,1755957383,100,34.1706,38.5704,4.3997
600M,chip_220_184_merged.tif,0.4,3,1375350752,100,34.5166,35.712,1.1954
600M,chip_220_184_merged.tif,0.4,4,895405234,100,34.4579,39.6827,5.2248
600M,chip_220_184_merged.tif,0.6,0,1873211325,154,32.46,35.6925,3.2324
600M,chip_220_184_merged.tif,0.6,1,1492604694,154,33.5948,37.0113,3.4165
600M,chip_220_184_merged.tif,0.6,2,1012659176,154,33.8433,37.689,3.8457
600M,chip_220_184_merged.tif,0.6,3,632052545,154,33.6241,38.0228,4.3987
600M,chip_220_184_merged.tif,0.6,4,152107027,154,33.6935,37.6957,4.0022
600M,chip_220_184_merged.tif,0.8,0,1390619129,208,31.935,34.2466,2.3117
600M,chip_220_184_merged.tif,0.8,1,1010012498,208,33.8552,35.819,1.9639
600M,chip_220_184_merged.tif,0.8,2,530066980,208,33.8556,33.3829,-0.4726
600M,chip_220_184_merged.tif,0.8,3,149460349,208,31.935,34.583,2.648
600M,chip_220_184_merged.tif,0.8,4,1916337366,208,31.9342,34.7542,2.82
600M,chip_220_257_merged.tif,0.2,0,1949727729,50,32.6522,37.233,4.5809
600M,chip_220_257_merged.tif,0.2,1,1569121098,50,37.7691,37.4777,-0.2915
600M,chip_220_257_merged.tif,0.2,2,1089175580,50,30.5469,37.2213,6.6744
600M,chip_220_257_merged.tif,0.2,3,708568949,50,29.5204,36.2141,6.6937
600M,chip_220_257_merged.tif,0.2,4,228623431,50,35.1081,36.8244,1.7162
600M,chip_220_257_merged.tif,0.4,0,130852683,100,30.3883,36.4994,6.1112
600M,chip_220_257_merged.tif,0.4,1,1798390813,100,31.1005,36.6616,5.5611
600M,chip_220_257_merged.tif,0.4,2,1417784182,100,32.166,35.7998,3.6338
600M,chip_220_257_merged.tif,0.4,3,1037177551,100,31.1786,37.1627,5.9842
600M,chip_220_257_merged.tif,0.4,4,557232033,100,31.1997,34.0187,2.8191
600M,chip_220_257_merged.tif,0.6,0,1045814189,154,30.9792,34.6414,3.6622
600M,chip_220_257_merged.tif,0.6,1,565868671,154,30.5394,35.1666,4.6272
600M,chip_220_257_merged.tif,0.6,2,185262040,154,31.4748,35.4467,3.9719
600M,chip_220_257_merged.tif,0.6,3,1952139057,154,30.8737,34.7257,3.852
600M,chip_220_257_merged.tif,0.6,4,1472193539,154,30.8131,35.5614,4.7483
600M,chip_220_257_merged.tif,0.8,0,1857766778,208,30.3463,33.7727,3.4264
600M,chip_220_257_merged.tif,0.8,1,1477160147,208,30.3458,33.1142,2.7685
600M,chip_220_257_merged.tif,0.8,2,997214629,208,30.3132,33.3733,3.0601
600M,chip_220_257_merged.tif,0.8,3,616607998,208,30.3488,34.0773,3.7284
600M,chip_220_257_merged.tif,0.8,4,236001367,208,30.3468,32.9996,2.6527
600M,chip_220_306_merged.tif,0.2,0,262799811,50,31.5426,36.1625,4.6199
600M,chip_220_306_merged.tif,0.2,1,1930337941,50,32.9926,36.691,3.6985
600M,chip_220_306_merged.tif,0.2,2,1549731310,50,30.3917,36.9023,6.5105
600M,chip_220_306_merged.tif,0.2,3,1069785792,50,31.4583,35.6367,4.1784
600M,chip_220_306_merged.tif,0.2,4,689179161,50,33.706,35.303,1.597
600M,chip_220_306_merged.tif,0.4,0,2845591,100,30.6152,34.478,3.8628
600M,chip_220_306_merged.tif,0.4,1,1769722608,100,29.9022,34.8783,4.9761
600M,chip_220_306_merged.tif,0.4,2,1389115977,100,29.1837,34.7259,5.5422
600M,chip_220_306_merged.tif,0.4,3,909170459,100,29.7394,35.9941,6.2548
600M,chip_220_306_merged.tif,0.4,4,528563828,100,29.3921,33.7059,4.3138
600M,chip_220_306_merged.tif,0.6,0,112486247,154,27.235,33.0096,5.7746
600M,chip_220_306_merged.tif,0.6,1,1879363264,154,29.6327,34.6844,5.0517
600M,chip_220_306_merged.tif,0.6,2,1399417746,154,29.556,33.1639,3.6079
600M,chip_220_306_merged.tif,0.6,3,1018811115,154,28.788,35.1743,6.3864
600M,chip_220_306_merged.tif,0.6,4,638204484,154,28.1235,34.6664,6.5429
600M,chip_220_306_merged.tif,0.8,0,1023777723,208,28.9488,31.7246,2.7758
600M,chip_220_306_merged.tif,0.8,1,543832205,208,28.9491,30.999,2.05
600M,chip_220_306_merged.tif,0.8,2,163225574,208,27.5227,30.209,2.6864
600M,chip_220_306_merged.tif,0.8,3,1830763704,208,29.4501,31.2357,1.7855
600M,chip_220_306_merged.tif,0.8,4,1450157073,208,28.9489,31.6053,2.6564
600M,chip_220_333_merged.tif,0.2,0,1872977747,50,31.1817,36.6393,5.4576
600M,chip_220_333_merged.tif,0.2,1,1393032229,50,31.6557,35.353,3.6973
600M,chip_220_333_merged.tif,0.2,2,1012425598,50,32.4014,36.5164,4.115
600M,chip_220_333_merged.tif,0.2,3,532480080,50,32.2975,35.6947,3.3972
600M,chip_220_333_merged.tif,0.2,4,151873449,50,29.1646,36.8848,7.7202
600M,chip_220_333_merged.tif,0.4,0,1613023527,100,32.5882,35.9776,3.3895
600M,chip_220_333_merged.tif,0.4,1,1232416896,100,31.486,36.0167,4.5307
600M,chip_220_333_merged.tif,0.4,2,851810265,100,32.2919,35.8251,3.5332
600M,chip_220_333_merged.tif,0.4,3,371864747,100,30.4377,35.9606,5.5229
600M,chip_220_333_merged.tif,0.4,4,2138741764,100,31.4881,35.7402,4.2521
600M,chip_220_333_merged.tif,0.6,0,869725320,154,31.0977,35.4541,4.3563
600M,chip_220_333_merged.tif,0.6,1,489118689,154,31.0978,35.162,4.0643
600M,chip_220_333_merged.tif,0.6,2,108512058,154,31.1163,35.0275,3.9112
600M,chip_220_333_merged.tif,0.6,3,1776050188,154,31.714,35.5681,3.8541
600M,chip_220_333_merged.tif,0.6,4,1395443557,154,32.0818,34.4847,2.4029
600M,chip_220_333_merged.tif,0.8,0,486472011,208,30.2304,33.7342,3.5038
600M,chip_220_333_merged.tif,0.8,1,6526493,208,30.2306,34.0385,3.8078
600M,chip_220_333_merged.tif,0.8,2,1773403510,208,30.8742,33.4285,2.5543
600M,chip_220_333_merged.tif,0.8,3,1293457992,208,30.1841,32.1419,1.9578
600M,chip_220_333_merged.tif,0.8,4,912851361,208,30.2299,33.3728,3.1429
600M,chip_221_316_merged.tif,0.2,0,255460381,50,35.2446,39.6813,4.4366
600M,chip_221_316_merged.tif,0.2,1,1922998511,50,39.7328,39.3228,-0.4101
600M,chip_221_316_merged.tif,0.2,2,1542391880,50,37.3225,40.6269,3.3044
600M,chip_221_316_merged.tif,0.2,3,1161785249,50,37.4432,40.2945,2.8513
600M,chip_221_316_merged.tif,0.2,4,681839731,50,37.3027,39.8469,2.5442
600M,chip_221_316_merged.tif,0.4,0,1337668959,100,36.7685,39.5837,2.8152
600M,chip_221_316_merged.tif,0.4,1,957062328,100,39.6565,40.2379,0.5815
600M,chip_221_316_merged.tif,0.4,2,576455697,100,39.4183,40.2412,0.8229
600M,chip_221_316_merged.tif,0.4,3,96510179,100,36.3529,40.189,3.8361
600M,chip_221_316_merged.tif,0.4,4,1863387196,100,39.418,39.1116,-0.3064
600M,chip_221_316_merged.tif,0.6,0,1499030489,154,38.4478,38.0627,-0.3851
600M,chip_221_316_merged.tif,0.6,1,1019084971,154,36.7155,38.9845,2.269
600M,chip_221_316_merged.tif,0.6,2,638478340,154,38.1439,39.9946,1.8507
600M,chip_221_316_merged.tif,0.6,3,158532822,154,36.7153,39.1942,2.4789
600M,chip_221_316_merged.tif,0.6,4,1925409839,154,38.5216,40.0445,1.5229
600M,chip_221_316_merged.tif,0.8,0,1016438293,208,35.8217,38.7125,2.8907
600M,chip_221_316_merged.tif,0.8,1,536492775,208,35.8519,39.3518,3.5
600M,chip_221_316_merged.tif,0.8,2,155886144,208,35.8507,38.1087,2.258
600M,chip_221_316_merged.tif,0.8,3,1922763161,208,35.8218,37.9919,2.17
600M,chip_221_316_merged.tif,0.8,4,1442817643,208,36.1016,38.6212,2.5196
600M,chip_222_314_merged.tif,0.2,0,474965053,50,38.5483,41.0037,2.4554
600M,chip_222_314_merged.tif,0.2,1,2142503183,50,37.0709,40.611,3.5401
600M,chip_222_314_merged.tif,0.2,2,1761896552,50,34.3812,40.8634,6.4822
600M,chip_222_314_merged.tif,0.2,3,1381289921,50,37.8855,41.1827,3.2972
600M,chip_222_314_merged.tif,0.2,4,901344403,50,38.1379,40.3722,2.2343
600M,chip_222_314_merged.tif,0.4,0,314349720,100,37.6238,41.1153,3.4914
600M,chip_222_314_merged.tif,0.4,1,1981887850,100,37.0361,39.6065,2.5704
600M,chip_222_314_merged.tif,0.4,2,1601281219,100,36.8413,40.0938,3.2524
600M,chip_222_314_merged.tif,0.4,3,1121335701,100,37.4685,40.295,2.8265
600M,chip_222_314_merged.tif,0.4,4,740729070,100,36.6691,41.1552,4.4861
600M,chip_222_314_merged.tif,0.6,0,1718535161,154,37.1508,40.1689,3.0181
600M,chip_222_314_merged.tif,0.6,1,1238589643,154,37.1507,39.2139,2.0631
600M,chip_222_314_merged.tif,0.6,2,857983012,154,36.3535,38.3699,2.0164
600M,chip_222_314_merged.tif,0.6,3,378037494,154,36.3534,38.356,2.0026
600M,chip_222_314_merged.tif,0.6,4,2144914511,154,36.2169,40.5818,4.365
600M,chip_222_314_merged.tif,0.8,0,1235942965,208,34.8914,37.7203,2.8289
600M,chip_222_314_merged.tif,0.8,1,755997447,208,35.603,37.7809,2.1779
600M,chip_222_314_merged.tif,0.8,2,375390816,208,35.334,38.145,2.8109
600M,chip_222_314_merged.tif,0.8,3,2142267833,208,35.6038,36.8722,1.2684
600M,chip_222_314_merged.tif,0.8,4,1662322315,208,35.0727,38.0832,3.0105
600M,chip_222_369_merged.tif,0.2,0,1141845335,50,35.4531,37.2405,1.7874
600M,chip_222_369_merged.tif,0.2,1,661899817,50,34.018,37.3399,3.3218
600M,chip_222_369_merged.tif,0.2,2,281293186,50,33.7122,37.4715,3.7593
600M,chip_222_369_merged.tif,0.2,3,1948831316,50,35.2407,37.7316,2.4908
600M,chip_222_369_merged.tif,0.2,4,1568224685,50,35.2457,37.8728,2.6271
600M,chip_222_369_merged.tif,0.4,0,881891115,100,35.0915,36.7948,1.7033
600M,chip_222_369_merged.tif,0.4,1,501284484,100,34.7077,36.675,1.9674
600M,chip_222_369_merged.tif,0.4,2,120677853,100,33.5174,36.7589,3.2414
600M,chip_222_369_merged.tif,0.4,3,1788215983,100,33.4175,37.231,3.8135
600M,chip_222_369_merged.tif,0.4,4,1407609352,100,34.7077,37.1079,2.4001
600M,chip_222_369_merged.tif,0.6,0,138592908,154,33.9213,35.2167,1.2954
600M,chip_222_369_merged.tif,0.6,1,1905469925,154,34.1127,36.3726,2.26
600M,chip_222_369_merged.tif,0.6,2,1524863294,154,34.4258,36.3417,1.9159
600M,chip_222_369_merged.tif,0.6,3,1044917776,154,34.4861,36.1015,1.6153
600M,chip_222_369_merged.tif,0.6,4,664311145,154,33.9317,35.9117,1.98
600M,chip_222_369_merged.tif,0.8,0,1902823247,208,32.8371,33.9849,1.1478
600M,chip_222_369_merged.tif,0.8,1,1422877729,208,33.3158,34.455,1.1391
600M,chip_222_369_merged.tif,0.8,2,1042271098,208,33.3156,34.3581,1.0425
600M,chip_222_369_merged.tif,0.8,3,562325580,208,33.2903,35.1548,1.8646
600M,chip_222_369_merged.tif,0.8,4,181718949,208,33.2906,33.8819,0.5912
600M,chip_223_311_merged.tif,0.2,0,1166381093,50,32.1576,36.2489,4.0912
600M,chip_223_311_merged.tif,0.2,1,686435575,50,34.5277,37.003,2.4753
600M,chip_223_311_merged.tif,0.2,2,305828944,50,34.5304,36.8888,2.3584
600M,chip_223_311_merged.tif,0.2,3,1973367074,50,28.9882,36.819,7.8308
600M,chip_223_311_merged.tif,0.2,4,1592760443,50,34.1136,37.4628,3.3492
600M,chip_223_311_merged.tif,0.4,0,101106023,100,28.5688,36.3584,7.7896
600M,chip_223_311_merged.tif,0.4,1,1867983040,100,30.1281,35.597,5.4689
600M,chip_223_311_merged.tif,0.4,2,1388037522,100,30.9249,34.9164,3.9915
600M,chip_223_311_merged.tif,0.4,3,1007430891,100,28.7373,36.4448,7.7075
600M,chip_223_311_merged.tif,0.4,4,527485373,100,28.9358,36.4657,7.53
600M,chip_223_311_merged.tif,0.6,0,163128666,154,29.0203,33.8688,4.8485
600M,chip_223_311_merged.tif,0.6,1,1930005683,154,29.2945,34.9081,5.6136
600M,chip_223_311_merged.tif,0.6,2,1549399052,154,30.6985,34.4557,3.7572
600M,chip_223_311_merged.tif,0.6,3,1069453534,154,30.0487,33.7182,3.6695
600M,chip_223_311_merged.tif,0.6,4,688846903,154,31.3306,34.7421,3.4115
600M,chip_223_311_merged.tif,0.8,0,1927359005,208,28.6226,32.7883,4.1657
600M,chip_223_311_merged.tif,0.8,1,1447413487,208,26.5449,33.4933,6.9484
600M,chip_223_311_merged.tif,0.8,2,1066806856,208,28.0841,31.0209,2.9368
600M,chip_223_311_merged.tif,0.8,3,586861338,208,28.0845,31.2242,3.1397
600M,chip_223_311_merged.tif,0.8,4,206254707,208,28.6233,31.1715,2.5482
600M,chip_223_483_merged.tif,0.2,0,455084032,50,36.9832,37.981,0.9978
600M,chip_223_483_merged.tif,0.2,1,74477401,50,36.3775,37.9941,1.6166
600M,chip_223_483_merged.tif,0.2,2,1742015531,50,36.0624,37.9542,1.8918
600M,chip_223_483_merged.tif,0.2,3,1361408900,50,36.3778,37.2964,0.9186
600M,chip_223_483_merged.tif,0.2,4,980802269,50,37.5269,37.7046,0.1777
600M,chip_223_483_merged.tif,0.4,0,294468699,100,35.6898,37.6214,1.9316
600M,chip_223_483_merged.tif,0.4,1,2061345716,100,35.5635,38.1509,2.5874
600M,chip_223_483_merged.tif,0.4,2,1581400198,100,35.4503,36.9353,1.485
600M,chip_223_483_merged.tif,0.4,3,1200793567,100,35.6585,37.5315,1.8731
600M,chip_223_483_merged.tif,0.4,4,720848049,100,35.9464,38.1529,2.2065
600M,chip_223_483_merged.tif,0.6,0,1698654140,154,34.9303,36.3856,1.4553
600M,chip_223_483_merged.tif,0.6,1,1318047509,154,34.6882,36.6896,2.0014
600M,chip_223_483_merged.tif,0.6,2,838101991,154,34.7188,36.7468,2.028
600M,chip_223_483_merged.tif,0.6,3,457495360,154,35.4148,37.3269,1.9121
600M,chip_223_483_merged.tif,0.6,4,2125033490,154,35.4145,36.6137,1.1992
600M,chip_223_483_merged.tif,0.8,0,1216061944,208,32.8124,35.8952,3.0828
600M,chip_223_483_merged.tif,0.8,1,835455313,208,34.5795,36.0161,1.4366
600M,chip_223_483_merged.tif,0.8,2,355509795,208,32.8117,35.9804,3.1688
600M,chip_223_483_merged.tif,0.8,3,2122386812,208,34.5195,35.8584,1.339
600M,chip_223_483_merged.tif,0.8,4,1741780181,208,34.5201,36.1253,1.6053
600M,chip_223_491_merged.tif,0.2,0,1221385532,50,34.9659,38.4276,3.4617
600M,chip_223_491_merged.tif,0.2,1,840778901,50,35.7171,37.5514,1.8343
600M,chip_223_491_merged.tif,0.2,2,360833383,50,36.1213,38.2929,2.1717
600M,chip_223_491_merged.tif,0.2,3,2127710400,50,33.7235,37.6174,3.8939
600M,chip_223_491_merged.tif,0.2,4,1647764882,50,35.481,37.9521,2.4711
600M,chip_223_491_merged.tif,0.4,0,1060770199,100,35.4414,37.5171,2.0757
600M,chip_223_491_merged.tif,0.4,1,580824681,100,35.2048,37.8581,2.6534
600M,chip_223_491_merged.tif,0.4,2,200218050,100,34.6279,37.458,2.8302
600M,chip_223_491_merged.tif,0.4,3,1967095067,100,35.2644,37.0992,1.8347
600M,chip_223_491_merged.tif,0.4,4,1487149549,100,35.5162,37.2903,1.7741
600M,chip_223_491_merged.tif,0.6,0,317471992,154,34.4362,36.7221,2.2859
600M,chip_223_491_merged.tif,0.6,1,1985010122,154,34.7857,36.9901,2.2045
600M,chip_223_491_merged.tif,0.6,2,1604403491,154,34.0028,36.835,2.8322
600M,chip_223_491_merged.tif,0.6,3,1223796860,154,34.7869,37.2155,2.4285
600M,chip_223_491_merged.tif,0.6,4,743851342,154,34.5705,36.4915,1.921
600M,chip_223_491_merged.tif,0.8,0,1982363444,208,33.3932,35.7831,2.3899
600M,chip_223_491_merged.tif,0.8,1,1601756813,208,31.522,35.7381,4.2161
600M,chip_223_491_merged.tif,0.8,2,1121811295,208,31.522,35.7071,4.185
600M,chip_223_491_merged.tif,0.8,3,741204664,208,31.5221,35.6804,4.1583
600M,chip_223_491_merged.tif,0.8,4,261259146,208,33.3936,35.3692,1.9756
600M,chip_224_326_merged.tif,0.2,0,404842759,50,38.2711,39.2442,0.9731
600M,chip_224_326_merged.tif,0.2,1,24236128,50,35.479,38.7501,3.2711
600M,chip_224_326_merged.tif,0.2,2,1691774258,50,38.0564,39.6404,1.584
600M,chip_224_326_merged.tif,0.2,3,1311167627,50,38.2705,38.8163,0.5458
600M,chip_224_326_merged.tif,0.2,4,831222109,50,36.8352,38.4683,1.6331
600M,chip_224_326_merged.tif,0.4,0,244227426,100,37.1916,38.6051,1.4135
600M,chip_224_326_merged.tif,0.4,1,1911765556,100,36.241,39.5387,3.2976
600M,chip_224_326_merged.tif,0.4,2,1531158925,100,34.9317,38.9816,4.0499
600M,chip_224_326_merged.tif,0.4,3,1150552294,100,34.4474,39.1255,4.6782
600M,chip_224_326_merged.tif,0.4,4,670606776,100,36.902,39.2132,2.3112
600M,chip_224_326_merged.tif,0.6,0,1648412867,154,34.6312,37.518,2.8868
600M,chip_224_326_merged.tif,0.6,1,1168467349,154,36.3295,38.3876,2.0582
600M,chip_224_326_merged.tif,0.6,2,787860718,154,34.633,37.9625,3.3295
600M,chip_224_326_merged.tif,0.6,3,407254087,154,35.2872,38.7067,3.4195
600M,chip_224_326_merged.tif,0.6,4,2074792217,154,34.0922,38.4359,4.3436
600M,chip_224_326_merged.tif,0.8,0,1165820671,208,34.015,36.5674,2.5524
600M,chip_224_326_merged.tif,0.8,1,785214040,208,34.7109,37.0973,2.3864
600M,chip_224_326_merged.tif,0.8,2,305268522,208,34.0146,36.4258,2.4112
600M,chip_224_326_merged.tif,0.8,3,2072145539,208,34.0149,36.0668,2.0519
600M,chip_224_326_merged.tif,0.8,4,1592200021,208,34.711,36.768,2.0569
600M,chip_224_439_merged.tif,0.2,0,2718868,50,34.3495,37.9526,3.6031
600M,chip_224_439_merged.tif,0.2,1,1670256998,50,35.9376,36.3171,0.3795
600M,chip_224_439_merged.tif,0.2,2,1289650367,50,35.6338,36.9812,1.3474
600M,chip_224_439_merged.tif,0.2,3,809704849,50,35.1879,36.6129,1.4251
600M,chip_224_439_merged.tif,0.2,4,429098218,50,36.2119,38.2812,2.0693
600M,chip_224_439_merged.tif,0.4,0,1890248296,100,33.9085,36.8461,2.9375
600M,chip_224_439_merged.tif,0.4,1,1509641665,100,36.0324,37.4262,1.3938
600M,chip_224_439_merged.tif,0.4,2,1029696147,100,35.7207,36.7789,1.0582
600M,chip_224_439_merged.tif,0.4,3,649089516,100,35.7199,36.5706,0.8507
600M,chip_224_439_merged.tif,0.4,4,268482885,100,32.8645,36.9282,4.0637
600M,chip_224_439_merged.tif,0.6,0,1146950089,154,35.233,36.2281,0.995
600M,chip_224_439_merged.tif,0.6,1,766343458,154,30.9789,36.282,5.3032
600M,chip_224_439_merged.tif,0.6,2,385736827,154,30.4231,36.164,5.7409
600M,chip_224_439_merged.tif,0.6,3,2053274957,154,32.5966,35.8615,3.2649
600M,chip_224_439_merged.tif,0.6,4,1672668326,154,31.7232,36.2425,4.5193
600M,chip_224_439_merged.tif,0.8,0,763696780,208,33.1756,34.3338,1.1582
600M,chip_224_439_merged.tif,0.8,1,283751262,208,32.956,34.8465,1.8905
600M,chip_224_439_merged.tif,0.8,2,2050628279,208,32.9559,34.279,1.3231
600M,chip_224_439_merged.tif,0.8,3,1570682761,208,31.551,35.601,4.0499
600M,chip_224_439_merged.tif,0.8,4,1190076130,208,32.9561,35.4129,2.4568
600M,chip_224_440_merged.tif,0.2,0,2071367752,50,34.0453,37.5186,3.4733
600M,chip_224_440_merged.tif,0.2,1,1591422234,50,33.9437,37.4827,3.539
600M,chip_224_440_merged.tif,0.2,2,1210815603,50,36.1822,37.6647,1.4825
600M,chip_224_440_merged.tif,0.2,3,730870085,50,36.3014,37.561,1.2596
600M,chip_224_440_merged.tif,0.2,4,350263454,50,36.693,38.3952,1.7021
600M,chip_224_440_merged.tif,0.4,0,1811413532,100,35.524,37.018,1.494
600M,chip_224_440_merged.tif,0.4,1,1430806901,100,35.3073,37.9545,2.6472
600M,chip_224_440_merged.tif,0.4,2,1050200270,100,35.3001,37.1878,1.8877
600M,chip_224_440_merged.tif,0.4,3,570254752,100,34.1594,37.206,3.0466
600M,chip_224_440_merged.tif,0.4,4,189648121,100,34.09,37.8524,3.7624
600M,chip_224_440_merged.tif,0.6,0,1068115325,154,34.2697,36.8195,2.5498
600M,chip_224_440_merged.tif,0.6,1,687508694,154,35.1331,36.5606,1.4275
600M,chip_224_440_merged.tif,0.6,2,306902063,154,34.9002,36.6034,1.7032
600M,chip_224_440_merged.tif,0.6,3,1974440193,154,34.6577,36.8026,2.1449
600M,chip_224_440_merged.tif,0.6,4,1593833562,154,34.7467,36.3297,1.5831
600M,chip_224_440_merged.tif,0.8,0,684862016,208,33.9506,35.7985,1.8479
600M,chip_224_440_merged.tif,0.8,1,204916498,208,33.9522,35.6845,1.7323
600M,chip_224_440_merged.tif,0.8,2,1971793515,208,35.0236,35.9683,0.9447
600M,chip_224_440_merged.tif,0.8,3,1491847997,208,34.6785,35.1361,0.4576
600M,chip_224_440_merged.tif,0.8,4,1111241366,208,33.9511,35.6288,1.6777
600M,chip_225_357_merged.tif,0.2,0,1588931826,50,34.4951,36.4556,1.9605
600M,chip_225_357_merged.tif,0.2,1,1108986308,50,35.3077,37.3272,2.0195
600M,chip_225_357_merged.tif,0.2,2,728379677,50,35.1483,37.0083,1.86
600M,chip_225_357_merged.tif,0.2,3,347773046,50,34.1464,36.7262,2.5798
600M,chip_225_357_merged.tif,0.2,4,2015311176,50,32.9438,36.5514,3.6076
600M,chip_225_357_merged.tif,0.4,0,523656756,100,34.1312,36.4595,2.3283
600M,chip_225_357_merged.tif,0.4,1,143050125,100,33.6359,36.2127,2.5768
600M,chip_225_357_merged.tif,0.4,2,1909927142,100,34.4246,35.6989,1.2743
600M,chip_225_357_merged.tif,0.4,3,1429981624,100,34.2552,36.6615,2.4063
600M,chip_225_357_merged.tif,0.4,4,1049374993,100,35.1516,36.1811,1.0295
600M,chip_225_357_merged.tif,0.6,0,685018286,154,33.4724,36.0323,2.5599
600M,chip_225_357_merged.tif,0.6,1,205072768,154,34.2312,36.2212,1.99
600M,chip_225_357_merged.tif,0.6,2,1971949785,154,33.8724,35.4698,1.5974
600M,chip_225_357_merged.tif,0.6,3,1492004267,154,33.4321,35.4919,2.0598
600M,chip_225_357_merged.tif,0.6,4,1111397636,154,33.0012,34.6759,1.6747
600M,chip_225_357_merged.tif,0.8,0,202426090,208,33.4473,33.9292,0.4819
600M,chip_225_357_merged.tif,0.8,1,1869964220,208,32.7403,34.796,2.0557
600M,chip_225_357_merged.tif,0.8,2,1489357589,208,32.9026,34.2783,1.3757
600M,chip_225_357_merged.tif,0.8,3,1108750958,208,32.9034,34.6884,1.7849
600M,chip_225_357_merged.tif,0.8,4,628805440,208,32.7404,34.2606,1.5202
600M,chip_225_371_merged.tif,0.2,0,1921278609,50,34.1145,36.0596,1.945
600M,chip_225_371_merged.tif,0.2,1,1540671978,50,33.8123,36.4191,2.6067
600M,chip_225_371_merged.tif,0.2,2,1060726460,50,35.9954,37.2545,1.2591
600M,chip_225_371_merged.tif,0.2,3,680119829,50,33.818,36.4942,2.6762
600M,chip_225_371_merged.tif,0.2,4,200174311,50,34.75,36.6884,1.9384
600M,chip_225_371_merged.tif,0.4,0,1760663276,100,32.3285,35.6416,3.3131
600M,chip_225_371_merged.tif,0.4,1,1280717758,100,34.5949,36.3635,1.7686
600M,chip_225_371_merged.tif,0.4,2,900111127,100,33.7912,36.214,2.4228
600M,chip_225_371_merged.tif,0.4,3,519504496,100,31.9676,36.2269,4.2593
600M,chip_225_371_merged.tif,0.4,4,39558978,100,33.161,36.7548,3.5938
600M,chip_225_371_merged.tif,0.6,0,1017365069,154,32.7644,35.8366,3.0722
600M,chip_225_371_merged.tif,0.6,1,636758438,154,32.7652,35.2102,2.445
600M,chip_225_371_merged.tif,0.6,2,156812920,154,32.6374,35.5655,2.9281
600M,chip_225_371_merged.tif,0.6,3,1923689937,154,33.1892,35.521,2.3318
600M,chip_225_371_merged.tif,0.6,4,1443744419,154,33.1888,35.4625,2.2737
600M,chip_225_371_merged.tif,0.8,0,534772873,208,32.7159,33.9387,1.2228
600M,chip_225_371_merged.tif,0.8,1,154166242,208,31.2044,34.4399,3.2355
600M,chip_225_371_merged.tif,0.8,2,1821704372,208,32.7155,33.9767,1.2613
600M,chip_225_371_merged.tif,0.8,3,1441097741,208,31.2054,34.1979,2.9925
600M,chip_225_371_merged.tif,0.8,4,961152223,208,32.3631,34.5365,2.1734
600M,chip_226_328_merged.tif,0.2,0,1176653507,50,36.7123,40.418,3.7057
600M,chip_226_328_merged.tif,0.2,1,796046876,50,36.5933,41.1319,4.5386
600M,chip_226_328_merged.tif,0.2,2,316101358,50,35.9212,41.5258,5.6046
600M,chip_226_328_merged.tif,0.2,3,2082978375,50,39.2302,40.6941,1.4639
600M,chip_226_328_merged.tif,0.2,4,1603032857,50,36.4443,41.4326,4.9883
600M,chip_226_328_merged.tif,0.4,0,210717324,100,35.234,40.7334,5.4993
600M,chip_226_328_merged.tif,0.4,1,1878255454,100,35.3864,40.391,5.0047
600M,chip_226_328_merged.tif,0.4,2,1497648823,100,35.8586,41.0664,5.2078
600M,chip_226_328_merged.tif,0.4,3,1017703305,100,36.1507,40.723,4.5723
600M,chip_226_328_merged.tif,0.4,4,637096674,100,36.4334,40.8773,4.4438
600M,chip_226_328_merged.tif,0.6,0,1125678830,154,36.1273,39.559,3.4316
600M,chip_226_328_merged.tif,0.6,1,645733312,154,36.4535,40.3675,3.914
600M,chip_226_328_merged.tif,0.6,2,265126681,154,35.9306,40.4026,4.472
600M,chip_226_328_merged.tif,0.6,3,1932664811,154,35.9309,40.3006,4.3697
600M,chip_226_328_merged.tif,0.6,4,1552058180,154,35.3124,40.0749,4.7625
600M,chip_226_328_merged.tif,0.8,0,1937631419,208,36.0084,38.0266,2.0182
600M,chip_226_328_merged.tif,0.8,1,1557024788,208,35.4255,37.6939,2.2684
600M,chip_226_328_merged.tif,0.8,2,1077079270,208,35.4685,38.1038,2.6353
600M,chip_226_328_merged.tif,0.8,3,696472639,208,35.4261,38.1643,2.7382
600M,chip_226_328_merged.tif,0.8,4,216527121,208,36.0083,37.4925,1.4842
600M,chip_227_293_merged.tif,0.2,0,1099259743,50,32.113,36.5518,4.4387
600M,chip_227_293_merged.tif,0.2,1,718653112,50,35.2868,39.0736,3.7868
600M,chip_227_293_merged.tif,0.2,2,338046481,50,32.7483,39.1526,6.4043
600M,chip_227_293_merged.tif,0.2,3,2005584611,50,33.6134,39.6531,6.0397
600M,chip_227_293_merged.tif,0.2,4,1624977980,50,30.3978,39.447,9.0492
600M,chip_227_293_merged.tif,0.4,0,133323560,100,30.9884,38.4979,7.5095
600M,chip_227_293_merged.tif,0.4,1,1900200577,100,32.0102,38.2072,6.197
600M,chip_227_293_merged.tif,0.4,2,1420255059,100,31.5407,38.1984,6.6576
600M,chip_227_293_merged.tif,0.4,3,1039648428,100,31.1552,38.3741,7.2189
600M,chip_227_293_merged.tif,0.4,4,559702910,100,30.6992,37.9557,7.2565
600M,chip_227_293_merged.tif,0.6,0,195346203,154,30.7975,36.8511,6.0536
600M,chip_227_293_merged.tif,0.6,1,1962223220,154,28.9341,34.7736,5.8395
600M,chip_227_293_merged.tif,0.6,2,1482277702,154,30.7035,36.1225,5.419
600M,chip_227_293_merged.tif,0.6,3,1101671071,154,28.9337,36.7984,7.8648
600M,chip_227_293_merged.tif,0.6,4,721064440,154,31.1432,35.7692,4.626
600M,chip_227_293_merged.tif,0.8,0,1860237655,208,28.079,33.1665,5.0874
600M,chip_227_293_merged.tif,0.8,1,1479631024,208,29.0921,33.5141,4.422
600M,chip_227_293_merged.tif,0.8,2,1099024393,208,29.4878,33.6056,4.1178
600M,chip_227_293_merged.tif,0.8,3,619078875,208,28.0795,33.5572,5.4777
600M,chip_227_293_merged.tif,0.8,4,238472244,208,29.4878,33.7123,4.2245
600M,chip_228_314_merged.tif,0.2,0,236656068,50,32.1064,38.7045,6.5981
600M,chip_228_314_merged.tif,0.2,1,2003533085,50,30.8265,38.6478,7.8213
600M,chip_228_314_merged.tif,0.2,2,1523587567,50,31.1188,38.948,7.8292
600M,chip_228_314_merged.tif,0.2,3,1142980936,50,30.7823,38.574,7.7917
600M,chip_228_314_merged.tif,0.2,4,663035418,50,36.6856,38.6399,1.9542
600M,chip_228_314_merged.tif,0.4,0,76040735,100,30.8786,38.3189,7.4403
600M,chip_228_314_merged.tif,0.4,1,1743578865,100,31.6726,37.187,5.5144
600M,chip_228_314_merged.tif,0.4,2,1362972234,100,31.0669,39.3773,8.3104
600M,chip_228_314_merged.tif,0.4,3,982365603,100,30.6284,38.5519,7.9236
600M,chip_228_314_merged.tif,0.4,4,502420085,100,30.0592,38.1475,8.0883
600M,chip_228_314_merged.tif,0.6,0,1480226176,154,30.4445,36.0766,5.6321
600M,chip_228_314_merged.tif,0.6,1,1000280658,154,30.6475,37.374,6.7264
600M,chip_228_314_merged.tif,0.6,2,619674027,154,31.0783,36.7359,5.6577
600M,chip_228_314_merged.tif,0.6,3,239067396,154,31.9069,36.5419,4.635
600M,chip_228_314_merged.tif,0.6,4,1906605526,154,31.1963,35.7587,4.5624
600M,chip_228_314_merged.tif,0.8,0,997633980,208,30.2603,34.9764,4.7161
600M,chip_228_314_merged.tif,0.8,1,617027349,208,30.2596,34.9843,4.7247
600M,chip_228_314_merged.tif,0.8,2,137081831,208,30.2604,35.1117,4.8513
600M,chip_228_314_merged.tif,0.8,3,1903958848,208,29.8333,34.6103,4.777
600M,chip_228_314_merged.tif,0.8,4,1424013330,208,30.2599,33.6348,3.3749
600M,chip_230_282_merged.tif,0.2,0,366210750,50,38.4272,41.9762,3.5489
600M,chip_230_282_merged.tif,0.2,1,2133087767,50,37.2755,39.6687,2.3933
600M,chip_230_282_merged.tif,0.2,2,1752481136,50,41.0614,41.5616,0.5002
600M,chip_230_282_merged.tif,0.2,3,1272535618,50,36.0742,38.8068,2.7325
600M,chip_230_282_merged.tif,0.2,4,891928987,50,41.2177,39.0024,-2.2153
600M,chip_230_282_merged.tif,0.4,0,205595417,100,38.0302,41.2669,3.2367
600M,chip_230_282_merged.tif,0.4,1,1972472434,100,39.3938,41.6916,2.2978
600M,chip_230_282_merged.tif,0.4,2,1492526916,100,34.2559,41.1656,6.9097
600M,chip_230_282_merged.tif,0.4,3,1111920285,100,36.0519,41.1364,5.0845
600M,chip_230_282_merged.tif,0.4,4,631974767,100,37.3904,40.9504,3.5601
600M,chip_230_282_merged.tif,0.6,0,1609780858,154,35.7592,40.4919,4.7327
600M,chip_230_282_merged.tif,0.6,1,1229174227,154,37.7553,39.6306,1.8753
600M,chip_230_282_merged.tif,0.6,2,749228709,154,37.0828,40.0665,2.9837
600M,chip_230_282_merged.tif,0.6,3,368622078,154,35.3878,41.232,5.8441
600M,chip_230_282_merged.tif,0.6,4,2135499095,154,35.6673,40.7818,5.1145
600M,chip_230_282_merged.tif,0.8,0,373588686,208,35.211,39.0777,3.8667
600M,chip_230_282_merged.tif,0.8,1,2041126816,208,34.1691,36.1531,1.984
600M,chip_230_282_merged.tif,0.8,2,1660520185,208,35.3512,37.0665,1.7153
600M,chip_230_282_merged.tif,0.8,3,1180574667,208,35.2108,37.5042,2.2934
600M,chip_230_282_merged.tif,0.8,4,799968036,208,36.2956,37.7094,1.4137
600M,chip_230_302_merged.tif,0.2,0,1240492885,50,35.533,38.2054,2.6724
600M,chip_230_302_merged.tif,0.2,1,760547367,50,33.5871,38.7492,5.1621
600M,chip_230_302_merged.tif,0.2,2,379940736,50,35.1713,39.3375,4.1663
600M,chip_230_302_merged.tif,0.2,3,2146817753,50,31.6331,38.9115,7.2784
600M,chip_230_302_merged.tif,0.2,4,1666872235,50,33.4286,39.3763,5.9478
600M,chip_230_302_merged.tif,0.4,0,175217815,100,33.6693,38.5978,4.9285
600M,chip_230_302_merged.tif,0.4,1,1942094832,100,33.5294,38.7331,5.2037
600M,chip_230_302_merged.tif,0.4,2,1561488201,100,32.9049,38.4359,5.5311
600M,chip_230_302_merged.tif,0.4,3,1081542683,100,32.7703,38.6422,5.8719
600M,chip_230_302_merged.tif,0.4,4,700936052,100,32.9048,37.6993,4.7945
600M,chip_230_302_merged.tif,0.6,0,336579345,154,34.2209,37.1025,2.8816
600M,chip_230_302_merged.tif,0.6,1,2004117475,154,31.7388,36.2886,4.5498
600M,chip_230_302_merged.tif,0.6,2,1623510844,154,31.0174,38.4019,7.3845
600M,chip_230_302_merged.tif,0.6,3,1143565326,154,33.6956,35.537,1.8414
600M,chip_230_302_merged.tif,0.6,4,762958695,154,33.524,36.6402,3.1162
600M,chip_230_302_merged.tif,0.8,0,2001470797,208,32.4566,35.1354,2.6788
600M,chip_230_302_merged.tif,0.8,1,1521525279,208,30.2093,35.0675,4.8582
600M,chip_230_302_merged.tif,0.8,2,1140918648,208,30.6983,35.6745,4.9761
600M,chip_230_302_merged.tif,0.8,3,760312017,208,32.4577,34.1212,1.6635
600M,chip_230_302_merged.tif,0.8,4,280366499,208,32.4176,35.1848,2.7672
600M,chip_230_303_merged.tif,0.2,0,1184066725,50,34.2012,38.6799,4.4787
600M,chip_230_303_merged.tif,0.2,1,803460094,50,33.8161,38.7569,4.9408
600M,chip_230_303_merged.tif,0.2,2,323514576,50,32.6309,38.5189,5.888
600M,chip_230_303_merged.tif,0.2,3,2090391593,50,34.6124,37.7654,3.153
600M,chip_230_303_merged.tif,0.2,4,1709784962,50,33.0932,38.8008,5.7075
600M,chip_230_303_merged.tif,0.4,0,218130542,100,29.2223,37.8511,8.6288
600M,chip_230_303_merged.tif,0.4,1,1885668672,100,28.5271,37.8798,9.3527
600M,chip_230_303_merged.tif,0.4,2,1505062041,100,32.7305,37.7542,5.0236
600M,chip_230_303_merged.tif,0.4,3,1124455410,100,28.9214,38.6851,9.7636
600M,chip_230_303_merged.tif,0.4,4,644509892,100,33.9666,38.1509,4.1843
600M,chip_230_303_merged.tif,0.6,0,280153185,154,30.7363,36.348,5.6118
600M,chip_230_303_merged.tif,0.6,1,2047030202,154,29.2585,36.5919,7.3334
600M,chip_230_303_merged.tif,0.6,2,1567084684,154,29.2595,35.3337,6.0742
600M,chip_230_303_merged.tif,0.6,3,1186478053,154,29.15,35.2299,6.0798
600M,chip_230_303_merged.tif,0.6,4,706532535,154,28.8553,35.998,7.1427
600M,chip_230_303_merged.tif,0.8,0,1945044637,208,29.9276,32.6139,2.6863
600M,chip_230_303_merged.tif,0.8,1,1564438006,208,29.9277,31.3811,1.4534
600M,chip_230_303_merged.tif,0.8,2,1084492488,208,29.9273,34.334,4.4068
600M,chip_230_303_merged.tif,0.8,3,703885857,208,29.9282,33.0055,3.0772
600M,chip_230_303_merged.tif,0.8,4,323279226,208,29.9259,35.0272,5.1013
600M,chip_230_458_merged.tif,0.2,0,1531814531,50,33.5971,37.9654,4.3683
600M,chip_230_458_merged.tif,0.2,1,1151207900,50,33.5236,37.416,3.8924
600M,chip_230_458_merged.tif,0.2,2,671262382,50,35.3711,38.3204,2.9493
600M,chip_230_458_merged.tif,0.2,3,290655751,50,33.2061,38.3137,5.1076
600M,chip_230_458_merged.tif,0.2,4,1958193881,50,35.4007,37.6417,2.241
600M,chip_230_458_merged.tif,0.4,0,1371199198,100,33.0127,37.2355,4.2228
600M,chip_230_458_merged.tif,0.4,1,891253680,100,33.088,36.565,3.477
600M,chip_230_458_merged.tif,0.4,2,510647049,100,32.4842,37.6,5.1158
600M,chip_230_458_merged.tif,0.4,3,130040418,100,33.7547,38.0598,4.305
600M,chip_230_458_merged.tif,0.4,4,1797578548,100,33.5479,37.293,3.7451
600M,chip_230_458_merged.tif,0.6,0,627900991,154,33.3756,36.9339,3.5583
600M,chip_230_458_merged.tif,0.6,1,147955473,154,32.8637,36.924,4.0603
600M,chip_230_458_merged.tif,0.6,2,1914832490,154,34.0461,37.1451,3.099
600M,chip_230_458_merged.tif,0.6,3,1534225859,154,34.0446,36.985,2.9405
600M,chip_230_458_merged.tif,0.6,4,1054280341,154,34.1712,37.2661,3.095
600M,chip_230_458_merged.tif,0.8,0,145308795,208,33.0601,35.8562,2.7961
600M,chip_230_458_merged.tif,0.8,1,1912185812,208,33.2205,35.5519,2.3314
600M,chip_230_458_merged.tif,0.8,2,1432240294,208,33.3778,35.7519,2.3741
600M,chip_230_458_merged.tif,0.8,3,1051633663,208,33.3778,35.8055,2.4277
600M,chip_230_458_merged.tif,0.8,4,571688145,208,33.1585,34.8827,1.7242
600M,chip_230_490_merged.tif,0.2,0,990529482,50,31.8326,38.0459,6.2133
600M,chip_230_490_merged.tif,0.2,1,609922851,50,35.2645,38.4422,3.1778
600M,chip_230_490_merged.tif,0.2,2,129977333,50,36.0274,38.3973,2.37
600M,chip_230_490_merged.tif,0.2,3,1896854350,50,35.5661,38.2875,2.7214
600M,chip_230_490_merged.tif,0.2,4,1416908832,50,33.3105,38.613,5.3025
600M,chip_230_490_merged.tif,0.4,0,24593299,100,35.492,37.2326,1.7406
600M,chip_230_490_merged.tif,0.4,1,1692131429,100,35.9051,35.9152,0.0101
600M,chip_230_490_merged.tif,0.4,2,1311524798,100,35.6353,37.6656,2.0303
600M,chip_230_490_merged.tif,0.4,3,831579280,100,35.9327,37.8108,1.8781
600M,chip_230_490_merged.tif,0.4,4,450972649,100,34.5625,37.8629,3.3004
600M,chip_230_490_merged.tif,0.6,0,86615942,154,33.8947,35.493,1.5983
600M,chip_230_490_merged.tif,0.6,1,1853492959,154,33.3075,37.08,3.7726
600M,chip_230_490_merged.tif,0.6,2,1373547441,154,33.3073,35.1067,1.7994
600M,chip_230_490_merged.tif,0.6,3,992940810,154,33.4485,37.2889,3.8405
600M,chip_230_490_merged.tif,0.6,4,512995292,154,33.292,37.1042,3.8122
600M,chip_230_490_merged.tif,0.8,0,1751507394,208,33.1781,35.4682,2.2901
600M,chip_230_490_merged.tif,0.8,1,1370900763,208,33.6296,34.5166,0.8871
600M,chip_230_490_merged.tif,0.8,2,890955245,208,33.5655,36.3732,2.8077
600M,chip_230_490_merged.tif,0.8,3,510348614,208,32.1438,34.9757,2.832
600M,chip_230_490_merged.tif,0.8,4,30403096,208,33.1777,36.3056,3.1279
600M,chip_231_287_merged.tif,0.2,0,928669001,50,33.4731,36.9272,3.4541
600M,chip_231_287_merged.tif,0.2,1,448723483,50,36.414,37.0957,0.6817
600M,chip_231_287_merged.tif,0.2,2,68116852,50,31.9508,36.554,4.6032
600M,chip_231_287_merged.tif,0.2,3,1834993869,50,27.4936,37.1408,9.6472
600M,chip_231_287_merged.tif,0.2,4,1355048351,50,32.0422,37.0523,5.0101
600M,chip_231_287_merged.tif,0.4,0,768053668,100,32.5379,35.9697,3.4318
600M,chip_231_287_merged.tif,0.4,1,288108150,100,29.6264,36.7532,7.1268
600M,chip_231_287_merged.tif,0.4,2,2054985167,100,32.8789,36.9622,4.0834
600M,chip_231_287_merged.tif,0.4,3,1575039649,100,31.9427,35.738,3.7953
600M,chip_231_287_merged.tif,0.4,4,1194433018,100,31.5455,35.8273,4.2818
600M,chip_231_287_merged.tif,0.6,0,24755461,154,31.4324,34.9099,3.4776
600M,chip_231_287_merged.tif,0.6,1,1692293591,154,30.3988,35.5218,5.123
600M,chip_231_287_merged.tif,0.6,2,1311686960,154,30.8365,34.6079,3.7714
600M,chip_231_287_merged.tif,0.6,3,831741442,154,30.1556,36.6418,6.4862
600M,chip_231_287_merged.tif,0.6,4,451134811,154,30.7383,35.8051,5.0667
600M,chip_231_287_merged.tif,0.8,0,1689646913,208,29.3982,31.0387,1.6405
600M,chip_231_287_merged.tif,0.8,1,1209701395,208,28.9245,33.616,4.6915
600M,chip_231_287_merged.tif,0.8,2,829094764,208,30.1176,32.659,2.5413
600M,chip_231_287_merged.tif,0.8,3,448488133,208,28.924,32.4977,3.5737
600M,chip_231_287_merged.tif,0.8,4,2116026263,208,29.3984,33.02,3.6216
600M,chip_231_331_merged.tif,0.2,0,1686288982,50,38.1886,40.5176,2.3291
600M,chip_231_331_merged.tif,0.2,1,1206343464,50,36.8618,40.4874,3.6256
600M,chip_231_331_merged.tif,0.2,2,825736833,50,37.9054,40.9188,3.0134
600M,chip_231_331_merged.tif,0.2,3,345791315,50,39.9085,40.1289,0.2204
600M,chip_231_331_merged.tif,0.2,4,2112668332,50,39.2924,40.2667,0.9744
600M,chip_231_331_merged.tif,0.4,0,1426334762,100,36.6854,41.0487,4.3633
600M,chip_231_331_merged.tif,0.4,1,1045728131,100,37.5376,39.4797,1.9421
600M,chip_231_331_merged.tif,0.4,2,665121500,100,37.5725,40.0005,2.428
600M,chip_231_331_merged.tif,0.4,3,185175982,100,36.6929,40.4426,3.7497
600M,chip_231_331_merged.tif,0.4,4,1952052999,100,36.8392,40.6672,3.8281
600M,chip_231_331_merged.tif,0.6,0,683036555,154,36.3552,40.4714,4.1162
600M,chip_231_331_merged.tif,0.6,1,302429924,154,36.9922,39.6784,2.6863
600M,chip_231_331_merged.tif,0.6,2,2069306941,154,36.3137,39.7908,3.4771
600M,chip_231_331_merged.tif,0.6,3,1589361423,154,35.8928,39.7166,3.8239
600M,chip_231_331_merged.tif,0.6,4,1208754792,154,36.6419,39.8016,3.1596
600M,chip_231_331_merged.tif,0.8,0,299783246,208,34.5857,38.1371,3.5514
600M,chip_231_331_merged.tif,0.8,1,1967321376,208,34.5201,38.9456,4.4256
600M,chip_231_331_merged.tif,0.8,2,1586714745,208,35.2795,37.4708,2.1913
600M,chip_231_331_merged.tif,0.8,3,1106769227,208,34.5196,37.915,3.3953
600M,chip_231_331_merged.tif,0.8,4,726162596,208,34.5851,37.7384,3.1533
600M,chip_232_293_merged.tif,0.2,0,2090346294,50,32.2243,39.1751,6.9508
600M,chip_232_293_merged.tif,0.2,1,1709739663,50,38.1821,40.5557,2.3736
600M,chip_232_293_merged.tif,0.2,2,1229794145,50,34.7295,38.1178,3.3883
600M,chip_232_293_merged.tif,0.2,3,849187514,50,36.4837,38.6671,2.1834
600M,chip_232_293_merged.tif,0.2,4,369241996,50,32.2249,39.5117,7.2868
600M,chip_232_293_merged.tif,0.4,0,1929730961,100,31.8452,38.2246,6.3794
600M,chip_232_293_merged.tif,0.4,1,1449785443,100,31.8457,34.0107,2.165
600M,chip_232_293_merged.tif,0.4,2,1069178812,100,33.957,38.1125,4.1556
600M,chip_232_293_merged.tif,0.4,3,589233294,100,36.9609,38.596,1.6351
600M,chip_232_293_merged.tif,0.4,4,208626663,100,32.1411,39.0322,6.891
600M,chip_232_293_merged.tif,0.6,0,1186432754,154,32.3166,37.9359,5.6193
600M,chip_232_293_merged.tif,0.6,1,706487236,154,32.3177,37.1455,4.8278
600M,chip_232_293_merged.tif,0.6,2,325880605,154,32.0237,38.342,6.3183
600M,chip_232_293_merged.tif,0.6,3,1993418735,154,31.2936,37.3741,6.0805
600M,chip_232_293_merged.tif,0.6,4,1612812104,154,34.5048,37.656,3.1511
600M,chip_232_293_merged.tif,0.8,0,703840558,208,32.3217,36.9591,4.6374
600M,chip_232_293_merged.tif,0.8,1,323233927,208,31.2806,35.4047,4.1242
600M,chip_232_293_merged.tif,0.8,2,1990772057,208,31.281,35.4568,4.1758
600M,chip_232_293_merged.tif,0.8,3,1610165426,208,31.2815,35.1089,3.8274
600M,chip_232_293_merged.tif,0.8,4,1130219908,208,32.3214,35.245,2.9236
600M,chip_232_372_merged.tif,0.2,0,2072619194,50,30.1522,34.7071,4.555
600M,chip_232_372_merged.tif,0.2,1,1692012563,50,29.7787,34.7519,4.9732
600M,chip_232_372_merged.tif,0.2,2,1212067045,50,29.64,34.7965,5.1565
600M,chip_232_372_merged.tif,0.2,3,831460414,50,32.4364,34.8277,2.3913
600M,chip_232_372_merged.tif,0.2,4,450853783,50,31.5078,34.8651,3.3573
600M,chip_232_372_merged.tif,0.4,0,1912003861,100,30.535,34.5153,3.9803
600M,chip_232_372_merged.tif,0.4,1,1531397230,100,30.2989,34.2848,3.9859
600M,chip_232_372_merged.tif,0.4,2,1051451712,100,30.0458,34.0158,3.97
600M,chip_232_372_merged.tif,0.4,3,670845081,100,29.8334,33.6337,3.8003
600M,chip_232_372_merged.tif,0.4,4,190899563,100,30.3495,34.0394,3.6899
600M,chip_232_372_merged.tif,0.6,0,1168705654,154,30.6996,33.1437,2.444
600M,chip_232_372_merged.tif,0.6,1,788099023,154,30.3529,33.1619,2.8089
600M,chip_232_372_merged.tif,0.6,2,308153505,154,29.8097,32.9253,3.1156
600M,chip_232_372_merged.tif,0.6,3,2075030522,154,30.0886,34.0104,3.9218
600M,chip_232_372_merged.tif,0.6,4,1595085004,154,29.6133,33.5409,3.9276
600M,chip_232_372_merged.tif,0.8,0,686113458,208,29.0405,32.4427,3.4022
600M,chip_232_372_merged.tif,0.8,1,305506827,208,29.8469,31.5928,1.7459
600M,chip_232_372_merged.tif,0.8,2,1973044957,208,29.0406,32.3709,3.3303
600M,chip_232_372_merged.tif,0.8,3,1592438326,208,30.1434,31.8821,1.7387
600M,chip_232_372_merged.tif,0.8,4,1211831695,208,29.8474,32.0498,2.2024
600M,chip_232_596_merged.tif,0.2,0,1995427824,50,35.0813,37.9103,2.829
600M,chip_232_596_merged.tif,0.2,1,1515482306,50,32.734,39.3437,6.6097
600M,chip_232_596_merged.tif,0.2,2,1134875675,50,34.5823,38.5669,3.9845
600M,chip_232_596_merged.tif,0.2,3,654930157,50,33.0272,39.4379,6.4108
600M,chip_232_596_merged.tif,0.2,4,274323526,50,37.7597,39.9453,2.1856
600M,chip_232_596_merged.tif,0.4,0,1735473604,100,34.0289,38.9894,4.9605
600M,chip_232_596_merged.tif,0.4,1,1354866973,100,36.5707,38.6135,2.0428
600M,chip_232_596_merged.tif,0.4,2,974260342,100,36.2385,38.3827,2.1442
600M,chip_232_596_merged.tif,0.4,3,494314824,100,36.5701,38.2143,1.6442
600M,chip_232_596_merged.tif,0.4,4,113708193,100,34.0078,38.6605,4.6527
600M,chip_232_596_merged.tif,0.6,0,992175397,154,34.5195,37.6857,3.1662
600M,chip_232_596_merged.tif,0.6,1,611568766,154,34.3991,37.7512,3.3521
600M,chip_232_596_merged.tif,0.6,2,230962135,154,35.0268,38.0472,3.0204
600M,chip_232_596_merged.tif,0.6,3,1898500265,154,34.3654,37.6336,3.2683
600M,chip_232_596_merged.tif,0.6,4,1517893634,154,34.7682,37.9327,3.1645
600M,chip_232_596_merged.tif,0.8,0,608922088,208,32.5902,35.2863,2.6961
600M,chip_232_596_merged.tif,0.8,1,128976570,208,33.7036,36.5657,2.8621
600M,chip_232_596_merged.tif,0.8,2,1895853587,208,33.7041,35.3762,1.6721
600M,chip_232_596_merged.tif,0.8,3,1415908069,208,33.7038,35.1643,1.4605
600M,chip_232_596_merged.tif,0.8,4,1035301438,208,32.5901,36.3791,3.789
600M,chip_233_289_merged.tif,0.2,0,1565354130,50,36.0307,40.9326,4.9019
600M,chip_233_289_merged.tif,0.2,1,1184747499,50,32.0637,41.0844,9.0207
600M,chip_233_289_merged.tif,0.2,2,704801981,50,32.1807,38.2901,6.1094
600M,chip_233_289_merged.tif,0.2,3,324195350,50,31.5954,40.8613,9.2659
600M,chip_233_289_merged.tif,0.2,4,1991733480,50,35.1967,39.062,3.8653
600M,chip_233_289_merged.tif,0.4,0,1404738797,100,33.0645,39.7851,6.7206
600M,chip_233_289_merged.tif,0.4,1,924793279,100,29.7065,39.3543,9.6479
600M,chip_233_289_merged.tif,0.4,2,544186648,100,29.703,40.4046,10.7016
600M,chip_233_289_merged.tif,0.4,3,163580017,100,31.8709,39.7531,7.8823
600M,chip_233_289_merged.tif,0.4,4,1831118147,100,29.4992,39.3535,9.8543
600M,chip_233_289_merged.tif,0.6,0,661440590,154,30.053,38.476,8.423
600M,chip_233_289_merged.tif,0.6,1,181495072,154,30.1354,37.843,7.7076
600M,chip_233_289_merged.tif,0.6,2,1948372089,154,30.2706,37.5822,7.3117
600M,chip_233_289_merged.tif,0.6,3,1567765458,154,30.7479,39.4124,8.6645
600M,chip_233_289_merged.tif,0.6,4,1087819940,154,30.4568,38.7516,8.2948
600M,chip_233_289_merged.tif,0.8,0,178848394,208,29.9337,32.4038,2.4701
600M,chip_233_289_merged.tif,0.8,1,1945725411,208,29.9349,34.0648,4.1299
600M,chip_233_289_merged.tif,0.8,2,1465779893,208,29.8086,34.4131,4.6045
600M,chip_233_289_merged.tif,0.8,3,1085173262,208,30.3171,34.0452,3.7281
600M,chip_233_289_merged.tif,0.8,4,605227744,208,29.5734,34.6558,5.0825
600M,chip_233_331_merged.tif,0.2,0,1368229163,50,38.5492,41.9832,3.434
600M,chip_233_331_merged.tif,0.2,1,987622532,50,37.6781,41.3698,3.6917
600M,chip_233_331_merged.tif,0.2,2,507677014,50,38.964,41.2718,2.3078
600M,chip_233_331_merged.tif,0.2,3,127070383,50,39.3799,41.3406,1.9606
600M,chip_233_331_merged.tif,0.2,4,1893947400,50,39.2671,41.9756,2.7085
600M,chip_233_331_merged.tif,0.4,0,402292980,100,39.3531,41.8349,2.4818
600M,chip_233_331_merged.tif,0.4,1,2069831110,100,38.0949,41.9481,3.8532
600M,chip_233_331_merged.tif,0.4,2,1689224479,100,36.4189,41.8222,5.4033
600M,chip_233_331_merged.tif,0.4,3,1308617848,100,38.0934,41.5619,3.4685
600M,chip_233_331_merged.tif,0.4,4,828672330,100,37.903,41.4207,3.5176
600M,chip_233_331_merged.tif,0.6,0,464315623,154,37.429,39.8524,2.4234
600M,chip_233_331_merged.tif,0.6,1,83708992,154,38.2216,41.3745,3.1529
600M,chip_233_331_merged.tif,0.6,2,1751247122,154,37.6872,41.4195,3.7323
600M,chip_233_331_merged.tif,0.6,3,1370640491,154,38.7136,41.4804,2.7667
600M,chip_233_331_merged.tif,0.6,4,890694973,154,38.4821,40.5182,2.0361
600M,chip_233_331_merged.tif,0.8,0,2129207075,208,37.7842,38.6672,0.883
600M,chip_233_331_merged.tif,0.8,1,1748600444,208,36.6899,38.6024,1.9125
600M,chip_233_331_merged.tif,0.8,2,1268654926,208,36.525,40.4977,3.9727
600M,chip_233_331_merged.tif,0.8,3,888048295,208,37.7851,39.0958,1.3106
600M,chip_233_331_merged.tif,0.8,4,507441664,208,36.5256,39.5897,3.064
600M,chip_233_332_merged.tif,0.2,0,313318716,50,40.3383,37.9009,-2.4374
600M,chip_233_332_merged.tif,0.2,1,1980856846,50,39.0115,38.7156,-0.2959
600M,chip_233_332_merged.tif,0.2,2,1600250215,50,40.3793,37.6962,-2.6831
600M,chip_233_332_merged.tif,0.2,3,1120304697,50,39.011,36.7825,-2.2285
600M,chip_233_332_merged.tif,0.2,4,739698066,50,40.3787,40.3945,0.0159
600M,chip_233_332_merged.tif,0.4,0,53364496,100,35.6628,41.0414,5.3786
600M,chip_233_332_merged.tif,0.4,1,1820241513,100,38.952,41.0285,2.0766
600M,chip_233_332_merged.tif,0.4,2,1439634882,100,39.3782,38.9185,-0.4596
600M,chip_233_332_merged.tif,0.4,3,959689364,100,35.4197,39.6552,4.2355
600M,chip_233_332_merged.tif,0.4,4,579082733,100,39.2224,39.5243,0.3019
600M,chip_233_332_merged.tif,0.6,0,1457549937,154,38.6588,38.8971,0.2382
600M,chip_233_332_merged.tif,0.6,1,1076943306,154,37.9024,39.8966,1.9942
600M,chip_233_332_merged.tif,0.6,2,696336675,154,38.9197,40.1927,1.273
600M,chip_233_332_merged.tif,0.6,3,216391157,154,36.6555,36.3995,-0.256
600M,chip_233_332_merged.tif,0.6,4,1983268174,154,36.6559,40.18,3.5241
600M,chip_233_332_merged.tif,0.8,0,1074296628,208,37.2165,37.7652,0.5487
600M,chip_233_332_merged.tif,0.8,1,594351110,208,36.842,39.1133,2.2713
600M,chip_233_332_merged.tif,0.8,2,213744479,208,38.0279,38.7708,0.7429
600M,chip_233_332_merged.tif,0.8,3,1881282609,208,36.8418,38.5119,1.6702
600M,chip_233_332_merged.tif,0.8,4,1500675978,208,36.8419,37.2412,0.3993
600M,chip_233_478_merged.tif,0.2,0,326934627,50,35.4619,36.7815,1.3195
600M,chip_233_478_merged.tif,0.2,1,2093811644,50,33.5456,36.9748,3.4291
600M,chip_233_478_merged.tif,0.2,2,1613866126,50,34.3567,35.5441,1.1874
600M,chip_233_478_merged.tif,0.2,3,1233259495,50,32.573,36.1204,3.5473
600M,chip_233_478_merged.tif,0.2,4,753313977,50,32.3652,37.2671,4.9019
600M,chip_233_478_merged.tif,0.4,0,1508482092,100,33.719,35.6707,1.9517
600M,chip_233_478_merged.tif,0.4,1,1028536574,100,33.1117,35.8572,2.7455
600M,chip_233_478_merged.tif,0.4,2,647929943,100,32.702,36.671,3.969
600M,chip_233_478_merged.tif,0.4,3,167984425,100,32.4867,35.7524,3.2657
600M,chip_233_478_merged.tif,0.4,4,1934861442,100,33.0555,36.2545,3.1991
600M,chip_233_478_merged.tif,0.6,0,1570504735,154,32.5955,36.1709,3.5754
600M,chip_233_478_merged.tif,0.6,1,1189898104,154,33.3969,35.3697,1.9729
600M,chip_233_478_merged.tif,0.6,2,709952586,154,33.5712,36.1771,2.6058
600M,chip_233_478_merged.tif,0.6,3,329345955,154,33.0003,36.1888,3.1886
600M,chip_233_478_merged.tif,0.6,4,1996884085,154,32.5409,35.8681,3.3272
600M,chip_233_478_merged.tif,0.8,0,1087912539,208,31.3314,33.3272,1.9959
600M,chip_233_478_merged.tif,0.8,1,707305908,208,30.1524,34.8401,4.6877
600M,chip_233_478_merged.tif,0.8,2,227360390,208,31.3318,33.7671,2.4354
600M,chip_233_478_merged.tif,0.8,3,1994237407,208,31.7248,33.9848,2.26
600M,chip_233_478_merged.tif,0.8,4,1514291889,208,30.1521,33.5914,3.4393
600M,chip_234_295_merged.tif,0.2,0,1312585661,50,32.6604,38.9369,6.2765
600M,chip_234_295_merged.tif,0.2,1,931979030,50,34.5075,38.8052,4.2977
600M,chip_234_295_merged.tif,0.2,2,551372399,50,35.8825,38.342,2.4594
600M,chip_234_295_merged.tif,0.2,3,71426881,50,35.8853,39.4689,3.5836
600M,chip_234_295_merged.tif,0.2,4,1838303898,50,33.9829,38.7624,4.7795
600M,chip_234_295_merged.tif,0.4,0,346649478,100,34.0188,38.3749,4.3561
600M,chip_234_295_merged.tif,0.4,1,2113526495,100,34.5817,37.2578,2.676
600M,chip_234_295_merged.tif,0.4,2,1633580977,100,33.6234,38.2601,4.6366
600M,chip_234_295_merged.tif,0.4,3,1252974346,100,34.5219,38.3802,3.8584
600M,chip_234_295_merged.tif,0.4,4,773028828,100,33.0152,38.6772,5.662
600M,chip_234_295_merged.tif,0.6,0,408672121,154,31.9477,37.183,5.2353
600M,chip_234_295_merged.tif,0.6,1,28065490,154,32.7509,36.5555,3.8046
600M,chip_234_295_merged.tif,0.6,2,1695603620,154,33.2142,36.004,2.7898
600M,chip_234_295_merged.tif,0.6,3,1314996989,154,33.2137,35.8204,2.6068
600M,chip_234_295_merged.tif,0.6,4,934390358,154,31.0681,37.2213,6.1532
600M,chip_234_295_merged.tif,0.8,0,2073563573,208,32.0578,34.3779,2.3202
600M,chip_234_295_merged.tif,0.8,1,1692956942,208,31.5626,34.3904,2.8278
600M,chip_234_295_merged.tif,0.8,2,1312350311,208,31.9888,33.6292,1.6404
600M,chip_234_295_merged.tif,0.8,3,832404793,208,31.9895,34.5465,2.557
600M,chip_234_295_merged.tif,0.8,4,451798162,208,32.0578,34.0109,1.9531
600M,chip_234_371_merged.tif,0.2,0,1605564130,50,32.232,33.9441,1.7121
600M,chip_234_371_merged.tif,0.2,1,1125618612,50,31.7276,35.5467,3.8191
600M,chip_234_371_merged.tif,0.2,2,745011981,50,32.3024,34.9403,2.6379
600M,chip_234_371_merged.tif,0.2,3,364405350,50,32.012,32.9373,0.9252
600M,chip_234_371_merged.tif,0.2,4,2031943480,50,31.8684,35.0664,3.198
600M,chip_234_371_merged.tif,0.4,0,1444948797,100,31.3938,33.7209,2.327
600M,chip_234_371_merged.tif,0.4,1,965003279,100,31.6991,34.7427,3.0436
600M,chip_234_371_merged.tif,0.4,2,584396648,100,31.8351,35.0314,3.1963
600M,chip_234_371_merged.tif,0.4,3,104451130,100,30.7177,33.2646,2.5468
600M,chip_234_371_merged.tif,0.4,4,1871328147,100,29.3316,34.8313,5.4997
600M,chip_234_371_merged.tif,0.6,0,701650590,154,30.6417,33.6536,3.0119
600M,chip_234_371_merged.tif,0.6,1,221705072,154,30.8398,32.9215,2.0817
600M,chip_234_371_merged.tif,0.6,2,1988582089,154,31.168,33.4591,2.2912
600M,chip_234_371_merged.tif,0.6,3,1508636571,154,30.6358,34.3818,3.746
600M,chip_234_371_merged.tif,0.6,4,1128029940,154,31.0204,33.7922,2.7718
600M,chip_234_371_merged.tif,0.8,0,219058394,208,29.6618,31.7236,2.0618
600M,chip_234_371_merged.tif,0.8,1,1886596524,208,29.6617,32.2975,2.6358
600M,chip_234_371_merged.tif,0.8,2,1505989893,208,29.6626,32.4951,2.8325
600M,chip_234_371_merged.tif,0.8,3,1125383262,208,30.1548,33.0149,2.86
600M,chip_234_371_merged.tif,0.8,4,645437744,208,29.6616,31.7854,2.1238
600M,chip_234_444_merged.tif,0.2,0,504246115,50,39.383,38.1299,-1.2531
600M,chip_234_444_merged.tif,0.2,1,123639484,50,36.2171,37.1446,0.9275
600M,chip_234_444_merged.tif,0.2,2,1791177614,50,39.5702,38.7517,-0.8185
600M,chip_234_444_merged.tif,0.2,3,1410570983,50,39.3829,38.5878,-0.7951
600M,chip_234_444_merged.tif,0.2,4,930625465,50,35.8384,39.2609,3.4224
600M,chip_234_444_merged.tif,0.4,0,343630782,100,37.2112,38.0214,0.8102
600M,chip_234_444_merged.tif,0.4,1,2011168912,100,32.8615,37.7726,4.911
600M,chip_234_444_merged.tif,0.4,2,1630562281,100,37.4204,38.8808,1.4605
600M,chip_234_444_merged.tif,0.4,3,1150616763,100,34.5287,37.359,2.8303
600M,chip_234_444_merged.tif,0.4,4,770010132,100,37.1288,37.4113,0.2825
600M,chip_234_444_merged.tif,0.6,0,1747816223,154,36.3184,37.1999,0.8816
600M,chip_234_444_merged.tif,0.6,1,1267870705,154,37.3216,37.4792,0.1576
600M,chip_234_444_merged.tif,0.6,2,887264074,154,35.2755,37.2465,1.971
600M,chip_234_444_merged.tif,0.6,3,407318556,154,35.443,37.4806,2.0376
600M,chip_234_444_merged.tif,0.6,4,26711925,154,31.8774,37.3098,5.4324
600M,chip_234_444_merged.tif,0.8,0,1265224027,208,35.7089,36.7847,1.0757
600M,chip_234_444_merged.tif,0.8,1,884617396,208,32.0531,36.2506,4.1975
600M,chip_234_444_merged.tif,0.8,2,404671878,208,35.924,35.8934,-0.0306
600M,chip_234_444_merged.tif,0.8,3,24065247,208,32.0532,35.8943,3.8411
600M,chip_234_444_merged.tif,0.8,4,1691603377,208,35.7094,37.005,1.2956
600M,chip_234_445_merged.tif,0.2,0,651186333,50,33.8925,38.0263,4.1338
600M,chip_234_445_merged.tif,0.2,1,270579702,50,32.9854,36.5576,3.5722
600M,chip_234_445_merged.tif,0.2,2,1938117832,50,34.5049,37.2056,2.7006
600M,chip_234_445_merged.tif,0.2,3,1557511201,50,35.416,37.0874,1.6714
600M,chip_234_445_merged.tif,0.2,4,1077565683,50,34.0555,37.2245,3.169
600M,chip_234_445_merged.tif,0.4,0,490571000,100,33.6288,36.7348,3.106
600M,chip_234_445_merged.tif,0.4,1,109964369,100,33.5681,36.858,3.2899
600M,chip_234_445_merged.tif,0.4,2,1777502499,100,34.269,36.8219,2.5529
600M,chip_234_445_merged.tif,0.4,3,1396895868,100,33.2436,36.8604,3.6169
600M,chip_234_445_merged.tif,0.4,4,916950350,100,32.1911,37.3127,5.1216
600M,chip_234_445_merged.tif,0.6,0,1894756441,154,34.0237,35.8152,1.7915
600M,chip_234_445_merged.tif,0.6,1,1514149810,154,34.3406,36.8654,2.5248
600M,chip_234_445_merged.tif,0.6,2,1034204292,154,34.2367,35.8691,1.6324
600M,chip_234_445_merged.tif,0.6,3,653597661,154,34.2349,36.5642,2.3294
600M,chip_234_445_merged.tif,0.6,4,173652143,154,34.2362,36.3842,2.148
600M,chip_234_445_merged.tif,0.8,0,1412164245,208,33.9035,35.2258,1.3224
600M,chip_234_445_merged.tif,0.8,1,1031557614,208,33.7203,33.9524,0.2321
600M,chip_234_445_merged.tif,0.8,2,551612096,208,30.6028,34.946,4.3432
600M,chip_234_445_merged.tif,0.8,3,171005465,208,33.9036,35.7036,1.8001
600M,chip_234_445_merged.tif,0.8,4,1838543595,208,33.9035,35.467,1.5635
600M,chip_234_591_merged.tif,0.2,0,287606392,50,36.8693,37.3933,0.524
600M,chip_234_591_merged.tif,0.2,1,1955144522,50,33.8076,37.1119,3.3043
600M,chip_234_591_merged.tif,0.2,2,1574537891,50,35.4961,36.572,1.0759
600M,chip_234_591_merged.tif,0.2,3,1094592373,50,34.4871,37.3241,2.837
600M,chip_234_591_merged.tif,0.2,4,713985742,50,34.2873,36.1835,1.8962
600M,chip_234_591_merged.tif,0.4,0,27652172,100,34.7166,36.9499,2.2334
600M,chip_234_591_merged.tif,0.4,1,1794529189,100,36.6364,37.202,0.5656
600M,chip_234_591_merged.tif,0.4,2,1314583671,100,35.2565,36.9845,1.728
600M,chip_234_591_merged.tif,0.4,3,933977040,100,36.7872,37.157,0.3698
600M,chip_234_591_merged.tif,0.4,4,553370409,100,35.1273,36.0387,0.9115
600M,chip_234_591_merged.tif,0.6,0,1431837613,154,34.2988,36.8223,2.5235
600M,chip_234_591_merged.tif,0.6,1,1051230982,154,34.8514,36.2002,1.3488
600M,chip_234_591_merged.tif,0.6,2,571285464,154,34.199,36.6039,2.4049
600M,chip_234_591_merged.tif,0.6,3,190678833,154,34.1575,36.3979,2.2404
600M,chip_234_591_merged.tif,0.6,4,1957555850,154,35.1103,36.5977,1.4874
600M,chip_234_591_merged.tif,0.8,0,949245417,208,34.034,35.1443,1.1102
600M,chip_234_591_merged.tif,0.8,1,568638786,208,34.0334,35.2372,1.2038
600M,chip_234_591_merged.tif,0.8,2,188032155,208,31.8808,34.1597,2.2789
600M,chip_234_591_merged.tif,0.8,3,1855570285,208,33.7139,35.77,2.0561
600M,chip_234_591_merged.tif,0.8,4,1474963654,208,34.0337,35.8042,1.7705
600M,chip_236_284_merged.tif,0.2,0,1479493,50,41.2492,37.1649,-4.0843
600M,chip_236_284_merged.tif,0.2,1,1768356510,50,33.9899,38.1128,4.1229
600M,chip_236_284_merged.tif,0.2,2,1288410992,50,31.1993,38.0001,6.8007
600M,chip_236_284_merged.tif,0.2,3,907804361,50,31.8275,39.241,7.4135
600M,chip_236_284_merged.tif,0.2,4,427858843,50,32.6987,38.7227,6.024
600M,chip_236_284_merged.tif,0.4,0,1183026958,100,31.5912,36.941,5.3498
600M,chip_236_284_merged.tif,0.4,1,703081440,100,28.5184,36.9127,8.3943
600M,chip_236_284_merged.tif,0.4,2,322474809,100,33.1593,35.6588,2.4995
600M,chip_236_284_merged.tif,0.4,3,1990012939,100,30.6842,36.6166,5.9325
600M,chip_236_284_merged.tif,0.4,4,1609406308,100,30.957,37.8226,6.8656
600M,chip_236_284_merged.tif,0.6,0,2097988464,154,32.5549,36.3734,3.8185
600M,chip_236_284_merged.tif,0.6,1,1618042946,154,29.1857,32.2281,3.0424
600M,chip_236_284_merged.tif,0.6,2,1237436315,154,31.8186,36.0465,4.2279
600M,chip_236_284_merged.tif,0.6,3,757490797,154,29.9288,35.8146,5.8858
600M,chip_236_284_merged.tif,0.6,4,376884166,154,31.5251,36.2316,4.7066
600M,chip_236_284_merged.tif,0.8,0,762457405,208,29.3909,32.6795,3.2886
600M,chip_236_284_merged.tif,0.8,1,381850774,208,29.3904,32.7218,3.3314
600M,chip_236_284_merged.tif,0.8,2,2049388904,208,29.3899,34.3498,4.9599
600M,chip_236_284_merged.tif,0.8,3,1668782273,208,31.6165,33.4225,1.806
600M,chip_236_284_merged.tif,0.8,4,1188836755,208,30.7595,31.303,0.5435
600M,chip_236_367_merged.tif,0.2,0,778048910,50,33.9039,35.7509,1.847
600M,chip_236_367_merged.tif,0.2,1,397442279,50,32.8466,35.8017,2.9552
600M,chip_236_367_merged.tif,0.2,2,2064980409,50,33.6126,35.9615,2.349
600M,chip_236_367_merged.tif,0.2,3,1684373778,50,32.4958,35.8372,3.3415
600M,chip_236_367_merged.tif,0.2,4,1303767147,50,32.6861,36.3052,3.619
600M,chip_236_367_merged.tif,0.4,0,617433577,100,32.8661,35.1964,2.3303
600M,chip_236_367_merged.tif,0.4,1,236826946,100,33.4086,35.5328,2.1242
600M,chip_236_367_merged.tif,0.4,2,1904365076,100,32.7904,35.3568,2.5664
600M,chip_236_367_merged.tif,0.4,3,1523758445,100,32.866,35.0694,2.2034
600M,chip_236_367_merged.tif,0.4,4,1043812927,100,32.8604,35.3344,2.474
600M,chip_236_367_merged.tif,0.6,0,2021619018,154,32.8776,34.7086,1.831
600M,chip_236_367_merged.tif,0.6,1,1641012387,154,32.8811,34.4483,1.5672
600M,chip_236_367_merged.tif,0.6,2,1161066869,154,32.7736,34.0978,1.3242
600M,chip_236_367_merged.tif,0.6,3,780460238,154,32.7938,34.4453,1.6516
600M,chip_236_367_merged.tif,0.6,4,300514720,154,32.7823,34.9145,2.1323
600M,chip_236_367_merged.tif,0.8,0,1539026822,208,31.9714,33.2654,1.2941
600M,chip_236_367_merged.tif,0.8,1,1158420191,208,31.5342,33.3338,1.7996
600M,chip_236_367_merged.tif,0.8,2,678474673,208,31.5059,32.8691,1.3633
600M,chip_236_367_merged.tif,0.8,3,297868042,208,31.7932,33.4947,1.7015
600M,chip_236_367_merged.tif,0.8,4,2064745059,208,31.971,33.2022,1.2311
600M,chip_236_448_merged.tif,0.2,0,1894502919,50,33.7622,37.9078,4.1456
600M,chip_236_448_merged.tif,0.2,1,1414557401,50,32.015,37.2151,5.2001
600M,chip_236_448_merged.tif,0.2,2,1033950770,50,34.7595,36.0622,1.3026
600M,chip_236_448_merged.tif,0.2,3,554005252,50,34.5641,37.3407,2.7767
600M,chip_236_448_merged.tif,0.2,4,173398621,50,35.6257,37.6203,1.9946
600M,chip_236_448_merged.tif,0.4,0,829227849,100,34.434,36.619,2.185
600M,chip_236_448_merged.tif,0.4,1,448621218,100,34.3479,36.2962,1.9484
600M,chip_236_448_merged.tif,0.4,2,2116159348,100,35.2688,36.5336,1.2648
600M,chip_236_448_merged.tif,0.4,3,1735552717,100,33.2637,37.5138,4.2501
600M,chip_236_448_merged.tif,0.4,4,1255607199,100,34.1889,36.8723,2.6834
600M,chip_236_448_merged.tif,0.6,0,891250492,154,33.7002,36.3751,2.6749
600M,chip_236_448_merged.tif,0.6,1,510643861,154,34.2247,36.1001,1.8754
600M,chip_236_448_merged.tif,0.6,2,130037230,154,33.1753,36.3146,3.1393
600M,chip_236_448_merged.tif,0.6,3,1797575360,154,34.7426,36.0681,1.3255
600M,chip_236_448_merged.tif,0.6,4,1416968729,154,34.4358,36.0613,1.6255
600M,chip_236_448_merged.tif,0.8,0,507997183,208,32.1501,34.9009,2.7509
600M,chip_236_448_merged.tif,0.8,1,28051665,208,33.5085,34.3444,0.8359
600M,chip_236_448_merged.tif,0.8,2,1794928682,208,32.4162,35.5801,3.1639
600M,chip_236_448_merged.tif,0.8,3,1314983164,208,32.4173,35.7487,3.3313
600M,chip_236_448_merged.tif,0.8,4,934376533,208,33.5088,34.5103,1.0015
600M,chip_236_450_merged.tif,0.2,0,1995044954,50,34.0984,36.6785,2.5802
600M,chip_236_450_merged.tif,0.2,1,1614438323,50,32.9745,35.5506,2.5761
600M,chip_236_450_merged.tif,0.2,2,1134492805,50,34.6119,35.1581,0.5462
600M,chip_236_450_merged.tif,0.2,3,753886174,50,34.6114,36.9613,2.3499
600M,chip_236_450_merged.tif,0.2,4,273940656,50,33.6862,37.1818,3.4956
600M,chip_236_450_merged.tif,0.4,0,1834429621,100,34.8021,36.0508,1.2487
600M,chip_236_450_merged.tif,0.4,1,1354484103,100,34.9936,36.6193,1.6257
600M,chip_236_450_merged.tif,0.4,2,973877472,100,34.8022,37.0181,2.216
600M,chip_236_450_merged.tif,0.4,3,493931954,100,32.9234,36.5022,3.5787
600M,chip_236_450_merged.tif,0.4,4,113325323,100,30.2136,36.8297,6.6162
600M,chip_236_450_merged.tif,0.6,0,1091131414,154,33.0147,35.7902,2.7754
600M,chip_236_450_merged.tif,0.6,1,611185896,154,33.9427,35.3976,1.4549
600M,chip_236_450_merged.tif,0.6,2,230579265,154,33.624,35.9103,2.2863
600M,chip_236_450_merged.tif,0.6,3,1898117395,154,32.7183,35.9769,3.2586
600M,chip_236_450_merged.tif,0.6,4,1517510764,154,33.9429,35.5603,1.6175
600M,chip_236_450_merged.tif,0.8,0,608539218,208,32.7143,34.9589,2.2446
600M,chip_236_450_merged.tif,0.8,1,227932587,208,31.5186,34.3374,2.8188
600M,chip_236_450_merged.tif,0.8,2,1895470717,208,32.7144,34.7187,2.0043
600M,chip_236_450_merged.tif,0.8,3,1514864086,208,32.7147,34.8381,2.1234
600M,chip_236_450_merged.tif,0.8,4,1034918568,208,32.7146,35.314,2.5994
600M,chip_236_595_merged.tif,0.2,0,2114038513,50,36.4681,38.0262,1.5581
600M,chip_236_595_merged.tif,0.2,1,1733431882,50,30.7083,38.0178,7.3094
600M,chip_236_595_merged.tif,0.2,2,1253486364,50,36.2319,37.9955,1.7636
600M,chip_236_595_merged.tif,0.2,3,872879733,50,37.1335,37.2321,0.0986
600M,chip_236_595_merged.tif,0.2,4,392934215,50,35.2931,38.1403,2.8472
600M,chip_236_595_merged.tif,0.4,0,1148102330,100,33.3548,37.0557,3.7009
600M,chip_236_595_merged.tif,0.4,1,668156812,100,33.3188,37.6229,4.3041
600M,chip_236_595_merged.tif,0.4,2,287550181,100,34.34,37.7781,3.4382
600M,chip_236_595_merged.tif,0.4,3,1955088311,100,33.8277,37.6982,3.8705
600M,chip_236_595_merged.tif,0.4,4,1574481680,100,33.6172,37.4113,3.794
600M,chip_236_595_merged.tif,0.6,0,1210124973,154,32.611,36.4761,3.8651
600M,chip_236_595_merged.tif,0.6,1,829518342,154,33.0046,36.9381,3.9335
600M,chip_236_595_merged.tif,0.6,2,349572824,154,33.005,35.8856,2.8806
600M,chip_236_595_merged.tif,0.6,3,2116449841,154,33.4805,36.8844,3.4039
600M,chip_236_595_merged.tif,0.6,4,1636504323,154,33.6768,36.0759,2.3991
600M,chip_236_595_merged.tif,0.8,0,727532777,208,32.9863,35.4844,2.4981
600M,chip_236_595_merged.tif,0.8,1,346926146,208,33.1209,34.6138,1.493
600M,chip_236_595_merged.tif,0.8,2,2014464276,208,33.1216,35.2024,2.0808
600M,chip_236_595_merged.tif,0.8,3,1633857645,208,33.1211,34.6201,1.499
600M,chip_236_595_merged.tif,0.8,4,1153912127,208,33.1215,34.8775,1.7559
600M,chip_236_600_merged.tif,0.2,0,362777000,50,36.2936,37.7558,1.4622
600M,chip_236_600_merged.tif,0.2,1,2129654017,50,36.2939,38.9647,2.6709
600M,chip_236_600_merged.tif,0.2,2,1649708499,50,35.0188,37.9129,2.8941
600M,chip_236_600_merged.tif,0.2,3,1269101868,50,35.7749,38.1229,2.348
600M,chip_236_600_merged.tif,0.2,4,789156350,50,36.8289,37.9162,1.0873
600M,chip_236_600_merged.tif,0.4,0,202161667,100,35.0458,37.4352,2.3894
600M,chip_236_600_merged.tif,0.4,1,1869699797,100,34.308,37.5838,3.2759
600M,chip_236_600_merged.tif,0.4,2,1489093166,100,35.4145,37.9392,2.5248
600M,chip_236_600_merged.tif,0.4,3,1009147648,100,35.4137,37.4122,1.9985
600M,chip_236_600_merged.tif,0.4,4,628541017,100,34.6193,37.3733,2.754
600M,chip_236_600_merged.tif,0.6,0,1606347108,154,35.3945,36.4915,1.097
600M,chip_236_600_merged.tif,0.6,1,1126401590,154,35.7204,37.4261,1.7057
600M,chip_236_600_merged.tif,0.6,2,745794959,154,34.6501,36.8203,2.1702
600M,chip_236_600_merged.tif,0.6,3,265849441,154,35.1577,37.5531,2.3954
600M,chip_236_600_merged.tif,0.6,4,2032726458,154,36.0892,36.2157,0.1265
600M,chip_236_600_merged.tif,0.8,0,270816049,208,33.8833,35.6498,1.7664
600M,chip_236_600_merged.tif,0.8,1,2037693066,208,33.8837,35.6498,1.7661
600M,chip_236_600_merged.tif,0.8,2,1557747548,208,34.3262,35.4868,1.1606
600M,chip_236_600_merged.tif,0.8,3,1177140917,208,34.3259,35.8581,1.5322
600M,chip_236_600_merged.tif,0.8,4,796534286,208,34.6314,35.2922,0.6608
600M,chip_237_289_merged.tif,0.2,0,964634566,50,34.9216,39.7704,4.8488
600M,chip_237_289_merged.tif,0.2,1,584027935,50,28.9871,40.1138,11.1267
600M,chip_237_289_merged.tif,0.2,2,104082417,50,36.0861,39.5423,3.4563
600M,chip_237_289_merged.tif,0.2,3,1870959434,50,34.7958,38.6991,3.9033
600M,chip_237_289_merged.tif,0.2,4,1391013916,50,34.8914,40.1583,5.2668
600M,chip_237_289_merged.tif,0.4,0,2146182031,100,33.6648,40.0029,6.3381
600M,chip_237_289_merged.tif,0.4,1,1666236513,100,35.1113,39.9139,4.8026
600M,chip_237_289_merged.tif,0.4,2,1285629882,100,31.7376,34.5589,2.8213
600M,chip_237_289_merged.tif,0.4,3,805684364,100,33.0189,39.4243,6.4055
600M,chip_237_289_merged.tif,0.4,4,425077733,100,34.5772,38.2019,3.6247
600M,chip_237_289_merged.tif,0.6,0,60721026,154,31.2257,37.1358,5.91
600M,chip_237_289_merged.tif,0.6,1,1728259156,154,34.6547,37.1754,2.5207
600M,chip_237_289_merged.tif,0.6,2,1347652525,154,32.8131,35.9298,3.1167
600M,chip_237_289_merged.tif,0.6,3,967045894,154,31.8558,38.5508,6.695
600M,chip_237_289_merged.tif,0.6,4,487100376,154,31.1567,38.0981,6.9414
600M,chip_237_289_merged.tif,0.8,0,1725612478,208,29.5215,36.0578,6.5363
600M,chip_237_289_merged.tif,0.8,1,1345005847,208,31.0744,35.2063,4.1318
600M,chip_237_289_merged.tif,0.8,2,865060329,208,31.2057,35.7032,4.4975
600M,chip_237_289_merged.tif,0.8,3,484453698,208,30.1619,34.69,4.5281
600M,chip_237_289_merged.tif,0.8,4,4508180,208,31.0734,33.5848,2.5114
600M,chip_237_335_merged.tif,0.2,0,1825469653,50,36.595,42.0647,5.4697
600M,chip_237_335_merged.tif,0.2,1,1444863022,50,39.5649,41.465,1.9001
600M,chip_237_335_merged.tif,0.2,2,1064256391,50,40.5939,41.4675,0.8736
600M,chip_237_335_merged.tif,0.2,3,584310873,50,37.7994,42.6941,4.8947
600M,chip_237_335_merged.tif,0.2,4,203704242,50,40.5296,42.3466,1.8171
600M,chip_237_335_merged.tif,0.4,0,1664854320,100,37.3774,41.8337,4.4563
600M,chip_237_335_merged.tif,0.4,1,1284247689,100,36.4441,41.54,5.096
600M,chip_237_335_merged.tif,0.4,2,804302171,100,38.9312,42.4546,3.5234
600M,chip_237_335_merged.tif,0.4,3,423695540,100,36.7361,41.4211,4.685
600M,chip_237_335_merged.tif,0.4,4,43088909,100,37.6581,41.9616,4.3035
600M,chip_237_335_merged.tif,0.6,0,921556113,154,37.6851,41.2736,3.5885
600M,chip_237_335_merged.tif,0.6,1,540949482,154,38.1186,41.681,3.5624
600M,chip_237_335_merged.tif,0.6,2,61003964,154,37.7311,41.0919,3.3608
600M,chip_237_335_merged.tif,0.6,3,1827880981,154,37.8212,41.7722,3.951
600M,chip_237_335_merged.tif,0.6,4,1447274350,154,38.1768,40.8485,2.6718
600M,chip_237_335_merged.tif,0.8,0,438963917,208,37.1885,39.1401,1.9516
600M,chip_237_335_merged.tif,0.8,1,58357286,208,37.188,39.7234,2.5354
600M,chip_237_335_merged.tif,0.8,2,1825234303,208,37.7062,40.1455,2.4393
600M,chip_237_335_merged.tif,0.8,3,1345288785,208,37.7063,39.8343,2.128
600M,chip_237_335_merged.tif,0.8,4,964682154,208,37.4633,39.9252,2.4619
600M,chip_237_472_merged.tif,0.2,0,1817410881,50,36.0463,36.9899,0.9436
600M,chip_237_472_merged.tif,0.2,1,1436804250,50,33.8584,36.7757,2.9173
600M,chip_237_472_merged.tif,0.2,2,956858732,50,33.719,35.0134,1.2944
600M,chip_237_472_merged.tif,0.2,3,576252101,50,31.8451,37.0787,5.2335
600M,chip_237_472_merged.tif,0.2,4,96306583,50,34.3118,36.8183,2.5065
600M,chip_237_472_merged.tif,0.4,0,851474698,100,32.6537,34.4328,1.7791
600M,chip_237_472_merged.tif,0.4,1,371529180,100,33.4483,36.9821,3.5338
600M,chip_237_472_merged.tif,0.4,2,2138406197,100,33.1271,36.4269,3.2998
600M,chip_237_472_merged.tif,0.4,3,1658460679,100,33.2569,34.582,1.3251
600M,chip_237_472_merged.tif,0.4,4,1277854048,100,33.3233,34.4232,1.0999
600M,chip_237_472_merged.tif,0.6,0,913497341,154,33.2426,34.5967,1.3541
600M,chip_237_472_merged.tif,0.6,1,433551823,154,32.3003,34.5264,2.2261
600M,chip_237_472_merged.tif,0.6,2,52945192,154,33.5888,34.3287,0.7398
600M,chip_237_472_merged.tif,0.6,3,1819822209,154,33.3252,35.4166,2.0914
600M,chip_237_472_merged.tif,0.6,4,1339876691,154,33.3,34.5918,1.2919
600M,chip_237_472_merged.tif,0.8,0,430905145,208,31.9904,33.9549,1.9644
600M,chip_237_472_merged.tif,0.8,1,50298514,208,31.9912,33.8806,1.8893
600M,chip_237_472_merged.tif,0.8,2,1717836644,208,32.1033,34.1246,2.0213
600M,chip_237_472_merged.tif,0.8,3,1337230013,208,32.1037,34.0367,1.933
600M,chip_237_472_merged.tif,0.8,4,857284495,208,32.1039,33.9303,1.8264
600M,chip_237_598_merged.tif,0.2,0,556207919,50,35.1372,38.0135,2.8763
600M,chip_237_598_merged.tif,0.2,1,76262401,50,32.7655,36.8108,4.0453
600M,chip_237_598_merged.tif,0.2,2,1843139418,50,33.5435,36.8052,3.2617
600M,chip_237_598_merged.tif,0.2,3,1462532787,50,33.0725,37.3278,4.2553
600M,chip_237_598_merged.tif,0.2,4,982587269,50,32.8488,37.7072,4.8585
600M,chip_237_598_merged.tif,0.4,0,395592586,100,32.7044,35.9764,3.272
600M,chip_237_598_merged.tif,0.4,1,2063130716,100,34.7193,36.8451,2.1259
600M,chip_237_598_merged.tif,0.4,2,1682524085,100,35.2487,36.7922,1.5435
600M,chip_237_598_merged.tif,0.4,3,1202578567,100,33.5395,36.855,3.3155
600M,chip_237_598_merged.tif,0.4,4,821971936,100,32.822,36.0997,3.2777
600M,chip_237_598_merged.tif,0.6,0,1799778027,154,32.8647,35.5339,2.6692
600M,chip_237_598_merged.tif,0.6,1,1319832509,154,34.2371,36.6307,2.3936
600M,chip_237_598_merged.tif,0.6,2,939225878,154,33.7293,35.2976,1.5682
600M,chip_237_598_merged.tif,0.6,3,459280360,154,34.8229,36.3234,1.5006
600M,chip_237_598_merged.tif,0.6,4,78673729,154,34.657,35.7558,1.0988
600M,chip_237_598_merged.tif,0.8,0,1317185831,208,33.2789,34.7365,1.4575
600M,chip_237_598_merged.tif,0.8,1,837240313,208,33.053,34.3392,1.2861
600M,chip_237_598_merged.tif,0.8,2,456633682,208,33.2797,34.7067,1.427
600M,chip_237_598_merged.tif,0.8,3,76027051,208,33.5348,35.0179,1.4831
600M,chip_237_598_merged.tif,0.8,4,1743565181,208,33.2793,33.8534,0.574
600M,chip_238_458_merged.tif,0.2,0,1007186546,50,32.3842,35.8322,3.448
600M,chip_238_458_merged.tif,0.2,1,527241028,50,31.9236,35.8809,3.9573
600M,chip_238_458_merged.tif,0.2,2,146634397,50,31.0723,35.6794,4.6071
600M,chip_238_458_merged.tif,0.2,3,1913511414,50,31.6441,35.2224,3.5783
600M,chip_238_458_merged.tif,0.2,4,1433565896,50,30.8297,35.3666,4.5368
600M,chip_238_458_merged.tif,0.4,0,846571213,100,30.1815,35.2188,5.0373
600M,chip_238_458_merged.tif,0.4,1,366625695,100,31.448,35.4034,3.9554
600M,chip_238_458_merged.tif,0.4,2,2133502712,100,31.5809,34.5749,2.994
600M,chip_238_458_merged.tif,0.4,3,1653557194,100,31.6897,35.377,3.6872
600M,chip_238_458_merged.tif,0.4,4,1272950563,100,30.9438,34.6174,3.6736
600M,chip_238_458_merged.tif,0.6,0,103273006,154,31.6412,33.8267,2.1855
600M,chip_238_458_merged.tif,0.6,1,1770811136,154,29.4016,34.3682,4.9666
600M,chip_238_458_merged.tif,0.6,2,1390204505,154,31.3504,34.3216,2.9713
600M,chip_238_458_merged.tif,0.6,3,910258987,154,31.2453,34.3836,3.1383
600M,chip_238_458_merged.tif,0.6,4,529652356,154,29.8336,34.5674,4.7338
600M,chip_238_458_merged.tif,0.8,0,1768164458,208,29.7065,32.6869,2.9804
600M,chip_238_458_merged.tif,0.8,1,1288218940,208,29.7152,33.2075,3.4923
600M,chip_238_458_merged.tif,0.8,2,907612309,208,29.7122,33.3118,3.5995
600M,chip_238_458_merged.tif,0.8,3,527005678,208,29.9861,32.5911,2.605
600M,chip_238_458_merged.tif,0.8,4,47060160,208,29.6159,32.5599,2.944
600M,chip_239_277_merged.tif,0.2,0,502018475,50,33.5973,40.0859,6.4886
600M,chip_239_277_merged.tif,0.2,1,121411844,50,34.5589,40.0192,5.4603
600M,chip_239_277_merged.tif,0.2,2,1888288861,50,37.1435,40.2766,3.1331
600M,chip_239_277_merged.tif,0.2,3,1408343343,50,35.0087,37.6831,2.6744
600M,chip_239_277_merged.tif,0.2,4,1027736712,50,36.2892,42.034,5.7447
600M,chip_239_277_merged.tif,0.4,0,1683565940,100,34.0208,39.6944,5.6736
600M,chip_239_277_merged.tif,0.4,1,1203620422,100,35.3908,38.5216,3.1308
600M,chip_239_277_merged.tif,0.4,2,823013791,100,34.2381,39.6859,5.4478
600M,chip_239_277_merged.tif,0.4,3,442407160,100,33.1078,39.6684,6.5606
600M,chip_239_277_merged.tif,0.4,4,2109945290,100,32.1334,39.5052,7.3719
600M,chip_239_277_merged.tif,0.6,0,1745588583,154,32.9708,36.8073,3.8365
600M,chip_239_277_merged.tif,0.6,1,1364981952,154,31.0596,38.1133,7.0538
600M,chip_239_277_merged.tif,0.6,2,885036434,154,34.1846,37.2106,3.0261
600M,chip_239_277_merged.tif,0.6,3,504429803,154,32.8417,38.1577,5.316
600M,chip_239_277_merged.tif,0.6,4,24484285,154,31.0598,37.9555,6.8958
600M,chip_239_277_merged.tif,0.8,0,1262996387,208,31.3964,36.7813,5.3849
600M,chip_239_277_merged.tif,0.8,1,882389756,208,32.5938,35.4692,2.8754
600M,chip_239_277_merged.tif,0.8,2,501783125,208,33.1939,36.2532,3.0594
600M,chip_239_277_merged.tif,0.8,3,21837607,208,31.3957,35.9504,4.5546
600M,chip_239_277_merged.tif,0.8,4,1788714624,208,32.5928,33.9521,1.3592
600M,chip_239_281_merged.tif,0.2,0,589073263,50,36.7567,38.2018,1.4451
600M,chip_239_281_merged.tif,0.2,1,109127745,50,33.8099,40.8334,7.0234
600M,chip_239_281_merged.tif,0.2,2,1876004762,50,37.3424,40.4885,3.1461
600M,chip_239_281_merged.tif,0.2,3,1396059244,50,37.3091,42.0737,4.7646
600M,chip_239_281_merged.tif,0.2,4,1015452613,50,36.7605,41.7077,4.9471
600M,chip_239_281_merged.tif,0.4,0,329119043,100,33.3791,38.6679,5.2888
600M,chip_239_281_merged.tif,0.4,1,2095996060,100,33.3248,40.6671,7.3424
600M,chip_239_281_merged.tif,0.4,2,1616050542,100,33.2735,39.8106,6.5371
600M,chip_239_281_merged.tif,0.4,3,1235443911,100,31.1841,41.2589,10.0747
600M,chip_239_281_merged.tif,0.4,4,854837280,100,34.2194,39.6674,5.448
600M,chip_239_281_merged.tif,0.6,0,1733304484,154,34.3649,39.7584,5.3934
600M,chip_239_281_merged.tif,0.6,1,1352697853,154,34.2511,38.9719,4.7208
600M,chip_239_281_merged.tif,0.6,2,972091222,154,31.9354,37.145,5.2096
600M,chip_239_281_merged.tif,0.6,3,492145704,154,31.6931,38.9822,7.2891
600M,chip_239_281_merged.tif,0.6,4,111539073,154,32.2561,38.8065,6.5505
600M,chip_239_281_merged.tif,0.8,0,1350051175,208,32.1692,36.3543,4.1851
600M,chip_239_281_merged.tif,0.8,1,870105657,208,32.1687,38.0718,5.9031
600M,chip_239_281_merged.tif,0.8,2,489499026,208,33.5834,35.3512,1.7677
600M,chip_239_281_merged.tif,0.8,3,9553508,208,32.1692,36.9302,4.761
600M,chip_239_281_merged.tif,0.8,4,1776430525,208,33.5825,36.2476,2.6651
600M,chip_239_283_merged.tif,0.2,0,1708390752,50,32.0728,38.5021,6.4293
600M,chip_239_283_merged.tif,0.2,1,1228445234,50,31.5533,39.0119,7.4586
600M,chip_239_283_merged.tif,0.2,2,847838603,50,33.3828,38.2911,4.9082
600M,chip_239_283_merged.tif,0.2,3,467231972,50,30.7051,38.3894,7.6843
600M,chip_239_283_merged.tif,0.2,4,2134770102,50,32.8808,37.5356,4.6548
600M,chip_239_283_merged.tif,0.4,0,1547775419,100,31.1051,38.29,7.185
600M,chip_239_283_merged.tif,0.4,1,1067829901,100,30.519,37.5414,7.0225
600M,chip_239_283_merged.tif,0.4,2,687223270,100,30.5287,37.7243,7.1955
600M,chip_239_283_merged.tif,0.4,3,207277752,100,31.9772,37.66,5.6829
600M,chip_239_283_merged.tif,0.4,4,1974154769,100,30.6172,36.6423,6.0251
600M,chip_239_283_merged.tif,0.6,0,804477212,154,31.8661,36.2224,4.3563
600M,chip_239_283_merged.tif,0.6,1,324531694,154,28.9463,36.6925,7.7462
600M,chip_239_283_merged.tif,0.6,2,2091408711,154,30.842,35.7877,4.9457
600M,chip_239_283_merged.tif,0.6,3,1611463193,154,31.2877,35.8985,4.6109
600M,chip_239_283_merged.tif,0.6,4,1230856562,154,31.0736,35.7743,4.7007
600M,chip_239_283_merged.tif,0.8,0,321885016,208,30.9086,34.0411,3.1325
600M,chip_239_283_merged.tif,0.8,1,1989423146,208,31.8282,33.4041,1.5759
600M,chip_239_283_merged.tif,0.8,2,1608816515,208,30.9089,33.5543,2.6455
600M,chip_239_283_merged.tif,0.8,3,1228209884,208,29.469,34.7619,5.2929
600M,chip_239_283_merged.tif,0.8,4,748264366,208,29.4873,33.8049,4.3176
600M,chip_239_336_merged.tif,0.2,0,995169053,50,39.1748,39.7884,0.6135
600M,chip_239_336_merged.tif,0.2,1,614562422,50,39.0669,40.158,1.0912
600M,chip_239_336_merged.tif,0.2,2,134616904,50,40.3897,40.9215,0.5318
600M,chip_239_336_merged.tif,0.2,3,1901493921,50,40.1609,40.7268,0.5658
600M,chip_239_336_merged.tif,0.2,4,1421548403,50,39.4523,40.8947,1.4423
600M,chip_239_336_merged.tif,0.4,0,834553720,100,39.125,41.2469,2.1218
600M,chip_239_336_merged.tif,0.4,1,354608202,100,39.1481,41.0384,1.8903
600M,chip_239_336_merged.tif,0.4,2,2121485219,100,39.3324,40.6452,1.3128
600M,chip_239_336_merged.tif,0.4,3,1641539701,100,39.6161,40.5593,0.9432
600M,chip_239_336_merged.tif,0.4,4,1260933070,100,38.8516,40.7593,1.9077
600M,chip_239_336_merged.tif,0.6,0,91255513,154,39.3744,40.8733,1.4989
600M,chip_239_336_merged.tif,0.6,1,1758793643,154,39.0068,40.7431,1.7363
600M,chip_239_336_merged.tif,0.6,2,1378187012,154,39.4351,40.3482,0.9131
600M,chip_239_336_merged.tif,0.6,3,997580381,154,39.3487,40.818,1.4693
600M,chip_239_336_merged.tif,0.6,4,517634863,154,39.3261,40.4064,1.0804
600M,chip_239_336_merged.tif,0.8,0,1756146965,208,37.6911,40.1,2.4089
600M,chip_239_336_merged.tif,0.8,1,1375540334,208,37.6934,39.6578,1.9643
600M,chip_239_336_merged.tif,0.8,2,895594816,208,36.6942,39.5323,2.8382
600M,chip_239_336_merged.tif,0.8,3,514988185,208,37.6911,40.0132,2.3221
600M,chip_239_336_merged.tif,0.8,4,35042667,208,37.6926,40.1975,2.5049
600M,chip_240_276_merged.tif,0.2,0,773994993,50,35.5481,39.4982,3.9501
600M,chip_240_276_merged.tif,0.2,1,294049475,50,35.84,38.7942,2.9541
600M,chip_240_276_merged.tif,0.2,2,2060926492,50,38.0364,40.2442,2.2078
600M,chip_240_276_merged.tif,0.2,3,1580980974,50,35.7865,39.8743,4.0878
600M,chip_240_276_merged.tif,0.2,4,1200374343,50,37.7166,39.8162,2.0996
600M,chip_240_276_merged.tif,0.4,0,514040773,100,33.6534,39.1291,5.4757
600M,chip_240_276_merged.tif,0.4,1,133434142,100,35.4372,38.7599,3.3228
600M,chip_240_276_merged.tif,0.4,2,1900311159,100,35.2434,38.6279,3.3845
600M,chip_240_276_merged.tif,0.4,3,1420365641,100,35.2898,39.005,3.7152
600M,chip_240_276_merged.tif,0.4,4,1039759010,100,32.8108,37.4789,4.6681
600M,chip_240_276_merged.tif,0.6,0,1918226214,154,31.7813,38.8039,7.0226
600M,chip_240_276_merged.tif,0.6,1,1537619583,154,33.8672,38.1903,4.3231
600M,chip_240_276_merged.tif,0.6,2,1157012952,154,33.4746,37.7492,4.2746
600M,chip_240_276_merged.tif,0.6,3,677067434,154,33.9907,38.0537,4.063
600M,chip_240_276_merged.tif,0.6,4,296460803,154,33.9861,38.54,4.5539
600M,chip_240_276_merged.tif,0.8,0,1534972905,208,31.7016,35.3702,3.6686
600M,chip_240_276_merged.tif,0.8,1,1055027387,208,31.738,34.819,3.081
600M,chip_240_276_merged.tif,0.8,2,674420756,208,31.7006,34.6452,2.9446
600M,chip_240_276_merged.tif,0.8,3,194475238,208,31.7386,35.0294,3.2907
600M,chip_240_276_merged.tif,0.8,4,1961352255,208,31.8854,35.7848,3.8994
600M,chip_240_588_merged.tif,0.2,0,395724835,50,33.4487,36.2706,2.8219
600M,chip_240_588_merged.tif,0.2,1,2063262965,50,33.1897,35.3481,2.1584
600M,chip_240_588_merged.tif,0.2,2,1682656334,50,34.4767,35.6882,1.2115
600M,chip_240_588_merged.tif,0.2,3,1302049703,50,32.813,36.3816,3.5686
600M,chip_240_588_merged.tif,0.2,4,822104185,50,32.5272,36.1054,3.5783
600M,chip_240_588_merged.tif,0.4,0,235109502,100,33.8976,34.6513,0.7537
600M,chip_240_588_merged.tif,0.4,1,1902647632,100,33.243,34.9016,1.6587
600M,chip_240_588_merged.tif,0.4,2,1522041001,100,32.162,35.2955,3.1335
600M,chip_240_588_merged.tif,0.4,3,1042095483,100,33.6587,35.4248,1.7661
600M,chip_240_588_merged.tif,0.4,4,661488852,100,32.8603,35.4069,2.5465
600M,chip_240_588_merged.tif,0.6,0,1639294943,154,31.8096,34.5184,2.7087
600M,chip_240_588_merged.tif,0.6,1,1159349425,154,31.8093,34.8824,3.0731
600M,chip_240_588_merged.tif,0.6,2,778742794,154,32.8948,34.2148,1.3199
600M,chip_240_588_merged.tif,0.6,3,298797276,154,31.9939,34.1738,2.1798
600M,chip_240_588_merged.tif,0.6,4,2065674293,154,32.1899,33.7857,1.5958
600M,chip_240_588_merged.tif,0.8,0,1156702747,208,31.245,32.9013,1.6563
600M,chip_240_588_merged.tif,0.8,1,676757229,208,31.7565,32.9376,1.1811
600M,chip_240_588_merged.tif,0.8,2,296150598,208,31.9334,32.8927,0.9593
600M,chip_240_588_merged.tif,0.8,3,2063027615,208,31.2456,33.7259,2.4803
600M,chip_240_588_merged.tif,0.8,4,1583082097,208,31.7564,33.3331,1.5767
600M,chip_241_475_merged.tif,0.2,0,1631056031,50,34.0353,35.7199,1.6847
600M,chip_241_475_merged.tif,0.2,1,1151110513,50,33.5133,34.1808,0.6676
600M,chip_241_475_merged.tif,0.2,2,770503882,50,35.1124,35.7851,0.6727
600M,chip_241_475_merged.tif,0.2,3,290558364,50,35.4196,35.5088,0.0893
600M,chip_241_475_merged.tif,0.2,4,2057435381,50,33.8899,36.1519,2.262
600M,chip_241_475_merged.tif,0.4,0,1371101811,100,33.7876,35.6121,1.8245
600M,chip_241_475_merged.tif,0.4,1,990495180,100,33.0036,35.4926,2.489
600M,chip_241_475_merged.tif,0.4,2,510549662,100,34.2814,36.3086,2.0272
600M,chip_241_475_merged.tif,0.4,3,129943031,100,34.1382,35.782,1.6438
600M,chip_241_475_merged.tif,0.4,4,1896820048,100,34.2815,35.4953,1.2138
600M,chip_241_475_merged.tif,0.6,0,627803604,154,33.2828,35.2233,1.9405
600M,chip_241_475_merged.tif,0.6,1,247196973,154,33.1116,35.2814,2.1698
600M,chip_241_475_merged.tif,0.6,2,2014073990,154,33.6405,35.2599,1.6193
600M,chip_241_475_merged.tif,0.6,3,1534128472,154,33.6407,35.198,1.5572
600M,chip_241_475_merged.tif,0.6,4,1153521841,154,33.3191,35.3607,2.0415
600M,chip_241_475_merged.tif,0.8,0,244550295,208,32.7799,34.7655,1.9856
600M,chip_241_475_merged.tif,0.8,1,1912088425,208,33.2481,34.3855,1.1375
600M,chip_241_475_merged.tif,0.8,2,1531481794,208,33.2475,34.5504,1.3029
600M,chip_241_475_merged.tif,0.8,3,1051536276,208,33.2472,34.3648,1.1177
600M,chip_241_475_merged.tif,0.8,4,670929645,208,33.2479,34.2393,0.9914
600M,chip_242_336_merged.tif,0.2,0,131983579,50,33.9352,37.7766,3.8414
600M,chip_242_336_merged.tif,0.2,1,1799521709,50,34.3753,37.1204,2.7451
600M,chip_242_336_merged.tif,0.2,2,1418915078,50,33.3248,37.9925,4.6677
600M,chip_242_336_merged.tif,0.2,3,938969560,50,34.8735,38.7263,3.8527
600M,chip_242_336_merged.tif,0.2,4,558362929,50,31.8307,38.7717,6.941
600M,chip_242_336_merged.tif,0.4,0,1214192157,100,33.65,37.2485,3.5985
600M,chip_242_336_merged.tif,0.4,1,833585526,100,31.9349,37.5651,5.6301
600M,chip_242_336_merged.tif,0.4,2,353640008,100,31.6787,37.7753,6.0966
600M,chip_242_336_merged.tif,0.4,3,2120517025,100,31.9134,38.0523,6.139
600M,chip_242_336_merged.tif,0.4,4,1640571507,100,33.3192,36.9944,3.6752
600M,chip_242_336_merged.tif,0.6,0,1276214800,154,31.6528,36.6075,4.9548
600M,chip_242_336_merged.tif,0.6,1,895608169,154,31.8006,36.7797,4.9791
600M,chip_242_336_merged.tif,0.6,2,415662651,154,31.6697,36.4252,4.7555
600M,chip_242_336_merged.tif,0.6,3,35056020,154,31.5158,37.3689,5.8531
600M,chip_242_336_merged.tif,0.6,4,1801933037,154,30.5963,36.8677,6.2715
600M,chip_242_336_merged.tif,0.8,0,892961491,208,31.4449,34.6354,3.1905
600M,chip_242_336_merged.tif,0.8,1,413015973,208,31.6106,33.4981,1.8875
600M,chip_242_336_merged.tif,0.8,2,32409342,208,31.4451,34.0677,2.6226
600M,chip_242_336_merged.tif,0.8,3,1699947472,208,31.4453,34.2513,2.806
600M,chip_242_336_merged.tif,0.8,4,1319340841,208,30.7695,33.7143,2.9448
600M,chip_243_452_merged.tif,0.2,0,964388454,50,30.4385,32.6499,2.2114
600M,chip_243_452_merged.tif,0.2,1,484442936,50,32.2917,32.2969,0.0052
600M,chip_243_452_merged.tif,0.2,2,103836305,50,31.6169,33.9351,2.3181
600M,chip_243_452_merged.tif,0.2,3,1870713322,50,32.5234,34.9631,2.4397
600M,chip_243_452_merged.tif,0.2,4,1390767804,50,31.9443,32.5736,0.6293
600M,chip_243_452_merged.tif,0.4,0,803773121,100,30.161,34.7867,4.6257
600M,chip_243_452_merged.tif,0.4,1,323827603,100,30.3177,33.1949,2.8772
600M,chip_243_452_merged.tif,0.4,2,2090704620,100,30.6083,33.9702,3.362
600M,chip_243_452_merged.tif,0.4,3,1610759102,100,32.0629,34.1125,2.0496
600M,chip_243_452_merged.tif,0.4,4,1230152471,100,30.6084,33.9752,3.3668
600M,chip_243_452_merged.tif,0.6,0,60474914,154,31.1702,34.0859,2.9156
600M,chip_243_452_merged.tif,0.6,1,1728013044,154,30.9368,33.6399,2.7032
600M,chip_243_452_merged.tif,0.6,2,1347406413,154,29.4217,32.889,3.4673
600M,chip_243_452_merged.tif,0.6,3,867460895,154,30.4937,33.0085,2.5148
600M,chip_243_452_merged.tif,0.6,4,486854264,154,31.5048,32.8337,1.3289
600M,chip_243_452_merged.tif,0.8,0,1725366366,208,29.1633,31.8811,2.7177
600M,chip_243_452_merged.tif,0.8,1,1245420848,208,30.1897,32.5412,2.3515
600M,chip_243_452_merged.tif,0.8,2,864814217,208,29.1635,32.2869,3.1234
600M,chip_243_452_merged.tif,0.8,3,484207586,208,29.1629,32.0607,2.8978
600M,chip_243_452_merged.tif,0.8,4,4262068,208,28.5462,31.1798,2.6336
600M,chip_243_589_merged.tif,0.2,0,1010050590,50,33.026,35.7965,2.7704
600M,chip_243_589_merged.tif,0.2,1,629443959,50,32.8435,36.0004,3.1569
600M,chip_243_589_merged.tif,0.2,2,149498441,50,33.085,35.6365,2.5515
600M,chip_243_589_merged.tif,0.2,3,1916375458,50,32.5288,35.5918,3.0629
600M,chip_243_589_merged.tif,0.2,4,1436429940,50,33.3701,35.8986,2.5285
600M,chip_243_589_merged.tif,0.4,0,44114407,100,32.9776,35.2994,2.3218
600M,chip_243_589_merged.tif,0.4,1,1711652537,100,32.7713,35.4293,2.658
600M,chip_243_589_merged.tif,0.4,2,1331045906,100,31.8339,34.8075,2.9736
600M,chip_243_589_merged.tif,0.4,3,851100388,100,32.7232,34.8356,2.1123
600M,chip_243_589_merged.tif,0.4,4,470493757,100,32.4718,35.8191,3.3473
600M,chip_243_589_merged.tif,0.6,0,1448299848,154,32.2455,34.6306,2.3851
600M,chip_243_589_merged.tif,0.6,1,968354330,154,31.3268,34.3947,3.0679
600M,chip_243_589_merged.tif,0.6,2,587747699,154,32.2879,34.8057,2.5178
600M,chip_243_589_merged.tif,0.6,3,107802181,154,32.4072,34.8711,2.4639
600M,chip_243_589_merged.tif,0.6,4,1874679198,154,32.5122,34.6355,2.1233
600M,chip_243_589_merged.tif,0.8,0,965707652,208,30.9231,33.7753,2.8522
600M,chip_243_589_merged.tif,0.8,1,485762134,208,31.3195,33.029,1.7095
600M,chip_243_589_merged.tif,0.8,2,105155503,208,31.1786,32.9753,1.7967
600M,chip_243_589_merged.tif,0.8,3,1872032520,208,31.1782,33.75,2.5718
600M,chip_243_589_merged.tif,0.8,4,1392087002,208,31.1784,34.0503,2.8719
600M,chip_244_335_merged.tif,0.2,0,992814569,50,34.4068,38.4464,4.0396
600M,chip_244_335_merged.tif,0.2,1,612207938,50,34.4447,38.0982,3.6535
600M,chip_244_335_merged.tif,0.2,2,132262420,50,31.507,37.1224,5.6154
600M,chip_244_335_merged.tif,0.2,3,1899139437,50,33.5716,37.8156,4.244
600M,chip_244_335_merged.tif,0.2,4,1419193919,50,35.7427,38.0496,2.3069
600M,chip_244_335_merged.tif,0.4,0,832199236,100,32.4884,38.6453,6.1569
600M,chip_244_335_merged.tif,0.4,1,352253718,100,33.1295,37.3445,4.215
600M,chip_244_335_merged.tif,0.4,2,2119130735,100,32.8065,35.0676,2.2611
600M,chip_244_335_merged.tif,0.4,3,1639185217,100,32.6138,36.4947,3.8809
600M,chip_244_335_merged.tif,0.4,4,1258578586,100,30.8991,37.7827,6.8836
600M,chip_244_335_merged.tif,0.6,0,88901029,154,32.4514,36.8341,4.3827
600M,chip_244_335_merged.tif,0.6,1,1756439159,154,31.8892,36.9428,5.0536
600M,chip_244_335_merged.tif,0.6,2,1375832528,154,31.2076,34.9445,3.7369
600M,chip_244_335_merged.tif,0.6,3,895887010,154,31.9992,36.3644,4.3652
600M,chip_244_335_merged.tif,0.6,4,515280379,154,31.1292,36.9969,5.8677
600M,chip_244_335_merged.tif,0.8,0,1753792481,208,31.5986,35.2327,3.6341
600M,chip_244_335_merged.tif,0.8,1,1373185850,208,31.599,34.5375,2.9385
600M,chip_244_335_merged.tif,0.8,2,893240332,208,31.5997,33.7535,2.1538
600M,chip_244_335_merged.tif,0.8,3,512633701,208,31.1353,35.0282,3.8929
600M,chip_244_335_merged.tif,0.8,4,32688183,208,31.5992,34.6818,3.0826
600M,chip_244_446_merged.tif,0.2,0,1893617094,50,32.3143,34.8304,2.5161
600M,chip_244_446_merged.tif,0.2,1,1513010463,50,32.4792,34.6789,2.1998
600M,chip_244_446_merged.tif,0.2,2,1033064945,50,32.0371,35.3218,3.2847
600M,chip_244_446_merged.tif,0.2,3,652458314,50,31.716,34.6626,2.9467
600M,chip_244_446_merged.tif,0.2,4,271851683,50,32.4784,34.539,2.0605
600M,chip_244_446_merged.tif,0.4,0,927680911,100,31.6991,34.8244,3.1253
600M,chip_244_446_merged.tif,0.4,1,447735393,100,30.9709,34.5209,3.55
600M,chip_244_446_merged.tif,0.4,2,67128762,100,31.0461,34.719,3.6729
600M,chip_244_446_merged.tif,0.4,3,1734666892,100,31.4413,34.6145,3.1732
600M,chip_244_446_merged.tif,0.4,4,1354060261,100,31.5328,35.0301,3.4973
600M,chip_244_446_merged.tif,0.6,0,989703554,154,30.4332,33.9589,3.5257
600M,chip_244_446_merged.tif,0.6,1,609096923,154,31.3597,33.3552,1.9954
600M,chip_244_446_merged.tif,0.6,2,129151405,154,29.8468,34.2526,4.4057
600M,chip_244_446_merged.tif,0.6,3,1896028422,154,30.4331,33.5784,3.1453
600M,chip_244_446_merged.tif,0.6,4,1416082904,154,31.3935,33.2973,1.9038
600M,chip_244_446_merged.tif,0.8,0,507111358,208,30.8504,31.7165,0.8661
600M,chip_244_446_merged.tif,0.8,1,126504727,208,30.4675,32.2052,1.7377
600M,chip_244_446_merged.tif,0.8,2,1794042857,208,30.2025,32.5101,2.3076
600M,chip_244_446_merged.tif,0.8,3,1413436226,208,29.8704,32.4054,2.535
600M,chip_244_446_merged.tif,0.8,4,1032829595,208,30.4674,32.4954,2.028
600M,chip_244_594_merged.tif,0.2,0,1271083129,50,34.1465,36.7812,2.6347
600M,chip_244_594_merged.tif,0.2,1,791137611,50,32.7968,36.3729,3.576
600M,chip_244_594_merged.tif,0.2,2,410530980,50,34.6671,36.4257,1.7586
600M,chip_244_594_merged.tif,0.2,3,2078069110,50,35.1043,36.6836,1.5793
600M,chip_244_594_merged.tif,0.2,4,1697462479,50,34.3147,36.1812,1.8665
600M,chip_244_594_merged.tif,0.4,0,205808059,100,33.8142,36.9956,3.1814
600M,chip_244_594_merged.tif,0.4,1,1972685076,100,34.9992,35.4576,0.4584
600M,chip_244_594_merged.tif,0.4,2,1492739558,100,34.8372,36.3692,1.532
600M,chip_244_594_merged.tif,0.4,3,1112132927,100,33.1645,35.6763,2.5118
600M,chip_244_594_merged.tif,0.4,4,731526296,100,33.7763,36.7571,2.9808
600M,chip_244_594_merged.tif,0.6,0,367169589,154,33.2179,35.2616,2.0437
600M,chip_244_594_merged.tif,0.6,1,2034707719,154,33.0968,35.7992,2.7024
600M,chip_244_594_merged.tif,0.6,2,1654101088,154,33.2179,35.2765,2.0586
600M,chip_244_594_merged.tif,0.6,3,1174155570,154,33.4332,34.3707,0.9376
600M,chip_244_594_merged.tif,0.6,4,793548939,154,33.4334,35.2478,1.8144
600M,chip_244_594_merged.tif,0.8,0,2032061041,208,32.0263,35.0663,3.04
600M,chip_244_594_merged.tif,0.8,1,1552115523,208,32.9585,34.0317,1.0732
600M,chip_244_594_merged.tif,0.8,2,1171508892,208,32.9589,34.2282,1.2693
600M,chip_244_594_merged.tif,0.8,3,691563374,208,32.9583,33.6313,0.673
600M,chip_244_594_merged.tif,0.8,4,310956743,208,32.9709,34.0715,1.1006
600M,chip_245_593_merged.tif,0.2,0,994913323,50,29.9388,35.7383,5.7995
600M,chip_245_593_merged.tif,0.2,1,514967805,50,32.1817,35.321,3.1393
600M,chip_245_593_merged.tif,0.2,2,134361174,50,33.165,35.8786,2.7136
600M,chip_245_593_merged.tif,0.2,3,1801899304,50,32.1945,35.2417,3.0472
600M,chip_245_593_merged.tif,0.2,4,1421292673,50,32.195,35.8889,3.6939
600M,chip_245_593_merged.tif,0.4,0,734959103,100,31.0003,34.4287,3.4283
600M,chip_245_593_merged.tif,0.4,1,354352472,100,30.9331,35.3117,4.3786
600M,chip_245_593_merged.tif,0.4,2,2121229489,100,30.5536,34.9496,4.396
600M,chip_245_593_merged.tif,0.4,3,1641283971,100,30.5806,34.4843,3.9037
600M,chip_245_593_merged.tif,0.4,4,1260677340,100,32.4702,34.0908,1.6207
600M,chip_245_593_merged.tif,0.6,0,90999783,154,30.8741,33.7194,2.8453
600M,chip_245_593_merged.tif,0.6,1,1758537913,154,31.2678,33.2407,1.9729
600M,chip_245_593_merged.tif,0.6,2,1377931282,154,31.1491,34.8799,3.7308
600M,chip_245_593_merged.tif,0.6,3,897985764,154,31.0187,34.6331,3.6144
600M,chip_245_593_merged.tif,0.6,4,517379133,154,31.039,34.245,3.206
600M,chip_245_593_merged.tif,0.8,0,1755891235,208,30.9676,32.7942,1.8266
600M,chip_245_593_merged.tif,0.8,1,1275945717,208,30.9806,32.8474,1.8668
600M,chip_245_593_merged.tif,0.8,2,895339086,208,30.2967,32.6761,2.3795
600M,chip_245_593_merged.tif,0.8,3,415393568,208,30.9676,32.2162,1.2486
600M,chip_245_593_merged.tif,0.8,4,34786937,208,30.2971,32.7537,2.4566
600M,chip_246_444_merged.tif,0.2,0,953347919,50,30.9659,34.411,3.4451
600M,chip_246_444_merged.tif,0.2,1,572741288,50,32.1571,34.7045,2.5473
600M,chip_246_444_merged.tif,0.2,2,192134657,50,30.8027,34.4502,3.6475
600M,chip_246_444_merged.tif,0.2,3,1859672787,50,30.1332,34.9815,4.8482
600M,chip_246_444_merged.tif,0.2,4,1479066156,50,32.4071,34.8536,2.4465
600M,chip_246_444_merged.tif,0.4,0,2134895384,100,30.9031,35.1173,4.2142
600M,chip_246_444_merged.tif,0.4,1,1654949866,100,31.0436,34.0779,3.0343
600M,chip_246_444_merged.tif,0.4,2,1274343235,100,30.8582,34.6658,3.8077
600M,chip_246_444_merged.tif,0.4,3,893736604,100,30.8997,33.9678,3.0682
600M,chip_246_444_merged.tif,0.4,4,413791086,100,30.6532,34.4049,3.7517
600M,chip_246_444_merged.tif,0.6,0,1391597177,154,31.4464,33.5133,2.0669
600M,chip_246_444_merged.tif,0.6,1,1010990546,154,31.208,33.7816,2.5736
600M,chip_246_444_merged.tif,0.6,2,531045028,154,30.8972,33.1854,2.2882
600M,chip_246_444_merged.tif,0.6,3,150438397,154,30.5613,34.0553,3.4941
600M,chip_246_444_merged.tif,0.6,4,1817976527,154,31.2492,34.0462,2.797
600M,chip_246_444_merged.tif,0.8,0,909004981,208,30.8963,32.5109,1.6146
600M,chip_246_444_merged.tif,0.8,1,528398350,208,30.9112,33.0591,2.1479
600M,chip_246_444_merged.tif,0.8,2,48452832,208,30.9106,32.614,1.7035
600M,chip_246_444_merged.tif,0.8,3,1815329849,208,30.8953,32.6563,1.761
600M,chip_246_444_merged.tif,0.8,4,1335384331,208,29.5626,32.9599,3.3973
600M,chip_246_583_merged.tif,0.2,0,1959293390,50,35.3868,35.4715,0.0847
600M,chip_246_583_merged.tif,0.2,1,1578686759,50,34.3268,36.3492,2.0224
600M,chip_246_583_merged.tif,0.2,2,1098741241,50,33.737,35.9838,2.2468
600M,chip_246_583_merged.tif,0.2,3,718134610,50,35.5041,36.7077,1.2036
600M,chip_246_583_merged.tif,0.2,4,238189092,50,35.6568,35.094,-0.5628
600M,chip_246_583_merged.tif,0.4,0,1798678057,100,33.6267,35.2963,1.6696
600M,chip_246_583_merged.tif,0.4,1,1318732539,100,34.4476,35.9828,1.5352
600M,chip_246_583_merged.tif,0.4,2,938125908,100,34.2401,36.3255,2.0854
600M,chip_246_583_merged.tif,0.4,3,557519277,100,34.3001,35.9975,1.6974
600M,chip_246_583_merged.tif,0.4,4,77573759,100,34.9317,35.9443,1.0126
600M,chip_246_583_merged.tif,0.6,0,1055379850,154,34.524,35.4636,0.9395
600M,chip_246_583_merged.tif,0.6,1,575434332,154,34.9835,35.5644,0.5809
600M,chip_246_583_merged.tif,0.6,2,194827701,154,34.2398,35.6841,1.4443
600M,chip_246_583_merged.tif,0.6,3,1961704718,154,34.3078,35.3778,1.0701
600M,chip_246_583_merged.tif,0.6,4,1481759200,154,35.0799,35.4715,0.3916
600M,chip_246_583_merged.tif,0.8,0,572787654,208,33.9738,34.559,0.5852
600M,chip_246_583_merged.tif,0.8,1,192181023,208,33.116,34.7743,1.6582
600M,chip_246_583_merged.tif,0.8,2,1859719153,208,33.1158,34.7606,1.6448
600M,chip_246_583_merged.tif,0.8,3,1479112522,208,33.1162,34.4784,1.3622
600M,chip_246_583_merged.tif,0.8,4,999167004,208,33.9774,34.5201,0.5426
600M,chip_246_592_merged.tif,0.2,0,2068306451,50,34.5359,35.9599,1.4239
600M,chip_246_592_merged.tif,0.2,1,1588360933,50,33.8391,36.5463,2.7072
600M,chip_246_592_merged.tif,0.2,2,1207754302,50,33.8643,37.9378,4.0735
600M,chip_246_592_merged.tif,0.2,3,827147671,50,35.338,36.442,1.104
600M,chip_246_592_merged.tif,0.2,4,347202153,50,35.1421,36.5825,1.4404
600M,chip_246_592_merged.tif,0.4,0,1003031381,100,35.6998,36.8495,1.1497
600M,chip_246_592_merged.tif,0.4,1,622424750,100,35.6632,35.7337,0.0705
600M,chip_246_592_merged.tif,0.4,2,241818119,100,34.748,35.831,1.083
600M,chip_246_592_merged.tif,0.4,3,1909356249,100,34.8631,35.1698,0.3067
600M,chip_246_592_merged.tif,0.4,4,1528749618,100,34.4241,33.9612,-0.4629
600M,chip_246_592_merged.tif,0.6,0,1164392911,154,34.3469,35.1805,0.8336
600M,chip_246_592_merged.tif,0.6,1,684447393,154,34.1672,34.7186,0.5513
600M,chip_246_592_merged.tif,0.6,2,303840762,154,34.4273,35.4622,1.0349
600M,chip_246_592_merged.tif,0.6,3,1971378892,154,33.8143,34.8741,1.0598
600M,chip_246_592_merged.tif,0.6,4,1590772261,154,33.6337,34.7192,1.0855
600M,chip_246_592_merged.tif,0.8,0,681800715,208,33.745,34.288,0.5431
600M,chip_246_592_merged.tif,0.8,1,201855197,208,33.1006,34.6807,1.5801
600M,chip_246_592_merged.tif,0.8,2,1968732214,208,33.1005,33.281,0.1805
600M,chip_246_592_merged.tif,0.8,3,1588125583,208,33.7454,33.4874,-0.2579
600M,chip_246_592_merged.tif,0.8,4,1108180065,208,33.745,34.3553,0.6103
600M,chip_248_445_merged.tif,0.2,0,410557113,50,32.8454,34.182,1.3365
600M,chip_248_445_merged.tif,0.2,1,2078095243,50,32.0052,35.3454,3.3402
600M,chip_248_445_merged.tif,0.2,2,1697488612,50,31.003,34.5934,3.5904
600M,chip_248_445_merged.tif,0.2,3,1316881981,50,31.4845,35.4793,3.9948
600M,chip_248_445_merged.tif,0.2,4,836936463,50,29.6039,35.1706,5.5667
600M,chip_248_445_merged.tif,0.4,0,249941780,100,30.9699,34.1913,3.2214
600M,chip_248_445_merged.tif,0.4,1,1917479910,100,30.5592,34.7859,4.2267
600M,chip_248_445_merged.tif,0.4,2,1536873279,100,30.5201,34.6035,4.0834
600M,chip_248_445_merged.tif,0.4,3,1056927761,100,31.1251,33.953,2.8279
600M,chip_248_445_merged.tif,0.4,4,676321130,100,31.5298,34.7086,3.1788
600M,chip_248_445_merged.tif,0.6,0,1654127221,154,31.3644,33.6278,2.2634
600M,chip_248_445_merged.tif,0.6,1,1174181703,154,31.8896,33.6646,1.775
600M,chip_248_445_merged.tif,0.6,2,793575072,154,30.4271,34.1074,3.6804
600M,chip_248_445_merged.tif,0.6,3,313629554,154,31.3653,34.0786,2.7133
600M,chip_248_445_merged.tif,0.6,4,2080506571,154,30.5328,33.6502,3.1174
600M,chip_248_445_merged.tif,0.8,0,1171535025,208,30.5116,32.9373,2.4257
600M,chip_248_445_merged.tif,0.8,1,691589507,208,30.5115,33.026,2.5145
600M,chip_248_445_merged.tif,0.8,2,310982876,208,29.7102,32.8814,3.1712
600M,chip_248_445_merged.tif,0.8,3,2077859893,208,30.7907,32.8906,2.0998
600M,chip_248_445_merged.tif,0.8,4,1597914375,208,30.2895,31.7636,1.4741
600M,chip_248_585_merged.tif,0.2,0,123191435,50,32.2023,35.5047,3.3025
600M,chip_248_585_merged.tif,0.2,1,1890068452,50,30.8605,35.2781,4.4176
600M,chip_248_585_merged.tif,0.2,2,1410122934,50,31.6593,35.4676,3.8083
600M,chip_248_585_merged.tif,0.2,3,1029516303,50,31.4,35.6474,4.2474
600M,chip_248_585_merged.tif,0.2,4,549570785,50,32.2514,35.6631,3.4116
600M,chip_248_585_merged.tif,0.4,0,1304738900,100,30.8794,34.7215,3.8422
600M,chip_248_585_merged.tif,0.4,1,824793382,100,31.5981,34.516,2.9179
600M,chip_248_585_merged.tif,0.4,2,444186751,100,32.8837,34.9977,2.114
600M,chip_248_585_merged.tif,0.4,3,2111724881,100,31.1271,34.8556,3.7285
600M,chip_248_585_merged.tif,0.4,4,1731118250,100,30.8789,34.7571,3.8782
600M,chip_248_585_merged.tif,0.6,0,1366761543,154,32.3533,34.5131,2.1598
600M,chip_248_585_merged.tif,0.6,1,886816025,154,32.1053,34.3026,2.1973
600M,chip_248_585_merged.tif,0.6,2,506209394,154,30.1143,33.2038,3.0895
600M,chip_248_585_merged.tif,0.6,3,125602763,154,31.4342,33.124,1.6898
600M,chip_248_585_merged.tif,0.6,4,1793140893,154,31.725,33.177,1.4519
600M,chip_248_585_merged.tif,0.8,0,884169347,208,30.3784,31.7239,1.3455
600M,chip_248_585_merged.tif,0.8,1,503562716,208,30.8661,32.3585,1.4924
600M,chip_248_585_merged.tif,0.8,2,23617198,208,30.717,32.4409,1.7239
600M,chip_248_585_merged.tif,0.8,3,1790494215,208,30.3504,33.1122,2.7618
600M,chip_248_585_merged.tif,0.8,4,1310548697,208,30.8656,32.1523,1.2867
600M,chip_248_589_merged.tif,0.2,0,1493907700,50,31.7857,34.493,2.7073
600M,chip_248_589_merged.tif,0.2,1,1113301069,50,31.3361,34.4708,3.1347
600M,chip_248_589_merged.tif,0.2,2,633355551,50,32.114,34.6136,2.4997
600M,chip_248_589_merged.tif,0.2,3,252748920,50,31.151,34.9684,3.8174
600M,chip_248_589_merged.tif,0.2,4,1920287050,50,31.2182,34.8647,3.6465
600M,chip_248_589_merged.tif,0.4,0,1333292367,100,31.1483,34.4229,3.2747
600M,chip_248_589_merged.tif,0.4,1,853346849,100,31.2423,33.5592,2.3169
600M,chip_248_589_merged.tif,0.4,2,472740218,100,31.2382,33.9607,2.7224
600M,chip_248_589_merged.tif,0.4,3,2140278348,100,31.4649,33.7471,2.2822
600M,chip_248_589_merged.tif,0.4,4,1759671717,100,30.7329,34.3348,3.6019
600M,chip_248_589_merged.tif,0.6,0,589994160,154,31.1561,33.0468,1.8908
600M,chip_248_589_merged.tif,0.6,1,110048642,154,30.9214,33.1489,2.2275
600M,chip_248_589_merged.tif,0.6,2,1876925659,154,30.6562,33.4803,2.8241
600M,chip_248_589_merged.tif,0.6,3,1396980141,154,30.0151,32.6267,2.6117
600M,chip_248_589_merged.tif,0.6,4,1016373510,154,29.5445,33.2559,3.7114
600M,chip_248_589_merged.tif,0.8,0,107401964,208,30.1614,31.9079,1.7465
600M,chip_248_589_merged.tif,0.8,1,1874278981,208,28.8264,32.3844,3.5581
600M,chip_248_589_merged.tif,0.8,2,1394333463,208,30.5919,31.9038,1.3119
600M,chip_248_589_merged.tif,0.8,3,1013726832,208,30.2294,31.6316,1.4022
600M,chip_248_589_merged.tif,0.8,4,533781314,208,30.5917,32.0645,1.4728
600M,chip_249_270_merged.tif,0.2,0,1074583304,50,36.6661,37.2738,0.6077
600M,chip_249_270_merged.tif,0.2,1,594637786,50,31.9449,38.1593,6.2144
600M,chip_249_270_merged.tif,0.2,2,214031155,50,32.3907,40.0153,7.6246
600M,chip_249_270_merged.tif,0.2,3,1980908172,50,31.1237,38.1709,7.0472
600M,chip_249_270_merged.tif,0.2,4,1500962654,50,36.5694,38.5774,2.008
600M,chip_249_270_merged.tif,0.4,0,913967971,100,30.7149,38.0717,7.3568
600M,chip_249_270_merged.tif,0.4,1,434022453,100,32.2106,37.8447,5.634
600M,chip_249_270_merged.tif,0.4,2,53415822,100,32.0718,36.66,4.5883
600M,chip_249_270_merged.tif,0.4,3,1720953952,100,32.2108,36.0092,3.7984
600M,chip_249_270_merged.tif,0.4,4,1340347321,100,31.0824,38.6094,7.5269
600M,chip_249_270_merged.tif,0.6,0,170669764,154,31.0016,36.5037,5.5021
600M,chip_249_270_merged.tif,0.6,1,1838207894,154,29.1191,36.2505,7.1314
600M,chip_249_270_merged.tif,0.6,2,1457601263,154,30.5525,35.4074,4.8549
600M,chip_249_270_merged.tif,0.6,3,977655745,154,29.3908,35.4148,6.0241
600M,chip_249_270_merged.tif,0.6,4,597049114,154,32.0065,35.7965,3.7899
600M,chip_249_270_merged.tif,0.8,0,1835561216,208,29.2955,33.7823,4.4868
600M,chip_249_270_merged.tif,0.8,1,1355615698,208,29.9783,32.7298,2.7515
600M,chip_249_270_merged.tif,0.8,2,975009067,208,29.9789,33.1141,3.1351
600M,chip_249_270_merged.tif,0.8,3,594402436,208,29.3047,32.6554,3.3508
600M,chip_249_270_merged.tif,0.8,4,114456918,208,29.3052,31.6539,2.3487
600M,chip_250_270_merged.tif,0.2,0,1664507980,50,31.3991,40.4062,9.0071
600M,chip_250_270_merged.tif,0.2,1,1283901349,50,30.457,39.6023,9.1454
600M,chip_250_270_merged.tif,0.2,2,803955831,50,35.335,38.486,3.1511
600M,chip_250_270_merged.tif,0.2,3,423349200,50,37.794,39.2093,1.4153
600M,chip_250_270_merged.tif,0.2,4,2090887330,50,35.6232,40.31,4.6868
600M,chip_250_270_merged.tif,0.4,0,1503892647,100,32.3463,36.8814,4.5351
600M,chip_250_270_merged.tif,0.4,1,1023947129,100,30.6745,38.1294,7.4548
600M,chip_250_270_merged.tif,0.4,2,643340498,100,32.0145,39.2339,7.2193
600M,chip_250_270_merged.tif,0.4,3,262733867,100,29.5932,39.4491,9.8558
600M,chip_250_270_merged.tif,0.4,4,1930271997,100,34.0709,39.6132,5.5423
600M,chip_250_270_merged.tif,0.6,0,760594440,154,33.9407,36.3958,2.4551
600M,chip_250_270_merged.tif,0.6,1,379987809,154,29.6436,38.3228,8.6791
600M,chip_250_270_merged.tif,0.6,2,2047525939,154,30.1965,35.1259,4.9294
600M,chip_250_270_merged.tif,0.6,3,1666919308,154,33.9224,36.0616,2.1392
600M,chip_250_270_merged.tif,0.6,4,1186973790,154,28.5572,36.4,7.8428
600M,chip_250_270_merged.tif,0.8,0,278002244,208,30.8291,34.6299,3.8008
600M,chip_250_270_merged.tif,0.8,1,2044879261,208,30.4496,34.5747,4.1251
600M,chip_250_270_merged.tif,0.8,2,1564933743,208,28.4602,34.173,5.7127
600M,chip_250_270_merged.tif,0.8,3,1184327112,208,30.8287,32.8765,2.0478
600M,chip_250_270_merged.tif,0.8,4,704381594,208,30.4502,32.3416,1.8915
600M,chip_250_446_merged.tif,0.2,0,135984850,50,32.0132,36.113,4.0998
600M,chip_250_446_merged.tif,0.2,1,1803522980,50,32.3097,35.9786,3.6689
600M,chip_250_446_merged.tif,0.2,2,1422916349,50,33.1763,36.7721,3.5958
600M,chip_250_446_merged.tif,0.2,3,942970831,50,30.836,35.7418,4.9058
600M,chip_250_446_merged.tif,0.2,4,562364200,50,33.047,34.9795,1.9324
600M,chip_250_446_merged.tif,0.4,0,2023514278,100,31.3778,35.2057,3.8279
600M,chip_250_446_merged.tif,0.4,1,1642907647,100,32.2902,34.8256,2.5354
600M,chip_250_446_merged.tif,0.4,2,1162962129,100,30.3558,34.421,4.0652
600M,chip_250_446_merged.tif,0.4,3,782355498,100,31.3111,35.4834,4.1724
600M,chip_250_446_merged.tif,0.4,4,401748867,100,30.9354,35.6351,4.6996
600M,chip_250_446_merged.tif,0.6,0,1280216071,154,30.7852,34.4384,3.6532
600M,chip_250_446_merged.tif,0.6,1,899609440,154,31.284,34.7846,3.5005
600M,chip_250_446_merged.tif,0.6,2,519002809,154,31.1695,34.2629,3.0935
600M,chip_250_446_merged.tif,0.6,3,39057291,154,30.5742,34.3293,3.7551
600M,chip_250_446_merged.tif,0.6,4,1805934308,154,31.2126,34.3823,3.1697
600M,chip_250_446_merged.tif,0.8,0,896962762,208,30.8994,32.408,1.5086
600M,chip_250_446_merged.tif,0.8,1,417017244,208,30.572,33.1239,2.5519
600M,chip_250_446_merged.tif,0.8,2,36410613,208,30.5714,33.1997,2.6283
600M,chip_250_446_merged.tif,0.8,3,1703948743,208,29.6888,32.9651,3.2763
600M,chip_250_446_merged.tif,0.8,4,1323342112,208,30.8998,32.8944,1.9946
600M,chip_250_585_merged.tif,0.2,0,187378309,50,35.7111,37.7237,2.0126
600M,chip_250_585_merged.tif,0.2,1,1854916439,50,35.6388,38.0091,2.3703
600M,chip_250_585_merged.tif,0.2,2,1474309808,50,34.5791,38.9529,4.3738
600M,chip_250_585_merged.tif,0.2,3,994364290,50,34.5777,38.8871,4.3095
600M,chip_250_585_merged.tif,0.2,4,613757659,50,36.41,38.984,2.5741
600M,chip_250_585_merged.tif,0.4,0,2074907737,100,35.82,37.8719,2.0519
600M,chip_250_585_merged.tif,0.4,1,1694301106,100,35.0664,36.6159,1.5495
600M,chip_250_585_merged.tif,0.4,2,1214355588,100,35.8205,37.387,1.5665
600M,chip_250_585_merged.tif,0.4,3,833748957,100,34.2249,36.7868,2.5619
600M,chip_250_585_merged.tif,0.4,4,453142326,100,35.6673,37.5231,1.8558
600M,chip_250_585_merged.tif,0.6,0,1331609530,154,35.2245,37.0778,1.8533
600M,chip_250_585_merged.tif,0.6,1,951002899,154,35.2244,37.3403,2.1158
600M,chip_250_585_merged.tif,0.6,2,570396268,154,35.138,37.8032,2.6652
600M,chip_250_585_merged.tif,0.6,3,90450750,154,34.4791,36.3795,1.9004
600M,chip_250_585_merged.tif,0.6,4,1857327767,154,35.0321,37.2081,2.176
600M,chip_250_585_merged.tif,0.8,0,948356221,208,33.1879,35.4821,2.2942
600M,chip_250_585_merged.tif,0.8,1,468410703,208,34.1133,34.7497,0.6364
600M,chip_250_585_merged.tif,0.8,2,87804072,208,34.1131,35.5626,1.4495
600M,chip_250_585_merged.tif,0.8,3,1755342202,208,34.1129,35.2773,1.1644
600M,chip_250_585_merged.tif,0.8,4,1374735571,208,33.1873,36.0343,2.847
600M,chip_250_589_merged.tif,0.2,0,1664512357,50,34.8649,39.6582,4.7933
600M,chip_250_589_merged.tif,0.2,1,1283905726,50,35.7319,39.7355,4.0037
600M,chip_250_589_merged.tif,0.2,2,803960208,50,36.1311,39.0483,2.9172
600M,chip_250_589_merged.tif,0.2,3,423353577,50,35.7089,39.9016,4.1928
600M,chip_250_589_merged.tif,0.2,4,2090891707,50,36.5987,38.7984,2.1997
600M,chip_250_589_merged.tif,0.4,0,1503897024,100,34.5896,39.0697,4.4801
600M,chip_250_589_merged.tif,0.4,1,1023951506,100,36.3883,39.3575,2.9692
600M,chip_250_589_merged.tif,0.4,2,643344875,100,34.7608,38.6328,3.872
600M,chip_250_589_merged.tif,0.4,3,262738244,100,33.4973,38.8703,5.373
600M,chip_250_589_merged.tif,0.4,4,1930276374,100,36.6458,38.8201,2.1743
600M,chip_250_589_merged.tif,0.6,0,760598817,154,34.91,38.4815,3.5715
600M,chip_250_589_merged.tif,0.6,1,280653299,154,35.7584,39.2443,3.4859
600M,chip_250_589_merged.tif,0.6,2,2047530316,154,35.3198,38.4523,3.1325
600M,chip_250_589_merged.tif,0.6,3,1666923685,154,34.9286,38.1083,3.1797
600M,chip_250_589_merged.tif,0.6,4,1186978167,154,35.2921,39.5466,4.2545
600M,chip_250_589_merged.tif,0.8,0,278006621,208,33.0151,36.572,3.5569
600M,chip_250_589_merged.tif,0.8,1,2044883638,208,33.9291,37.2791,3.3501
600M,chip_250_589_merged.tif,0.8,2,1564938120,208,33.7459,38.067,4.321
600M,chip_250_589_merged.tif,0.8,3,1184331489,208,33.7462,37.2874,3.5412
600M,chip_250_589_merged.tif,0.8,4,704385971,208,33.9281,37.204,3.2759
600M,chip_251_259_merged.tif,0.2,0,804999919,50,40.1337,41.2585,1.1248
600M,chip_251_259_merged.tif,0.2,1,325054401,50,40.5753,41.762,1.1866
600M,chip_251_259_merged.tif,0.2,2,2091931418,50,40.3934,40.0478,-0.3456
600M,chip_251_259_merged.tif,0.2,3,1611985900,50,38.1761,42.0404,3.8643
600M,chip_251_259_merged.tif,0.2,4,1231379269,50,36.9897,41.5899,4.6003
600M,chip_251_259_merged.tif,0.4,0,545045699,100,35.1302,40.5101,5.3799
600M,chip_251_259_merged.tif,0.4,1,164439068,100,37.3812,39.6187,2.2375
600M,chip_251_259_merged.tif,0.4,2,1931316085,100,35.1956,41.4112,6.2156
600M,chip_251_259_merged.tif,0.4,3,1451370567,100,33.5106,40.6808,7.1702
600M,chip_251_259_merged.tif,0.4,4,1070763936,100,37.1539,41.0307,3.8769
600M,chip_251_259_merged.tif,0.6,0,1949231140,154,34.6823,39.9226,5.2403
600M,chip_251_259_merged.tif,0.6,1,1568624509,154,34.3004,38.1074,3.807
600M,chip_251_259_merged.tif,0.6,2,1188017878,154,34.4259,38.9959,4.57
600M,chip_251_259_merged.tif,0.6,3,708072360,154,34.6275,40.9596,6.332
600M,chip_251_259_merged.tif,0.6,4,327465729,154,34.4648,40.5238,6.059
600M,chip_251_259_merged.tif,0.8,0,1565977831,208,34.8819,38.3148,3.4329
600M,chip_251_259_merged.tif,0.8,1,1086032313,208,35.1046,37.2369,2.1323
600M,chip_251_259_merged.tif,0.8,2,705425682,208,30.1988,39.3311,9.1323
600M,chip_251_259_merged.tif,0.8,3,225480164,208,35.1041,37.6566,2.5525
600M,chip_251_259_merged.tif,0.8,4,1992357181,208,34.8805,38.4655,3.585
600M,chip_251_418_merged.tif,0.2,0,1814103494,50,35.4444,40.0538,4.6094
600M,chip_251_418_merged.tif,0.2,1,1334157976,50,39.1351,39.5847,0.4495
600M,chip_251_418_merged.tif,0.2,2,953551345,50,38.6262,39.5421,0.916
600M,chip_251_418_merged.tif,0.2,3,473605827,50,36.9382,40.0358,3.0976
600M,chip_251_418_merged.tif,0.2,4,92999196,50,35.3256,40.5838,5.2582
600M,chip_251_418_merged.tif,0.4,0,748828424,100,33.1226,39.2207,6.0982
600M,chip_251_418_merged.tif,0.4,1,368221793,100,36.5717,37.1037,0.532
600M,chip_251_418_merged.tif,0.4,2,2035759923,100,35.0874,39.3409,4.2535
600M,chip_251_418_merged.tif,0.4,3,1655153292,100,36.9772,39.8778,2.9007
600M,chip_251_418_merged.tif,0.4,4,1175207774,100,36.5059,39.6363,3.1304
600M,chip_251_418_merged.tif,0.6,0,810851067,154,35.3986,37.7175,2.3189
600M,chip_251_418_merged.tif,0.6,1,430244436,154,34.1926,38.9445,4.7519
600M,chip_251_418_merged.tif,0.6,2,2097782566,154,33.104,37.4997,4.3957
600M,chip_251_418_merged.tif,0.6,3,1717175935,154,34.8639,38.6596,3.7958
600M,chip_251_418_merged.tif,0.6,4,1336569304,154,34.8636,38.3195,3.4559
600M,chip_251_418_merged.tif,0.8,0,427597758,208,33.3843,35.8171,2.4328
600M,chip_251_418_merged.tif,0.8,1,2095135888,208,33.3849,35.2367,1.8518
600M,chip_251_418_merged.tif,0.8,2,1714529257,208,33.8722,35.7737,1.9015
600M,chip_251_418_merged.tif,0.8,3,1234583739,208,33.873,35.7606,1.8875
600M,chip_251_418_merged.tif,0.8,4,853977108,208,33.3844,35.0922,1.7078
600M,chip_252_264_merged.tif,0.2,0,1983827483,50,29.552,36.0661,6.514
600M,chip_252_264_merged.tif,0.2,1,1503881965,50,30.6078,38.0603,7.4525
600M,chip_252_264_merged.tif,0.2,2,1123275334,50,29.1141,36.8818,7.7678
600M,chip_252_264_merged.tif,0.2,3,643329816,50,32.846,39.2347,6.3887
600M,chip_252_264_merged.tif,0.2,4,262723185,50,33.6484,39.6548,6.0064
600M,chip_252_264_merged.tif,0.4,0,918552413,100,30.6523,37.078,6.4257
600M,chip_252_264_merged.tif,0.4,1,537945782,100,30.9108,37.1452,6.2344
600M,chip_252_264_merged.tif,0.4,2,58000264,100,30.5444,36.922,6.3776
600M,chip_252_264_merged.tif,0.4,3,1824877281,100,30.3471,36.3575,6.0104
600M,chip_252_264_merged.tif,0.4,4,1344931763,100,30.6031,35.8407,5.2377
600M,chip_252_264_merged.tif,0.6,0,980575056,154,28.4888,34.2979,5.8091
600M,chip_252_264_merged.tif,0.6,1,599968425,154,29.8295,35.9367,6.1072
600M,chip_252_264_merged.tif,0.6,2,120022907,154,27.7645,33.6215,5.857
600M,chip_252_264_merged.tif,0.6,3,1886899924,154,28.9791,35.4607,6.4816
600M,chip_252_264_merged.tif,0.6,4,1506293293,154,29.5964,33.6374,4.041
600M,chip_252_264_merged.tif,0.8,0,597321747,208,26.3981,33.4805,7.0825
600M,chip_252_264_merged.tif,0.8,1,117376229,208,28.7753,33.2068,4.4315
600M,chip_252_264_merged.tif,0.8,2,1884253246,208,26.3983,33.5662,7.1679
600M,chip_252_264_merged.tif,0.8,3,1404307728,208,28.6317,32.1229,3.4911
600M,chip_252_264_merged.tif,0.8,4,1023701097,208,28.7756,33.3313,4.5556
600M,chip_252_279_merged.tif,0.2,0,1410852305,50,32.868,42.3124,9.4445
600M,chip_252_279_merged.tif,0.2,1,930906787,50,35.5126,43.1804,7.6677
600M,chip_252_279_merged.tif,0.2,2,550300156,50,30.7614,40.9923,10.2309
600M,chip_252_279_merged.tif,0.2,3,70354638,50,34.8246,41.541,6.7164
600M,chip_252_279_merged.tif,0.2,4,1837231655,50,42.0799,41.7371,-0.3427
600M,chip_252_279_merged.tif,0.4,0,345577235,100,29.516,41.0171,11.5012
600M,chip_252_279_merged.tif,0.4,1,2112454252,100,35.1734,38.8379,3.6645
600M,chip_252_279_merged.tif,0.4,2,1632508734,100,33.0171,40.8568,7.8397
600M,chip_252_279_merged.tif,0.4,3,1251902103,100,31.6914,41.8958,10.2044
600M,chip_252_279_merged.tif,0.4,4,771956585,100,32.8076,41.7936,8.986
600M,chip_252_279_merged.tif,0.6,0,407599878,154,30.4228,38.4713,8.0485
600M,chip_252_279_merged.tif,0.6,1,26993247,154,32.2498,39.6527,7.4029
600M,chip_252_279_merged.tif,0.6,2,1793870264,154,30.9454,40.3128,9.3674
600M,chip_252_279_merged.tif,0.6,3,1313924746,154,31.119,40.1488,9.0298
600M,chip_252_279_merged.tif,0.6,4,933318115,154,30.4214,40.4983,10.0769
600M,chip_252_279_merged.tif,0.8,0,24346569,208,27.0801,36.9095,9.8294
600M,chip_252_279_merged.tif,0.8,1,1691884699,208,27.0801,36.1815,9.1014
600M,chip_252_279_merged.tif,0.8,2,1311278068,208,31.7283,36.5668,4.8385
600M,chip_252_279_merged.tif,0.8,3,831332550,208,32.0288,37.9984,5.9696
600M,chip_252_279_merged.tif,0.8,4,450725919,208,31.73,38.5992,6.8692
600M,chip_252_446_merged.tif,0.2,0,1726860535,50,32.3471,34.4652,2.1181
600M,chip_252_446_merged.tif,0.2,1,1246915017,50,33.2641,35.1618,1.8977
600M,chip_252_446_merged.tif,0.2,2,866308386,50,33.4197,35.5292,2.1094
600M,chip_252_446_merged.tif,0.2,3,386362868,50,31.4597,35.8817,4.422
600M,chip_252_446_merged.tif,0.2,4,5756237,50,32.129,36.0688,3.9397
600M,chip_252_446_merged.tif,0.4,0,1466906315,100,32.2649,34.7997,2.5348
600M,chip_252_446_merged.tif,0.4,1,1086299684,100,32.2794,34.9499,2.6706
600M,chip_252_446_merged.tif,0.4,2,705693053,100,31.6333,35.7457,4.1124
600M,chip_252_446_merged.tif,0.4,3,225747535,100,32.1403,35.4869,3.3465
600M,chip_252_446_merged.tif,0.4,4,1992624552,100,32.1877,34.4194,2.2316
600M,chip_252_446_merged.tif,0.6,0,822946995,154,32.9201,34.823,1.9029
600M,chip_252_446_merged.tif,0.6,1,343001477,154,32.9206,35.0792,2.1586
600M,chip_252_446_merged.tif,0.6,2,2109878494,154,32.2155,35.2179,3.0024
600M,chip_252_446_merged.tif,0.6,3,1629932976,154,32.1464,34.3961,2.2497
600M,chip_252_446_merged.tif,0.6,4,1249326345,154,31.4362,34.8925,3.4564
600M,chip_252_446_merged.tif,0.8,0,340354799,208,29.727,33.1233,3.3962
600M,chip_252_446_merged.tif,0.8,1,2007892929,208,29.7268,33.0262,3.2994
600M,chip_252_446_merged.tif,0.8,2,1627286298,208,31.925,33.692,1.767
600M,chip_252_446_merged.tif,0.8,3,1147340780,208,31.9247,33.4342,1.5095
600M,chip_252_446_merged.tif,0.8,4,766734149,208,31.9297,33.1618,1.232
600M,chip_253_260_merged.tif,0.2,0,170965088,50,36.4107,41.0698,4.6591
600M,chip_253_260_merged.tif,0.2,1,1838503218,50,36.1362,40.7529,4.6167
600M,chip_253_260_merged.tif,0.2,2,1457896587,50,34.1243,42.7906,8.6663
600M,chip_253_260_merged.tif,0.2,3,977951069,50,41.4128,41.2278,-0.185
600M,chip_253_260_merged.tif,0.2,4,597344438,50,42.2918,41.4402,-0.8516
600M,chip_253_260_merged.tif,0.4,0,2058494516,100,36.8036,41.7615,4.9579
600M,chip_253_260_merged.tif,0.4,1,1677887885,100,38.7311,41.2469,2.5157
600M,chip_253_260_merged.tif,0.4,2,1297281254,100,35.6657,40.2647,4.599
600M,chip_253_260_merged.tif,0.4,3,817335736,100,42.4559,40.0171,-2.4387
600M,chip_253_260_merged.tif,0.4,4,436729105,100,36.4693,41.1997,4.7305
600M,chip_253_260_merged.tif,0.6,0,1414535196,154,37.8101,38.7403,0.9302
600M,chip_253_260_merged.tif,0.6,1,934589678,154,37.3997,41.1974,3.7978
600M,chip_253_260_merged.tif,0.6,2,553983047,154,35.592,38.2036,2.6116
600M,chip_253_260_merged.tif,0.6,3,74037529,154,38.1747,39.9807,1.806
600M,chip_253_260_merged.tif,0.6,4,1840914546,154,38.2506,38.63,0.3794
600M,chip_253_260_merged.tif,0.8,0,931943000,208,33.8396,37.1212,3.2816
600M,chip_253_260_merged.tif,0.8,1,451997482,208,33.8398,36.8847,3.0449
600M,chip_253_260_merged.tif,0.8,2,71390851,208,34.5147,35.3499,0.8352
600M,chip_253_260_merged.tif,0.8,3,1738928981,208,31.0938,39.0389,7.9451
600M,chip_253_260_merged.tif,0.8,4,1358322350,208,33.8392,38.0226,4.1834
600M,chip_253_263_merged.tif,0.2,0,1101312525,50,28.2892,36.484,8.1948
600M,chip_253_263_merged.tif,0.2,1,621367007,50,29.214,36.6877,7.4737
600M,chip_253_263_merged.tif,0.2,2,240760376,50,26.9706,37.4871,10.5164
600M,chip_253_263_merged.tif,0.2,3,1908298506,50,27.3943,38.1287,10.7344
600M,chip_253_263_merged.tif,0.2,4,1527691875,50,26.2225,36.9285,10.706
600M,chip_253_263_merged.tif,0.4,0,36037455,100,27.6612,34.8028,7.1416
600M,chip_253_263_merged.tif,0.4,1,1802914472,100,28.5587,37.1341,8.5753
600M,chip_253_263_merged.tif,0.4,2,1322968954,100,25.6995,36.7593,11.0598
600M,chip_253_263_merged.tif,0.4,3,942362323,100,26.728,35.4117,8.6837
600M,chip_253_263_merged.tif,0.4,4,561755692,100,27.5624,36.967,9.4046
600M,chip_253_263_merged.tif,0.6,0,197398985,154,24.0724,32.8298,8.7574
600M,chip_253_263_merged.tif,0.6,1,1864937115,154,26.7957,33.5065,6.7108
600M,chip_253_263_merged.tif,0.6,2,1484330484,154,27.1898,29.2623,2.0725
600M,chip_253_263_merged.tif,0.6,3,1004384966,154,26.2211,35.2578,9.0366
600M,chip_253_263_merged.tif,0.6,4,623778335,154,24.0727,35.4961,11.4234
600M,chip_253_263_merged.tif,0.8,0,1009351574,208,26.0929,31.7665,5.6736
600M,chip_253_263_merged.tif,0.8,1,628744943,208,23.822,30.0886,6.2666
600M,chip_253_263_merged.tif,0.8,2,148799425,208,26.0929,29.5114,3.4185
600M,chip_253_263_merged.tif,0.8,3,1915676442,208,27.3113,31.6266,4.3153
600M,chip_253_263_merged.tif,0.8,4,1435730924,208,27.3123,30.7264,3.4141
600M,chip_253_587_merged.tif,0.2,0,1323013606,50,34.9428,37.7102,2.7673
600M,chip_253_587_merged.tif,0.2,1,942406975,50,33.9475,37.5183,3.5708
600M,chip_253_587_merged.tif,0.2,2,462461457,50,33.2168,38.2499,5.0331
600M,chip_253_587_merged.tif,0.2,3,81854826,50,34.1946,37.7578,3.5632
600M,chip_253_587_merged.tif,0.2,4,1749392956,50,34.0638,36.8702,2.8065
600M,chip_253_587_merged.tif,0.4,0,1162398273,100,33.9026,37.1738,3.2712
600M,chip_253_587_merged.tif,0.4,1,682452755,100,33.3597,36.6489,3.2892
600M,chip_253_587_merged.tif,0.4,2,301846124,100,33.716,36.6955,2.9795
600M,chip_253_587_merged.tif,0.4,3,2068723141,100,32.8431,37.2786,4.4354
600M,chip_253_587_merged.tif,0.4,4,1588777623,100,34.2021,37.7101,3.5081
600M,chip_253_587_merged.tif,0.6,0,419100066,154,33.4457,36.1914,2.7457
600M,chip_253_587_merged.tif,0.6,1,38493435,154,32.7862,36.6253,3.839
600M,chip_253_587_merged.tif,0.6,2,1706031565,154,32.8027,36.2149,3.4122
600M,chip_253_587_merged.tif,0.6,3,1325424934,154,32.7858,35.5896,2.8037
600M,chip_253_587_merged.tif,0.6,4,845479416,154,33.7576,36.6461,2.8884
600M,chip_253_587_merged.tif,0.8,0,2083991518,208,32.7594,35.3758,2.6164
600M,chip_253_587_merged.tif,0.8,1,1703384887,208,33.7416,35.4646,1.7229
600M,chip_253_587_merged.tif,0.8,2,1223439369,208,34.1759,34.7672,0.5912
600M,chip_253_587_merged.tif,0.8,3,842832738,208,32.7351,35.199,2.4639
600M,chip_253_587_merged.tif,0.8,4,362887220,208,33.7416,34.9038,1.1622
600M,chip_253_595_merged.tif,0.2,0,1608701221,50,34.7214,37.2405,2.5191
600M,chip_253_595_merged.tif,0.2,1,1128755703,50,33.3153,38.159,4.8437
600M,chip_253_595_merged.tif,0.2,2,748149072,50,34.5108,37.3989,2.8881
600M,chip_253_595_merged.tif,0.2,3,367542441,50,36.3339,36.126,-0.2079
600M,chip_253_595_merged.tif,0.2,4,2035080571,50,34.94,37.3137,2.3737
600M,chip_253_595_merged.tif,0.4,0,1448085888,100,33.4323,36.8918,3.4595
600M,chip_253_595_merged.tif,0.4,1,968140370,100,34.4845,37.0928,2.6083
600M,chip_253_595_merged.tif,0.4,2,587533739,100,33.792,37.4867,3.6947
600M,chip_253_595_merged.tif,0.4,3,107588221,100,34.0964,37.2817,3.1853
600M,chip_253_595_merged.tif,0.4,4,1874465238,100,34.93,37.0174,2.0874
600M,chip_253_595_merged.tif,0.6,0,704787681,154,33.9275,35.4063,1.4788
600M,chip_253_595_merged.tif,0.6,1,224842163,154,34.025,35.76,1.735
600M,chip_253_595_merged.tif,0.6,2,1991719180,154,33.3853,35.5566,2.1712
600M,chip_253_595_merged.tif,0.6,3,1511773662,154,33.9004,36.0947,2.1943
600M,chip_253_595_merged.tif,0.6,4,1131167031,154,33.9011,35.252,1.351
600M,chip_253_595_merged.tif,0.8,0,222195485,208,32.7246,35.2755,2.5509
600M,chip_253_595_merged.tif,0.8,1,1889733615,208,33.9287,34.6473,0.7186
600M,chip_253_595_merged.tif,0.8,2,1509126984,208,32.7239,35.3816,2.6577
600M,chip_253_595_merged.tif,0.8,3,1128520353,208,33.3008,34.8375,1.5367
600M,chip_253_595_merged.tif,0.8,4,648574835,208,32.7241,34.4847,1.7606
600M,chip_254_443_merged.tif,0.2,0,1039545000,50,30.9494,34.9406,3.9913
600M,chip_254_443_merged.tif,0.2,1,559599482,50,32.4807,35.0936,2.6129
600M,chip_254_443_merged.tif,0.2,2,178992851,50,28.2975,35.4271,7.1296
600M,chip_254_443_merged.tif,0.2,3,1846530981,50,29.0283,34.0449,5.0167
600M,chip_254_443_merged.tif,0.2,4,1465924350,50,32.4804,35.3407,2.8604
600M,chip_254_443_merged.tif,0.4,0,2121753578,100,31.5468,33.964,2.4172
600M,chip_254_443_merged.tif,0.4,1,1741146947,100,31.0132,34.4093,3.3961
600M,chip_254_443_merged.tif,0.4,2,1261201429,100,31.9095,34.2523,2.3428
600M,chip_254_443_merged.tif,0.4,3,880594798,100,31.6553,34.3083,2.653
600M,chip_254_443_merged.tif,0.4,4,400649280,100,32.8592,34.2103,1.3512
600M,chip_254_443_merged.tif,0.6,0,36292573,154,30.8892,33.7161,2.8269
600M,chip_254_443_merged.tif,0.6,1,1803169590,154,31.5145,33.0479,1.5334
600M,chip_254_443_merged.tif,0.6,2,1422562959,154,30.8881,33.7053,2.8172
600M,chip_254_443_merged.tif,0.6,3,942617441,154,28.8626,33.7575,4.8949
600M,chip_254_443_merged.tif,0.6,4,562010810,154,30.5808,32.9225,2.3417
600M,chip_254_443_merged.tif,0.8,0,1800522912,208,29.3922,31.6801,2.2879
600M,chip_254_443_merged.tif,0.8,1,1320577394,208,28.3872,32.2524,3.8652
600M,chip_254_443_merged.tif,0.8,2,939970763,208,29.4651,32.5835,3.1184
600M,chip_254_443_merged.tif,0.8,3,460025245,208,28.387,31.6066,3.2197
600M,chip_254_443_merged.tif,0.8,4,79418614,208,28.3873,31.2808,2.8935
600M,chip_257_265_merged.tif,0.2,0,197702731,50,33.7636,39.0849,5.3212
600M,chip_257_265_merged.tif,0.2,1,1865240861,50,34.9325,37.5936,2.6611
600M,chip_257_265_merged.tif,0.2,2,1484634230,50,30.735,37.1352,6.4002
600M,chip_257_265_merged.tif,0.2,3,1004688712,50,34.5084,38.2831,3.7747
600M,chip_257_265_merged.tif,0.2,4,624082081,50,32.9177,38.2744,5.3567
600M,chip_257_265_merged.tif,0.4,0,1279911309,100,31.4529,37.6723,6.2194
600M,chip_257_265_merged.tif,0.4,1,899304678,100,31.5904,38.0201,6.4297
600M,chip_257_265_merged.tif,0.4,2,419359160,100,30.9574,39.3722,8.4148
600M,chip_257_265_merged.tif,0.4,3,38752529,100,32.7579,36.712,3.9541
600M,chip_257_265_merged.tif,0.4,4,1805629546,100,32.52,37.812,5.2921
600M,chip_257_265_merged.tif,0.6,0,1341933952,154,31.3443,36.3779,5.0337
600M,chip_257_265_merged.tif,0.6,1,961327321,154,30.6172,36.0556,5.4384
600M,chip_257_265_merged.tif,0.6,2,580720690,154,31.438,36.2139,4.7759
600M,chip_257_265_merged.tif,0.6,3,100775172,154,30.3781,36.9376,6.5596
600M,chip_257_265_merged.tif,0.6,4,1867652189,154,30.3772,36.0099,5.6327
600M,chip_257_265_merged.tif,0.8,0,958680643,208,28.9188,32.8938,3.975
600M,chip_257_265_merged.tif,0.8,1,478735125,208,29.6318,31.6751,2.0433
600M,chip_257_265_merged.tif,0.8,2,98128494,208,30.4208,34.0734,3.6526
600M,chip_257_265_merged.tif,0.8,3,1765666624,208,28.9195,31.7364,2.8169
600M,chip_257_265_merged.tif,0.8,4,1385059993,208,29.5463,34.7292,5.1829
600M,chip_257_268_merged.tif,0.2,0,95113965,50,32.5898,38.7452,6.1554
600M,chip_257_268_merged.tif,0.2,1,1861990982,50,31.8626,37.4536,5.5909
600M,chip_257_268_merged.tif,0.2,2,1481384351,50,32.4002,38.9591,6.5589
600M,chip_257_268_merged.tif,0.2,3,1001438833,50,33.865,39.6459,5.7809
600M,chip_257_268_merged.tif,0.2,4,620832202,50,33.8102,38.7287,4.9185
600M,chip_257_268_merged.tif,0.4,0,1276661430,100,31.1281,37.6496,6.5215
600M,chip_257_268_merged.tif,0.4,1,896054799,100,32.0344,37.0453,5.0109
600M,chip_257_268_merged.tif,0.4,2,416109281,100,32.4726,36.6351,4.1625
600M,chip_257_268_merged.tif,0.4,3,35502650,100,30.7118,36.764,6.0522
600M,chip_257_268_merged.tif,0.4,4,1703040780,100,30.3253,36.4462,6.1209
600M,chip_257_268_merged.tif,0.6,0,1338684073,154,31.2841,36.531,5.2468
600M,chip_257_268_merged.tif,0.6,1,958077442,154,31.6632,36.7815,5.1184
600M,chip_257_268_merged.tif,0.6,2,478131924,154,31.2837,36.2126,4.9289
600M,chip_257_268_merged.tif,0.6,3,97525293,154,31.3781,36.0478,4.6697
600M,chip_257_268_merged.tif,0.6,4,1864402310,154,30.9541,36.5631,5.609
600M,chip_257_268_merged.tif,0.8,0,856091877,208,30.0935,34.5082,4.4147
600M,chip_257_268_merged.tif,0.8,1,475485246,208,31.2202,34.1855,2.9652
600M,chip_257_268_merged.tif,0.8,2,94878615,208,30.0935,33.1817,3.0882
600M,chip_257_268_merged.tif,0.8,3,1762416745,208,29.3587,33.715,4.3563
600M,chip_257_268_merged.tif,0.8,4,1381810114,208,29.3576,32.6309,3.2733
600M,chip_257_445_merged.tif,0.2,0,1168321472,50,33.4982,36.2251,2.7269
600M,chip_257_445_merged.tif,0.2,1,787714841,50,33.6619,35.0587,1.3967
600M,chip_257_445_merged.tif,0.2,2,407108210,50,33.7879,35.9433,2.1555
600M,chip_257_445_merged.tif,0.2,3,2074646340,50,32.406,34.7746,2.3686
600M,chip_257_445_merged.tif,0.2,4,1694039709,50,31.4717,35.3735,3.9018
600M,chip_257_445_merged.tif,0.4,0,1007706139,100,30.2326,34.9766,4.744
600M,chip_257_445_merged.tif,0.4,1,627099508,100,31.5055,34.7932,3.2877
600M,chip_257_445_merged.tif,0.4,2,147153990,100,30.346,34.9413,4.5953
600M,chip_257_445_merged.tif,0.4,3,1914031007,100,32.8864,35.2735,2.3871
600M,chip_257_445_merged.tif,0.4,4,1533424376,100,31.7707,34.7256,2.9549
600M,chip_257_445_merged.tif,0.6,0,264407932,154,30.9701,34.4832,3.5132
600M,chip_257_445_merged.tif,0.6,1,2031284949,154,31.4955,34.4625,2.967
600M,chip_257_445_merged.tif,0.6,2,1551339431,154,30.0946,34.0715,3.9769
600M,chip_257_445_merged.tif,0.6,3,1170732800,154,30.2506,34.3584,4.1078
600M,chip_257_445_merged.tif,0.6,4,790126169,154,30.5997,33.786,3.1863
600M,chip_257_445_merged.tif,0.8,0,1929299384,208,30.1716,32.5279,2.3564
600M,chip_257_445_merged.tif,0.8,1,1548692753,208,31.1489,32.8237,1.6748
600M,chip_257_445_merged.tif,0.8,2,1168086122,208,29.2863,32.9248,3.6386
600M,chip_257_445_merged.tif,0.8,3,688140604,208,30.1723,32.9025,2.7302
600M,chip_257_445_merged.tif,0.8,4,307533973,208,30.1707,32.8578,2.687
600M,chip_257_483_merged.tif,0.2,0,1819325368,50,31.3119,36.7695,5.4576
600M,chip_257_483_merged.tif,0.2,1,1339379850,50,32.766,36.7989,4.0329
600M,chip_257_483_merged.tif,0.2,2,958773219,50,32.9866,36.6313,3.6447
600M,chip_257_483_merged.tif,0.2,3,578166588,50,33.1197,36.6836,3.5639
600M,chip_257_483_merged.tif,0.2,4,98221070,50,33.5744,35.8707,2.2964
600M,chip_257_483_merged.tif,0.4,0,754050298,100,33.0989,35.5769,2.4781
600M,chip_257_483_merged.tif,0.4,1,373443667,100,32.2875,36.7504,4.4629
600M,chip_257_483_merged.tif,0.4,2,2140320684,100,33.354,35.9919,2.6379
600M,chip_257_483_merged.tif,0.4,3,1660375166,100,33.7887,35.7957,2.007
600M,chip_257_483_merged.tif,0.4,4,1279768535,100,33.4449,35.5574,2.1125
600M,chip_257_483_merged.tif,0.6,0,915411828,154,32.0285,34.461,2.4325
600M,chip_257_483_merged.tif,0.6,1,435466310,154,32.2627,35.2882,3.0255
600M,chip_257_483_merged.tif,0.6,2,54859679,154,31.3257,34.9307,3.605
600M,chip_257_483_merged.tif,0.6,3,1722397809,154,32.8185,35.5541,2.7356
600M,chip_257_483_merged.tif,0.6,4,1341791178,154,32.4755,34.8193,2.3438
600M,chip_257_483_merged.tif,0.8,0,432819632,208,32.1914,32.803,0.6116
600M,chip_257_483_merged.tif,0.8,1,2100357762,208,31.6971,33.6812,1.9842
600M,chip_257_483_merged.tif,0.8,2,1719751131,208,30.6401,32.9972,2.3571
600M,chip_257_483_merged.tif,0.8,3,1339144500,208,31.6964,33.997,2.3006
600M,chip_257_483_merged.tif,0.8,4,859198982,208,32.1918,33.1823,0.9905
600M,chip_260_484_merged.tif,0.2,0,2107726122,50,24.7304,31.3542,6.6237
600M,chip_260_484_merged.tif,0.2,1,1727119491,50,24.6463,33.1545,8.5082
600M,chip_260_484_merged.tif,0.2,2,1247173973,50,26.9904,32.3333,5.3429
600M,chip_260_484_merged.tif,0.2,3,866567342,50,24.9005,32.2833,7.3828
600M,chip_260_484_merged.tif,0.2,4,386621824,50,28.8603,31.989,3.1287
600M,chip_260_484_merged.tif,0.4,0,1947110789,100,23.8958,31.7357,7.84
600M,chip_260_484_merged.tif,0.4,1,1467165271,100,24.7844,31.8626,7.0783
600M,chip_260_484_merged.tif,0.4,2,1086558640,100,25.3103,31.6017,6.2914
600M,chip_260_484_merged.tif,0.4,3,705952009,100,23.8997,31.7728,7.8731
600M,chip_260_484_merged.tif,0.4,4,226006491,100,26.2187,31.1987,4.98
600M,chip_260_484_merged.tif,0.6,0,1203812582,154,25.2325,30.7535,5.521
600M,chip_260_484_merged.tif,0.6,1,723867064,154,24.9478,29.8157,4.8679
600M,chip_260_484_merged.tif,0.6,2,343260433,154,24.9361,30.1816,5.2455
600M,chip_260_484_merged.tif,0.6,3,2110137450,154,25.6063,29.7226,4.1163
600M,chip_260_484_merged.tif,0.6,4,1630191932,154,25.0059,29.988,4.9821
600M,chip_260_484_merged.tif,0.8,0,721220386,208,24.9787,28.8845,3.9059
600M,chip_260_484_merged.tif,0.8,1,340613755,208,25.3412,27.0764,1.7351
600M,chip_260_484_merged.tif,0.8,2,2008151885,208,25.3413,28.0771,2.7358
600M,chip_260_484_merged.tif,0.8,3,1627545254,208,25.3412,29.554,4.2128
600M,chip_260_484_merged.tif,0.8,4,1147599736,208,24.816,28.8763,4.0603
600M,chip_264_434_merged.tif,0.2,0,863588969,50,35.0845,35.8782,0.7937
600M,chip_264_434_merged.tif,0.2,1,482982338,50,35.1043,35.5045,0.4002
600M,chip_264_434_merged.tif,0.2,2,3036820,50,34.1335,35.8415,1.708
600M,chip_264_434_merged.tif,0.2,3,1769913837,50,34.4245,35.6375,1.213
600M,chip_264_434_merged.tif,0.2,4,1289968319,50,32.7851,35.8098,3.0247
600M,chip_264_434_merged.tif,0.4,0,702973636,100,30.4801,35.3857,4.9056
600M,chip_264_434_merged.tif,0.4,1,223028118,100,34.0594,35.6072,1.5478
600M,chip_264_434_merged.tif,0.4,2,1989905135,100,31.437,35.7538,4.3168
600M,chip_264_434_merged.tif,0.4,3,1609298504,100,31.8912,35.3117,3.4205
600M,chip_264_434_merged.tif,0.4,4,1129352986,100,33.5252,34.5909,1.0657
600M,chip_264_434_merged.tif,0.6,0,2107159077,154,31.1898,34.3189,3.1291
600M,chip_264_434_merged.tif,0.6,1,1627213559,154,32.6979,35.1711,2.4732
600M,chip_264_434_merged.tif,0.6,2,1246606928,154,32.3209,35.0273,2.7064
600M,chip_264_434_merged.tif,0.6,3,866000297,154,32.9725,34.8872,1.9147
600M,chip_264_434_merged.tif,0.6,4,386054779,154,31.822,34.6261,2.8041
600M,chip_264_434_merged.tif,0.8,0,1624566881,208,31.2282,34.6474,3.4191
600M,chip_264_434_merged.tif,0.8,1,1243960250,208,30.4589,33.6018,3.1428
600M,chip_264_434_merged.tif,0.8,2,764014732,208,31.5059,34.5338,3.0279
600M,chip_264_434_merged.tif,0.8,3,383408101,208,31.1778,34.62,3.4422
600M,chip_264_434_merged.tif,0.8,4,2050946231,208,31.1775,32.9083,1.7308
600M,chip_264_583_merged.tif,0.2,0,2088679326,50,38.6734,40.4334,1.76
600M,chip_264_583_merged.tif,0.2,1,1708072695,50,38.7733,40.0188,1.2455
600M,chip_264_583_merged.tif,0.2,2,1228127177,50,38.345,40.4882,2.1432
600M,chip_264_583_merged.tif,0.2,3,847520546,50,38.2928,40.5425,2.2497
600M,chip_264_583_merged.tif,0.2,4,367575028,50,40.2947,40.1383,-0.1565
600M,chip_264_583_merged.tif,0.4,0,1928063993,100,39.5669,40.9004,1.3335
600M,chip_264_583_merged.tif,0.4,1,1448118475,100,37.8233,41.038,3.2147
600M,chip_264_583_merged.tif,0.4,2,1067511844,100,39.722,41.0643,1.3422
600M,chip_264_583_merged.tif,0.4,3,587566326,100,40.099,41.1803,1.0813
600M,chip_264_583_merged.tif,0.4,4,206959695,100,40.0924,40.4317,0.3393
600M,chip_264_583_merged.tif,0.6,0,1184765786,154,38.9598,40.4429,1.4832
600M,chip_264_583_merged.tif,0.6,1,704820268,154,38.9601,41.1519,2.1918
600M,chip_264_583_merged.tif,0.6,2,324213637,154,39.7234,40.3142,0.5907
600M,chip_264_583_merged.tif,0.6,3,1991751767,154,38.9485,40.5958,1.6473
600M,chip_264_583_merged.tif,0.6,4,1611145136,154,38.3613,40.7017,2.3404
600M,chip_264_583_merged.tif,0.8,0,702173590,208,38.2268,39.5356,1.3088
600M,chip_264_583_merged.tif,0.8,1,321566959,208,38.227,39.8934,1.6664
600M,chip_264_583_merged.tif,0.8,2,1989105089,208,38.2259,40.1427,1.9168
600M,chip_264_583_merged.tif,0.8,3,1608498458,208,38.6119,40.4766,1.8647
600M,chip_264_583_merged.tif,0.8,4,1128552940,208,38.6102,39.9623,1.3522
600M,chip_266_434_merged.tif,0.2,0,1954276975,50,35.3048,36.8114,1.5065
600M,chip_266_434_merged.tif,0.2,1,1573670344,50,34.9213,36.3513,1.43
600M,chip_266_434_merged.tif,0.2,2,1093724826,50,32.2329,36.6535,4.4206
600M,chip_266_434_merged.tif,0.2,3,713118195,50,33.3607,36.4842,3.1236
600M,chip_266_434_merged.tif,0.2,4,332511564,50,32.1992,35.8759,3.6767
600M,chip_266_434_merged.tif,0.4,0,988340792,100,33.9953,35.4593,1.464
600M,chip_266_434_merged.tif,0.4,1,508395274,100,32.8766,36.0108,3.1342
600M,chip_266_434_merged.tif,0.4,2,127788643,100,34.0612,35.5855,1.5243
600M,chip_266_434_merged.tif,0.4,3,1795326773,100,32.9662,35.5367,2.5704
600M,chip_266_434_merged.tif,0.4,4,1414720142,100,33.668,35.8708,2.2029
600M,chip_266_434_merged.tif,0.6,0,1050363435,154,32.8836,35.523,2.6394
600M,chip_266_434_merged.tif,0.6,1,669756804,154,33.4932,34.891,1.3977
600M,chip_266_434_merged.tif,0.6,2,189811286,154,33.3881,35.3179,1.9299
600M,chip_266_434_merged.tif,0.6,3,1956688303,154,33.6274,35.3749,1.7475
600M,chip_266_434_merged.tif,0.6,4,1476742785,154,33.4934,34.701,1.2076
600M,chip_266_434_merged.tif,0.8,0,567771239,208,33.1653,34.6444,1.4791
600M,chip_266_434_merged.tif,0.8,1,187164608,208,33.1661,34.9128,1.7467
600M,chip_266_434_merged.tif,0.8,2,1854702738,208,32.9427,34.2061,1.2634
600M,chip_266_434_merged.tif,0.8,3,1474096107,208,33.1292,34.1012,0.972
600M,chip_266_434_merged.tif,0.8,4,994150589,208,32.9425,34.7008,1.7582
600M,chip_267_453_merged.tif,0.2,0,3911504,50,36.6323,38.1002,1.4679
600M,chip_267_453_merged.tif,0.2,1,1671449634,50,37.1981,34.881,-2.3171
600M,chip_267_453_merged.tif,0.2,2,1290843003,50,36.4866,36.2266,-0.26
600M,chip_267_453_merged.tif,0.2,3,810897485,50,36.9966,38.5283,1.5317
600M,chip_267_453_merged.tif,0.2,4,430290854,50,36.996,37.7486,0.7526
600M,chip_267_453_merged.tif,0.4,0,1086120082,100,34.8581,35.4975,0.6394
600M,chip_267_453_merged.tif,0.4,1,705513451,100,34.9324,36.8158,1.8835
600M,chip_267_453_merged.tif,0.4,2,225567933,100,35.4823,35.5046,0.0223
600M,chip_267_453_merged.tif,0.4,3,1992444950,100,35.397,34.846,-0.551
600M,chip_267_453_merged.tif,0.4,4,1611838319,100,35.9933,36.6565,0.6632
600M,chip_267_453_merged.tif,0.6,0,1247481612,154,35.0825,36.04,0.9574
600M,chip_267_453_merged.tif,0.6,1,767536094,154,35.259,34.2322,-1.0269
600M,chip_267_453_merged.tif,0.6,2,386929463,154,35.2333,35.0378,-0.1955
600M,chip_267_453_merged.tif,0.6,3,2054467593,154,34.1178,34.5216,0.4038
600M,chip_267_453_merged.tif,0.6,4,1673860962,154,35.5103,36.1764,0.6661
600M,chip_267_453_merged.tif,0.8,0,764889416,208,33.4132,34.0338,0.6206
600M,chip_267_453_merged.tif,0.8,1,284943898,208,33.4143,34.2418,0.8274
600M,chip_267_453_merged.tif,0.8,2,2051820915,208,33.4557,34.6823,1.2266
600M,chip_267_453_merged.tif,0.8,3,1571875397,208,30.6794,33.1643,2.4849
600M,chip_267_453_merged.tif,0.8,4,1191268766,208,33.4138,32.4055,-1.0083
600M,chip_267_566_merged.tif,0.2,0,940913720,50,35.5698,36.6131,1.0432
600M,chip_267_566_merged.tif,0.2,1,560307089,50,36.1127,37.4728,1.3601
600M,chip_267_566_merged.tif,0.2,2,80361571,50,35.9055,37.8433,1.9378
600M,chip_267_566_merged.tif,0.2,3,1847238588,50,34.1572,37.2544,3.0972
600M,chip_267_566_merged.tif,0.2,4,1367293070,50,34.4463,37.6075,3.1613
600M,chip_267_566_merged.tif,0.4,0,2023122298,100,32.8858,36.9381,4.0524
600M,chip_267_566_merged.tif,0.4,1,1642515667,100,34.0656,38.4472,4.3816
600M,chip_267_566_merged.tif,0.4,2,1261909036,100,32.8857,37.5714,4.6857
600M,chip_267_566_merged.tif,0.4,3,781963518,100,32.958,37.7529,4.7949
600M,chip_267_566_merged.tif,0.4,4,401356887,100,33.8344,37.6443,3.8099
600M,chip_267_566_merged.tif,0.6,0,37000180,154,33.165,36.5206,3.3557
600M,chip_267_566_merged.tif,0.6,1,1704538310,154,33.4074,36.8988,3.4914
600M,chip_267_566_merged.tif,0.6,2,1323931679,154,33.5697,36.2203,2.6505
600M,chip_267_566_merged.tif,0.6,3,843986161,154,33.1628,36.7562,3.5934
600M,chip_267_566_merged.tif,0.6,4,463379530,154,32.9808,36.5607,3.5799
600M,chip_267_566_merged.tif,0.8,0,1701891632,208,32.9873,35.6104,2.623
600M,chip_267_566_merged.tif,0.8,1,1221946114,208,32.8707,35.9331,3.0624
600M,chip_267_566_merged.tif,0.8,2,841339483,208,33.4585,34.3521,0.8936
600M,chip_267_566_merged.tif,0.8,3,460732852,208,32.9874,35.6369,2.6495
600M,chip_267_566_merged.tif,0.8,4,2128270982,208,32.8703,35.3904,2.5201
600M,chip_268_269_merged.tif,0.2,0,1828590125,50,34.5003,38.803,4.3027
600M,chip_268_269_merged.tif,0.2,1,1348644607,50,35.3487,38.9766,3.6279
600M,chip_268_269_merged.tif,0.2,2,968037976,50,34.5147,39.0362,4.5214
600M,chip_268_269_merged.tif,0.2,3,488092458,50,33.5242,38.3507,4.8265
600M,chip_268_269_merged.tif,0.2,4,107485827,50,34.2962,38.8492,4.553
600M,chip_268_269_merged.tif,0.4,0,763315055,100,34.897,38.7664,3.8694
600M,chip_268_269_merged.tif,0.4,1,382708424,100,35.6571,38.7418,3.0846
600M,chip_268_269_merged.tif,0.4,2,2050246554,100,35.5068,39.0927,3.586
600M,chip_268_269_merged.tif,0.4,3,1669639923,100,37.3828,38.7653,1.3826
600M,chip_268_269_merged.tif,0.4,4,1289033292,100,33.5632,39.1485,5.5853
600M,chip_268_269_merged.tif,0.6,0,20016848,154,34.6307,38.2366,3.6059
600M,chip_268_269_merged.tif,0.6,1,1786893865,154,34.6468,38.3204,3.6736
600M,chip_268_269_merged.tif,0.6,2,1306948347,154,34.3972,38.4438,4.0466
600M,chip_268_269_merged.tif,0.6,3,926341716,154,34.6362,38.3665,3.7302
600M,chip_268_269_merged.tif,0.6,4,545735085,154,32.141,39.2088,7.0678
600M,chip_268_269_merged.tif,0.8,0,1684908300,208,33.9339,37.1206,3.1867
600M,chip_268_269_merged.tif,0.8,1,1304301669,208,33.1892,36.6824,3.4932
600M,chip_268_269_merged.tif,0.8,2,923695038,208,33.9352,36.8673,2.9321
600M,chip_268_269_merged.tif,0.8,3,443749520,208,34.7085,36.8394,2.1309
600M,chip_268_269_merged.tif,0.8,4,63142889,208,33.9344,35.9574,2.023
600M,chip_268_410_merged.tif,0.2,0,766637778,50,30.6016,36.6254,6.0238
600M,chip_268_410_merged.tif,0.2,1,386031147,50,31.4867,35.9243,4.4376
600M,chip_268_410_merged.tif,0.2,2,5424516,50,27.7379,35.8568,8.1189
600M,chip_268_410_merged.tif,0.2,3,1672962646,50,33.3729,35.6394,2.2665
600M,chip_268_410_merged.tif,0.2,4,1292356015,50,32.7372,36.6137,3.8765
600M,chip_268_410_merged.tif,0.4,0,606022445,100,31.1713,36.2308,5.0594
600M,chip_268_410_merged.tif,0.4,1,225415814,100,30.2235,36.2194,5.9959
600M,chip_268_410_merged.tif,0.4,2,1892953944,100,29.5836,35.7989,6.2153
600M,chip_268_410_merged.tif,0.4,3,1512347313,100,30.6906,35.6698,4.9792
600M,chip_268_410_merged.tif,0.4,4,1131740682,100,30.0132,35.6149,5.6017
600M,chip_268_410_merged.tif,0.6,0,2010207886,154,30.1382,33.7088,3.5706
600M,chip_268_410_merged.tif,0.6,1,1629601255,154,29.3279,32.4275,3.0996
600M,chip_268_410_merged.tif,0.6,2,1149655737,154,28.7998,34.3593,5.5595
600M,chip_268_410_merged.tif,0.6,3,769049106,154,28.5905,34.8536,6.2631
600M,chip_268_410_merged.tif,0.6,4,388442475,154,29.4419,32.9518,3.5099
600M,chip_268_410_merged.tif,0.8,0,1527615690,208,29.4356,30.8198,1.3842
600M,chip_268_410_merged.tif,0.8,1,1147009059,208,29.2045,31.1956,1.9911
600M,chip_268_410_merged.tif,0.8,2,766402428,208,29.4352,32.5452,3.11
600M,chip_268_410_merged.tif,0.8,3,286456910,208,29.2043,32.0678,2.8635
600M,chip_268_410_merged.tif,0.8,4,2053333927,208,29.2053,32.3306,3.1253
600M,chip_269_420_merged.tif,0.2,0,758640699,50,31.3568,33.9996,2.6428
600M,chip_269_420_merged.tif,0.2,1,378034068,50,32.0946,35.4568,3.3622
600M,chip_269_420_merged.tif,0.2,2,2144911085,50,32.4273,35.1517,2.7244
600M,chip_269_420_merged.tif,0.2,3,1664965567,50,29.7768,35.0553,5.2785
600M,chip_269_420_merged.tif,0.2,4,1284358936,50,29.0629,36.6312,7.5683
600M,chip_269_420_merged.tif,0.4,0,598025366,100,28.8204,34.449,5.6286
600M,chip_269_420_merged.tif,0.4,1,217418735,100,28.4367,34.3374,5.9007
600M,chip_269_420_merged.tif,0.4,2,1884956865,100,27.257,35.829,8.5719
600M,chip_269_420_merged.tif,0.4,3,1504350234,100,28.8357,34.3567,5.521
600M,chip_269_420_merged.tif,0.4,4,1024404716,100,29.5168,34.3186,4.8019
600M,chip_269_420_merged.tif,0.6,0,707666022,154,29.6807,34.218,4.5373
600M,chip_269_420_merged.tif,0.6,1,227720504,154,29.4951,33.7248,4.2296
600M,chip_269_420_merged.tif,0.6,2,1994597521,154,28.2072,33.6724,5.4652
600M,chip_269_420_merged.tif,0.6,3,1613990890,154,28.6522,33.8762,5.224
600M,chip_269_420_merged.tif,0.6,4,1134045372,154,28.6518,33.8097,5.1579
600M,chip_269_420_merged.tif,0.8,0,1519618611,208,28.5586,31.5785,3.0199
600M,chip_269_420_merged.tif,0.8,1,1139011980,208,28.7613,32.0303,3.269
600M,chip_269_420_merged.tif,0.8,2,758405349,208,28.7624,32.407,3.6446
600M,chip_269_420_merged.tif,0.8,3,278459831,208,27.7489,31.3669,3.618
600M,chip_269_420_merged.tif,0.8,4,2045336848,208,28.7618,31.1238,2.3621
600M,chip_270_408_merged.tif,0.2,0,627041059,50,29.8209,33.326,3.5051
600M,chip_270_408_merged.tif,0.2,1,147095541,50,29.0258,34.01,4.9842
600M,chip_270_408_merged.tif,0.2,2,1913972558,50,29.0517,34.7924,5.7407
600M,chip_270_408_merged.tif,0.2,3,1434027040,50,28.8457,34.0824,5.2367
600M,chip_270_408_merged.tif,0.2,4,1053420409,50,29.3812,35.1279,5.7468
600M,chip_270_408_merged.tif,0.4,0,1709249637,100,27.4855,33.2771,5.7915
600M,chip_270_408_merged.tif,0.4,1,1328643006,100,27.9739,32.5293,4.5554
600M,chip_270_408_merged.tif,0.4,2,848697488,100,27.7305,33.2112,5.4807
600M,chip_270_408_merged.tif,0.4,3,468090857,100,29.0755,32.4011,3.3255
600M,chip_270_408_merged.tif,0.4,4,2135628987,100,28.4118,32.8333,4.4216
600M,chip_270_408_merged.tif,0.6,0,1771272280,154,28.4728,32.1292,3.6565
600M,chip_270_408_merged.tif,0.6,1,1390665649,154,28.5595,31.2821,2.7226
600M,chip_270_408_merged.tif,0.6,2,1010059018,154,28.2635,32.0751,3.8116
600M,chip_270_408_merged.tif,0.6,3,530113500,154,28.5997,32.0414,3.4417
600M,chip_270_408_merged.tif,0.6,4,149506869,154,28.5888,31.1405,2.5517
600M,chip_270_408_merged.tif,0.8,0,1388018971,208,28.0226,30.2927,2.2701
600M,chip_270_408_merged.tif,0.8,1,908073453,208,27.7372,30.8037,3.0666
600M,chip_270_408_merged.tif,0.8,2,527466822,208,28.0234,29.3489,1.3255
600M,chip_270_408_merged.tif,0.8,3,47521304,208,28.0227,29.6105,1.5878
600M,chip_270_408_merged.tif,0.8,4,1814398321,208,27.7372,30.3901,2.6529
600M,chip_270_475_merged.tif,0.2,0,1163707343,50,36.2429,38.0231,1.7801
600M,chip_270_475_merged.tif,0.2,1,683761825,50,33.6889,38.008,4.3191
600M,chip_270_475_merged.tif,0.2,2,303155194,50,30.1163,37.992,7.8757
600M,chip_270_475_merged.tif,0.2,3,1970693324,50,30.1176,38.5391,8.4215
600M,chip_270_475_merged.tif,0.2,4,1590086693,50,34.5746,37.88,3.3054
600M,chip_270_475_merged.tif,0.4,0,903753123,100,33.983,37.1061,3.1232
600M,chip_270_475_merged.tif,0.4,1,523146492,100,33.1811,37.3038,4.1226
600M,chip_270_475_merged.tif,0.4,2,142539861,100,34.4499,37.5716,3.1217
600M,chip_270_475_merged.tif,0.4,3,1810077991,100,34.9811,37.5385,2.5574
600M,chip_270_475_merged.tif,0.4,4,1429471360,100,34.4276,37.5864,3.1588
600M,chip_270_475_merged.tif,0.6,0,259793803,154,32.4892,37.2913,4.8021
600M,chip_270_475_merged.tif,0.6,1,1927331933,154,35.211,37.26,2.049
600M,chip_270_475_merged.tif,0.6,2,1546725302,154,35.0997,37.3589,2.2592
600M,chip_270_475_merged.tif,0.6,3,1066779784,154,35.099,36.3896,1.2905
600M,chip_270_475_merged.tif,0.6,4,686173153,154,33.7833,36.758,2.9747
600M,chip_270_475_merged.tif,0.8,0,1924685255,208,33.4677,36.0484,2.5808
600M,chip_270_475_merged.tif,0.8,1,1444739737,208,33.7617,34.8606,1.0989
600M,chip_270_475_merged.tif,0.8,2,1064133106,208,33.4682,35.6507,2.1825
600M,chip_270_475_merged.tif,0.8,3,584187588,208,33.7624,35.688,1.9256
600M,chip_270_475_merged.tif,0.8,4,203580957,208,33.4675,36.6623,3.1948
600M,chip_270_477_merged.tif,0.2,0,563104065,50,33.5515,36.9214,3.3699
600M,chip_270_477_merged.tif,0.2,1,182497434,50,34.9679,37.8787,2.9109
600M,chip_270_477_merged.tif,0.2,2,1850035564,50,33.2259,37.4455,4.2196
600M,chip_270_477_merged.tif,0.2,3,1469428933,50,34.9331,36.1291,1.196
600M,chip_270_477_merged.tif,0.2,4,1088822302,50,34.4416,36.9546,2.5131
600M,chip_270_477_merged.tif,0.4,0,402488732,100,33.0496,36.1195,3.0699
600M,chip_270_477_merged.tif,0.4,1,21882101,100,33.2196,37.1557,3.936
600M,chip_270_477_merged.tif,0.4,2,1689420231,100,33.2614,36.5892,3.3278
600M,chip_270_477_merged.tif,0.4,3,1308813600,100,34.1859,37.3847,3.1989
600M,chip_270_477_merged.tif,0.4,4,828868082,100,33.4228,37.1903,3.7675
600M,chip_270_477_merged.tif,0.6,0,1806674173,154,33.8645,35.8779,2.0134
600M,chip_270_477_merged.tif,0.6,1,1426067542,154,34.0918,35.6835,1.5917
600M,chip_270_477_merged.tif,0.6,2,946122024,154,32.607,36.6032,3.9963
600M,chip_270_477_merged.tif,0.6,3,565515393,154,32.6077,36.5351,3.9275
600M,chip_270_477_merged.tif,0.6,4,85569875,154,33.5415,36.0205,2.479
600M,chip_270_477_merged.tif,0.8,0,1324081977,208,33.0795,35.2754,2.1958
600M,chip_270_477_merged.tif,0.8,1,943475346,208,32.4421,34.9663,2.5242
600M,chip_270_477_merged.tif,0.8,2,463529828,208,33.0796,35.392,2.3124
600M,chip_270_477_merged.tif,0.8,3,82923197,208,32.4425,35.039,2.5965
600M,chip_270_477_merged.tif,0.8,4,1849800214,208,33.0789,34.6353,1.5564
600M,chip_271_267_merged.tif,0.2,0,975354019,50,35.099,41.599,6.5001
600M,chip_271_267_merged.tif,0.2,1,495408501,50,36.091,40.9267,4.8357
600M,chip_271_267_merged.tif,0.2,2,114801870,50,31.7935,41.8888,10.0954
600M,chip_271_267_merged.tif,0.2,3,1782340000,50,38.4627,41.3272,2.8645
600M,chip_271_267_merged.tif,0.2,4,1401733369,50,40.5778,41.7676,1.1897
600M,chip_271_267_merged.tif,0.4,0,2057562597,100,33.3498,39.963,6.6132
600M,chip_271_267_merged.tif,0.4,1,1676955966,100,34.1974,39.6979,5.5005
600M,chip_271_267_merged.tif,0.4,2,1197010448,100,37.0,40.3852,3.3852
600M,chip_271_267_merged.tif,0.4,3,816403817,100,36.4218,41.4611,5.0392
600M,chip_271_267_merged.tif,0.4,4,336458299,100,37.0263,41.1328,4.1065
600M,chip_271_267_merged.tif,0.6,0,2119585240,154,36.0674,38.533,2.4656
600M,chip_271_267_merged.tif,0.6,1,1738978609,154,34.7509,39.3515,4.6006
600M,chip_271_267_merged.tif,0.6,2,1259033091,154,35.7809,40.1776,4.3967
600M,chip_271_267_merged.tif,0.6,3,878426460,154,32.7437,38.6919,5.9482
600M,chip_271_267_merged.tif,0.6,4,497819829,154,35.176,38.593,3.417
600M,chip_271_267_merged.tif,0.8,0,1736331931,208,33.5038,36.0321,2.5283
600M,chip_271_267_merged.tif,0.8,1,1256386413,208,33.6516,34.1536,0.502
600M,chip_271_267_merged.tif,0.8,2,875779782,208,32.6537,36.9545,4.3008
600M,chip_271_267_merged.tif,0.8,3,395834264,208,33.646,36.5863,2.9402
600M,chip_271_267_merged.tif,0.8,4,15227633,208,33.6521,36.9054,3.2533
600M,chip_272_450_merged.tif,0.2,0,308657907,50,32.3285,35.9112,3.5827
600M,chip_272_450_merged.tif,0.2,1,1976196037,50,33.0404,36.6974,3.6569
600M,chip_272_450_merged.tif,0.2,2,1595589406,50,33.4467,37.284,3.8373
600M,chip_272_450_merged.tif,0.2,3,1214982775,50,34.4958,37.4689,2.9731
600M,chip_272_450_merged.tif,0.2,4,735037257,50,33.7418,36.9908,3.249
600M,chip_272_450_merged.tif,0.4,0,148042574,100,32.8845,36.9692,4.0847
600M,chip_272_450_merged.tif,0.4,1,1815580704,100,33.3759,36.8488,3.4728
600M,chip_272_450_merged.tif,0.4,2,1434974073,100,31.1893,36.5007,5.3114
600M,chip_272_450_merged.tif,0.4,3,955028555,100,31.469,36.272,4.803
600M,chip_272_450_merged.tif,0.4,4,574421924,100,31.3144,37.0601,5.7457
600M,chip_272_450_merged.tif,0.6,0,1552228015,154,31.2189,35.4023,4.1834
600M,chip_272_450_merged.tif,0.6,1,1072282497,154,31.2425,35.9059,4.6634
600M,chip_272_450_merged.tif,0.6,2,691675866,154,32.3313,35.437,3.1058
600M,chip_272_450_merged.tif,0.6,3,211730348,154,30.3069,35.3039,4.997
600M,chip_272_450_merged.tif,0.6,4,1978607365,154,32.5526,35.8065,3.2539
600M,chip_272_450_merged.tif,0.8,0,1069635819,208,32.0094,33.9982,1.9888
600M,chip_272_450_merged.tif,0.8,1,589690301,208,31.1284,34.3799,3.2515
600M,chip_272_450_merged.tif,0.8,2,209083670,208,31.2572,32.2285,0.9713
600M,chip_272_450_merged.tif,0.8,3,1975960687,208,31.0132,34.3244,3.3112
600M,chip_272_450_merged.tif,0.8,4,1496015169,208,31.1278,32.8893,1.7615
600M,chip_273_474_merged.tif,0.2,0,1394325172,50,31.648,37.5427,5.8947
600M,chip_273_474_merged.tif,0.2,1,914379654,50,34.9789,37.7731,2.7942
600M,chip_273_474_merged.tif,0.2,2,533773023,50,37.0554,37.8488,0.7934
600M,chip_273_474_merged.tif,0.2,3,53827505,50,35.5743,37.3011,1.7268
600M,chip_273_474_merged.tif,0.2,4,1820704522,50,32.5872,36.5222,3.935
600M,chip_273_474_merged.tif,0.4,0,1233709839,100,35.0029,36.6728,1.6699
600M,chip_273_474_merged.tif,0.4,1,753764321,100,33.9178,36.7722,2.8544
600M,chip_273_474_merged.tif,0.4,2,373157690,100,35.5642,37.0905,1.5262
600M,chip_273_474_merged.tif,0.4,3,2040695820,100,35.4335,37.3973,1.9638
600M,chip_273_474_merged.tif,0.4,4,1660089189,100,35.2031,36.9181,1.7149
600M,chip_273_474_merged.tif,0.6,0,490411632,154,34.4,36.4412,2.0413
600M,chip_273_474_merged.tif,0.6,1,10466114,154,34.4003,36.558,2.1577
600M,chip_273_474_merged.tif,0.6,2,1777343131,154,34.3985,36.7402,2.3418
600M,chip_273_474_merged.tif,0.6,3,1297397613,154,34.8796,36.0853,1.2057
600M,chip_273_474_merged.tif,0.6,4,916790982,154,34.382,36.6445,2.2625
600M,chip_273_474_merged.tif,0.8,0,7819436,208,33.213,35.6778,2.4649
600M,chip_273_474_merged.tif,0.8,1,1675357566,208,33.2133,34.351,1.1377
600M,chip_273_474_merged.tif,0.8,2,1294750935,208,33.2127,33.6787,0.466
600M,chip_273_474_merged.tif,0.8,3,814805417,208,33.2123,35.6294,2.4171
600M,chip_273_474_merged.tif,0.8,4,434198786,208,33.0521,34.5966,1.5446
600M,chip_274_465_merged.tif,0.2,0,861799752,50,33.1583,35.6536,2.4953
600M,chip_274_465_merged.tif,0.2,1,381854234,50,32.9291,36.2806,3.3515
600M,chip_274_465_merged.tif,0.2,2,1247603,50,33.8802,35.8803,2.0001
600M,chip_274_465_merged.tif,0.2,3,1668785733,50,32.9295,35.9221,2.9927
600M,chip_274_465_merged.tif,0.2,4,1288179102,50,33.1589,36.2828,3.124
600M,chip_274_465_merged.tif,0.4,0,1944008330,100,32.3746,35.1709,2.7962
600M,chip_274_465_merged.tif,0.4,1,1563401699,100,31.9991,35.7745,3.7753
600M,chip_274_465_merged.tif,0.4,2,1083456181,100,31.2689,35.9103,4.6414
600M,chip_274_465_merged.tif,0.4,3,702849550,100,34.1601,35.1684,1.0083
600M,chip_274_465_merged.tif,0.4,4,222904032,100,32.5729,35.5382,2.9653
600M,chip_274_465_merged.tif,0.6,0,2006030973,154,33.4462,35.6786,2.2324
600M,chip_274_465_merged.tif,0.6,1,1625424342,154,33.6947,35.0357,1.341
600M,chip_274_465_merged.tif,0.6,2,1244817711,154,33.4271,35.4785,2.0514
600M,chip_274_465_merged.tif,0.6,3,764872193,154,33.5528,35.5392,1.9864
600M,chip_274_465_merged.tif,0.6,4,384265562,154,33.4134,35.4821,2.0687
600M,chip_274_465_merged.tif,0.8,0,1622777664,208,32.002,33.5809,1.5788
600M,chip_274_465_merged.tif,0.8,1,1142832146,208,32.0027,33.7087,1.706
600M,chip_274_465_merged.tif,0.8,2,762225515,208,32.0028,34.0938,2.091
600M,chip_274_465_merged.tif,0.8,3,282279997,208,32.186,32.6315,0.4455
600M,chip_274_465_merged.tif,0.8,4,2049157014,208,31.1922,34.3725,3.1802
600M,chip_275_405_merged.tif,0.2,0,1142218102,50,29.9966,33.8536,3.8571
600M,chip_275_405_merged.tif,0.2,1,662272584,50,30.3714,33.9741,3.6027
600M,chip_275_405_merged.tif,0.2,2,281665953,50,32.3323,35.7478,3.4155
600M,chip_275_405_merged.tif,0.2,3,2048542970,50,29.0675,34.5696,5.5022
600M,chip_275_405_merged.tif,0.2,4,1568597452,50,30.9213,33.3866,2.4653
600M,chip_275_405_merged.tif,0.4,0,981602769,100,30.8304,34.6413,3.8109
600M,chip_275_405_merged.tif,0.4,1,501657251,100,28.9071,32.0932,3.1861
600M,chip_275_405_merged.tif,0.4,2,121050620,100,28.0502,33.1562,5.106
600M,chip_275_405_merged.tif,0.4,3,1788588750,100,29.5859,32.4753,2.8893
600M,chip_275_405_merged.tif,0.4,4,1407982119,100,27.8603,34.038,6.1777
600M,chip_275_405_merged.tif,0.6,0,238304562,154,28.5537,31.9726,3.4189
600M,chip_275_405_merged.tif,0.6,1,1905842692,154,29.301,33.3481,4.047
600M,chip_275_405_merged.tif,0.6,2,1525236061,154,29.4189,33.9148,4.4958
600M,chip_275_405_merged.tif,0.6,3,1045290543,154,29.4184,32.988,3.5696
600M,chip_275_405_merged.tif,0.6,4,664683912,154,28.4022,33.6652,5.2631
600M,chip_275_405_merged.tif,0.8,0,1903196014,208,29.6503,31.7856,2.1353
600M,chip_275_405_merged.tif,0.8,1,1423250496,208,29.5708,31.4356,1.8648
600M,chip_275_405_merged.tif,0.8,2,1042643865,208,29.6504,31.5125,1.8621
600M,chip_275_405_merged.tif,0.8,3,662037234,208,26.8085,31.4461,4.6375
600M,chip_275_405_merged.tif,0.8,4,182091716,208,29.6501,32.5603,2.9102
600M,chip_276_083_merged.tif,0.2,0,1061397170,50,30.2025,38.8273,8.6248
600M,chip_276_083_merged.tif,0.2,1,680790539,50,28.7758,38.3004,9.5246
600M,chip_276_083_merged.tif,0.2,2,200845021,50,38.1198,38.4094,0.2897
600M,chip_276_083_merged.tif,0.2,3,1967722038,50,29.7412,37.3315,7.5903
600M,chip_276_083_merged.tif,0.2,4,1587115407,50,28.0207,37.7358,9.7151
600M,chip_276_083_merged.tif,0.4,0,900781837,100,30.6125,37.0888,6.4763
600M,chip_276_083_merged.tif,0.4,1,520175206,100,30.4146,37.9478,7.5333
600M,chip_276_083_merged.tif,0.4,2,40229688,100,30.2659,37.2734,7.0074
600M,chip_276_083_merged.tif,0.4,3,1807106705,100,31.617,36.5672,4.9503
600M,chip_276_083_merged.tif,0.4,4,1327161187,100,29.3005,38.0803,8.7798
600M,chip_276_083_merged.tif,0.6,0,157483630,154,30.138,36.9396,6.8016
600M,chip_276_083_merged.tif,0.6,1,1924360647,154,30.0438,35.5704,5.5266
600M,chip_276_083_merged.tif,0.6,2,1444415129,154,29.5838,34.1997,4.6159
600M,chip_276_083_merged.tif,0.6,3,1063808498,154,30.4786,35.3292,4.8506
600M,chip_276_083_merged.tif,0.6,4,583862980,154,30.7886,37.405,6.6163
600M,chip_276_083_merged.tif,0.8,0,1822375082,208,29.5349,32.6923,3.1574
600M,chip_276_083_merged.tif,0.8,1,1441768451,208,28.7976,32.077,3.2794
600M,chip_276_083_merged.tif,0.8,2,961822933,208,29.5819,32.1283,2.5464
600M,chip_276_083_merged.tif,0.8,3,581216302,208,29.5345,31.5623,2.0278
600M,chip_276_083_merged.tif,0.8,4,200609671,208,29.5356,31.2249,1.6892
600M,chip_279_265_merged.tif,0.2,0,461523217,50,29.6651,38.0936,8.4285
600M,chip_279_265_merged.tif,0.2,1,2129061347,50,32.4624,38.1311,5.6687
600M,chip_279_265_merged.tif,0.2,2,1748454716,50,31.5741,38.0843,6.5102
600M,chip_279_265_merged.tif,0.2,3,1367848085,50,32.3448,39.4638,7.1191
600M,chip_279_265_merged.tif,0.2,4,887902567,50,32.4435,37.643,5.1995
600M,chip_279_265_merged.tif,0.4,0,300907884,100,29.8295,37.1913,7.3618
600M,chip_279_265_merged.tif,0.4,1,1968446014,100,32.5308,37.2728,4.742
600M,chip_279_265_merged.tif,0.4,2,1587839383,100,29.4249,36.593,7.1682
600M,chip_279_265_merged.tif,0.4,3,1107893865,100,29.3234,36.6543,7.3309
600M,chip_279_265_merged.tif,0.4,4,727287234,100,32.0458,36.6571,4.6113
600M,chip_279_265_merged.tif,0.6,0,1705093325,154,29.8855,35.192,5.3065
600M,chip_279_265_merged.tif,0.6,1,1225147807,154,29.695,35.3145,5.6194
600M,chip_279_265_merged.tif,0.6,2,844541176,154,29.8157,34.6871,4.8713
600M,chip_279_265_merged.tif,0.6,3,364595658,154,30.2397,34.9939,4.7541
600M,chip_279_265_merged.tif,0.6,4,2131472675,154,30.6366,35.5864,4.9498
600M,chip_279_265_merged.tif,0.8,0,1222501129,208,29.4558,32.1366,2.6808
600M,chip_279_265_merged.tif,0.8,1,742555611,208,30.2398,33.8904,3.6507
600M,chip_279_265_merged.tif,0.8,2,361948980,208,29.0758,33.5755,4.4997
600M,chip_279_265_merged.tif,0.8,3,2128825997,208,29.0754,33.9785,4.9031
600M,chip_279_265_merged.tif,0.8,4,1648880479,208,29.0756,33.3292,4.2536
600M,chip_280_308_merged.tif,0.2,0,783430757,50,34.5548,37.5126,2.9578
600M,chip_280_308_merged.tif,0.2,1,402824126,50,35.7032,36.765,1.0618
600M,chip_280_308_merged.tif,0.2,2,2070362256,50,33.054,37.1332,4.0792
600M,chip_280_308_merged.tif,0.2,3,1689755625,50,35.0246,37.4317,2.4071
600M,chip_280_308_merged.tif,0.2,4,1209810107,50,33.8509,38.0938,4.243
600M,chip_280_308_merged.tif,0.4,0,622815424,100,34.4212,37.5784,3.1572
600M,chip_280_308_merged.tif,0.4,1,142869906,100,32.9854,36.6087,3.6233
600M,chip_280_308_merged.tif,0.4,2,1909746923,100,33.4382,37.7343,4.2961
600M,chip_280_308_merged.tif,0.4,3,1529140292,100,32.1112,37.1737,5.0625
600M,chip_280_308_merged.tif,0.4,4,1049194774,100,31.9063,36.4525,4.5462
600M,chip_280_308_merged.tif,0.6,0,2027000865,154,32.5189,36.5183,3.9994
600M,chip_280_308_merged.tif,0.6,1,1547055347,154,32.9608,37.2557,4.295
600M,chip_280_308_merged.tif,0.6,2,1166448716,154,32.9967,36.6312,3.6345
600M,chip_280_308_merged.tif,0.6,3,785842085,154,32.219,36.2189,3.9999
600M,chip_280_308_merged.tif,0.6,4,305896567,154,31.7467,37.3447,5.598
600M,chip_280_308_merged.tif,0.8,0,1544408669,208,31.5982,35.2529,3.6547
600M,chip_280_308_merged.tif,0.8,1,1163802038,208,31.4449,34.5967,3.1518
600M,chip_280_308_merged.tif,0.8,2,683856520,208,31.5985,33.8481,2.2496
600M,chip_280_308_merged.tif,0.8,3,303249889,208,31.5526,35.4449,3.8923
600M,chip_280_308_merged.tif,0.8,4,1970788019,208,31.4454,34.2844,2.8389
600M,chip_280_560_merged.tif,0.2,0,767352717,50,31.9393,34.936,2.9967
600M,chip_280_560_merged.tif,0.2,1,386746086,50,32.1646,37.4428,5.2783
600M,chip_280_560_merged.tif,0.2,2,6139455,50,35.9472,36.2621,0.3149
600M,chip_280_560_merged.tif,0.2,3,1673677585,50,33.8386,37.4162,3.5776
600M,chip_280_560_merged.tif,0.2,4,1293070954,50,35.9799,36.5894,0.6095
600M,chip_280_560_merged.tif,0.4,0,1948900182,100,35.6917,36.5745,0.8828
600M,chip_280_560_merged.tif,0.4,1,1568293551,100,34.3921,35.8944,1.5024
600M,chip_280_560_merged.tif,0.4,2,1088348033,100,31.3885,35.4868,4.0983
600M,chip_280_560_merged.tif,0.4,3,707741402,100,32.8132,36.3641,3.5509
600M,chip_280_560_merged.tif,0.4,4,227795884,100,33.0021,36.0369,3.0349
600M,chip_280_560_merged.tif,0.6,0,2010922825,154,35.2333,36.0009,0.7676
600M,chip_280_560_merged.tif,0.6,1,1630316194,154,33.5997,35.2158,1.6161
600M,chip_280_560_merged.tif,0.6,2,1150370676,154,33.5999,34.91,1.3102
600M,chip_280_560_merged.tif,0.6,3,769764045,154,30.737,34.5244,3.7874
600M,chip_280_560_merged.tif,0.6,4,389157414,154,34.7993,35.7039,0.9046
600M,chip_280_560_merged.tif,0.8,0,1528330629,208,28.8766,33.7455,4.8689
600M,chip_280_560_merged.tif,0.8,1,1147723998,208,32.681,33.5447,0.8637
600M,chip_280_560_merged.tif,0.8,2,767117367,208,33.3566,34.6504,1.2938
600M,chip_280_560_merged.tif,0.8,3,287171849,208,32.6812,33.6442,0.9629
600M,chip_280_560_merged.tif,0.8,4,2054048866,208,32.681,35.1212,2.4403
600M,chip_281_270_merged.tif,0.2,0,1516418804,50,36.2051,39.1123,2.9072
600M,chip_281_270_merged.tif,0.2,1,1135812173,50,33.0789,39.0027,5.9238
600M,chip_281_270_merged.tif,0.2,2,655866655,50,26.6708,39.0876,12.4168
600M,chip_281_270_merged.tif,0.2,3,275260024,50,31.4728,39.1693,7.6965
600M,chip_281_270_merged.tif,0.2,4,1942798154,50,33.289,39.9047,6.6158
600M,chip_281_270_merged.tif,0.4,0,1355803471,100,30.0867,39.57,9.4833
600M,chip_281_270_merged.tif,0.4,1,975196840,100,30.7851,38.6862,7.9011
600M,chip_281_270_merged.tif,0.4,2,495251322,100,32.6291,37.9138,5.2847
600M,chip_281_270_merged.tif,0.4,3,114644691,100,31.0859,37.6867,6.6008
600M,chip_281_270_merged.tif,0.4,4,1782182821,100,31.5449,38.8519,7.307
600M,chip_281_270_merged.tif,0.6,0,612505264,154,30.801,38.1889,7.3879
600M,chip_281_270_merged.tif,0.6,1,231898633,154,32.0105,36.6796,4.6692
600M,chip_281_270_merged.tif,0.6,2,1899436763,154,29.7755,36.0022,6.2267
600M,chip_281_270_merged.tif,0.6,3,1518830132,154,30.8019,35.6358,4.8339
600M,chip_281_270_merged.tif,0.6,4,1038884614,154,29.7757,37.4542,7.6785
600M,chip_281_270_merged.tif,0.8,0,129913068,208,29.665,33.2139,3.549
600M,chip_281_270_merged.tif,0.8,1,1896790085,208,29.995,33.4481,3.4531
600M,chip_281_270_merged.tif,0.8,2,1416844567,208,29.6644,33.3547,3.6903
600M,chip_281_270_merged.tif,0.8,3,1036237936,208,28.7922,33.6819,4.8897
600M,chip_281_270_merged.tif,0.8,4,556292418,208,29.6643,34.3953,4.731
600M,chip_281_402_merged.tif,0.2,0,603216780,50,33.2478,37.0738,3.826
600M,chip_281_402_merged.tif,0.2,1,123271262,50,35.3583,38.4901,3.1318
600M,chip_281_402_merged.tif,0.2,2,1890148279,50,33.8119,37.5632,3.7513
600M,chip_281_402_merged.tif,0.2,3,1509541648,50,35.7282,37.2066,1.4784
600M,chip_281_402_merged.tif,0.2,4,1029596130,50,35.7024,38.4131,2.7106
600M,chip_281_402_merged.tif,0.4,0,442601447,100,35.1627,37.0248,1.862
600M,chip_281_402_merged.tif,0.4,1,2110139577,100,31.5219,37.1678,5.646
600M,chip_281_402_merged.tif,0.4,2,1729532946,100,32.1034,37.04,4.9365
600M,chip_281_402_merged.tif,0.4,3,1249587428,100,33.0113,37.6353,4.624
600M,chip_281_402_merged.tif,0.4,4,868980797,100,32.2775,37.9429,5.6654
600M,chip_281_402_merged.tif,0.6,0,1846786888,154,33.2252,36.7932,3.568
600M,chip_281_402_merged.tif,0.6,1,1366841370,154,33.7291,36.4516,2.7225
600M,chip_281_402_merged.tif,0.6,2,986234739,154,33.3186,36.057,2.7384
600M,chip_281_402_merged.tif,0.6,3,506289221,154,33.2391,36.6981,3.459
600M,chip_281_402_merged.tif,0.6,4,125682590,154,33.0963,36.4635,3.3672
600M,chip_281_402_merged.tif,0.8,0,1364194692,208,33.8012,35.2254,1.4242
600M,chip_281_402_merged.tif,0.8,1,884249174,208,33.3724,34.6189,1.2464
600M,chip_281_402_merged.tif,0.8,2,503642543,208,30.2126,35.0401,4.8274
600M,chip_281_402_merged.tif,0.8,3,123035912,208,33.8023,34.7699,0.9676
600M,chip_281_402_merged.tif,0.8,4,1790574042,208,30.2129,34.9045,4.6916
600M,chip_282_263_merged.tif,0.2,0,129735331,50,30.0488,39.6864,9.6375
600M,chip_282_263_merged.tif,0.2,1,1797273461,50,33.5516,38.6277,5.0761
600M,chip_282_263_merged.tif,0.2,2,1416666830,50,32.2564,39.3297,7.0733
600M,chip_282_263_merged.tif,0.2,3,936721312,50,30.33,39.1,8.77
600M,chip_282_263_merged.tif,0.2,4,556114681,50,30.0489,39.4059,9.357
600M,chip_282_263_merged.tif,0.4,0,2017264759,100,30.7883,37.7283,6.9401
600M,chip_282_263_merged.tif,0.4,1,1636658128,100,28.533,36.5257,7.9927
600M,chip_282_263_merged.tif,0.4,2,1256051497,100,30.1605,37.7567,7.5962
600M,chip_282_263_merged.tif,0.4,3,776105979,100,29.3442,37.9356,8.5914
600M,chip_282_263_merged.tif,0.4,4,395499348,100,32.2995,38.1907,5.8912
600M,chip_282_263_merged.tif,0.6,0,1273966552,154,30.9273,36.2317,5.3044
600M,chip_282_263_merged.tif,0.6,1,893359921,154,29.0586,34.6506,5.592
600M,chip_282_263_merged.tif,0.6,2,512753290,154,28.4993,35.2223,6.723
600M,chip_282_263_merged.tif,0.6,3,32807772,154,29.687,36.376,6.689
600M,chip_282_263_merged.tif,0.6,4,1799684789,154,31.0135,35.8765,4.863
600M,chip_282_263_merged.tif,0.8,0,890713243,208,29.381,34.1684,4.7875
600M,chip_282_263_merged.tif,0.8,1,410767725,208,29.2589,33.53,4.2712
600M,chip_282_263_merged.tif,0.8,2,30161094,208,28.2223,33.8011,5.5788
600M,chip_282_263_merged.tif,0.8,3,1697699224,208,28.8053,34.4029,5.5977
600M,chip_282_263_merged.tif,0.8,4,1317092593,208,28.8046,32.4376,3.633
600M,chip_282_562_merged.tif,0.2,0,2052480145,50,30.5239,31.7798,1.2559
600M,chip_282_562_merged.tif,0.2,1,1671873514,50,35.4763,33.9229,-1.5534
600M,chip_282_562_merged.tif,0.2,2,1191927996,50,37.4019,31.6085,-5.7933
600M,chip_282_562_merged.tif,0.2,3,811321365,50,29.2173,32.758,3.5407
600M,chip_282_562_merged.tif,0.2,4,430714734,50,27.2805,33.8611,6.5807
600M,chip_282_562_merged.tif,0.4,0,1891864812,100,22.7508,32.5714,9.8206
600M,chip_282_562_merged.tif,0.4,1,1511258181,100,33.5292,33.6268,0.0976
600M,chip_282_562_merged.tif,0.4,2,1031312663,100,27.1073,32.1425,5.0352
600M,chip_282_562_merged.tif,0.4,3,650706032,100,28.4485,32.3106,3.8621
600M,chip_282_562_merged.tif,0.4,4,170760514,100,27.5434,32.645,5.1016
600M,chip_282_562_merged.tif,0.6,0,1148566605,154,30.3015,32.8964,2.5949
600M,chip_282_562_merged.tif,0.6,1,767959974,154,23.0879,32.6324,9.5445
600M,chip_282_562_merged.tif,0.6,2,288014456,154,26.614,31.4969,4.883
600M,chip_282_562_merged.tif,0.6,3,2054891473,154,23.1194,32.0899,8.9705
600M,chip_282_562_merged.tif,0.6,4,1574945955,154,26.9865,31.0033,4.0168
600M,chip_282_562_merged.tif,0.8,0,665974409,208,27.7752,29.1171,1.3419
600M,chip_282_562_merged.tif,0.8,1,285367778,208,24.5509,29.4468,4.8959
600M,chip_282_562_merged.tif,0.8,2,1952905908,208,24.1646,27.9061,3.7415
600M,chip_282_562_merged.tif,0.8,3,1572299277,208,27.7751,31.2319,3.4568
600M,chip_282_562_merged.tif,0.8,4,1191692646,208,24.5507,27.7448,3.194
600M,chip_283_431_merged.tif,0.2,0,446823579,50,38.7303,39.7698,1.0395
600M,chip_283_431_merged.tif,0.2,1,2114361709,50,37.881,40.1363,2.2552
600M,chip_283_431_merged.tif,0.2,2,1733755078,50,37.6789,39.8879,2.209
600M,chip_283_431_merged.tif,0.2,3,1253809560,50,38.3169,39.8182,1.5013
600M,chip_283_431_merged.tif,0.2,4,873202929,50,37.4205,39.8377,2.4172
600M,chip_283_431_merged.tif,0.4,0,286208246,100,33.8914,39.8401,5.9487
600M,chip_283_431_merged.tif,0.4,1,1953746376,100,37.6574,39.8099,2.1525
600M,chip_283_431_merged.tif,0.4,2,1573139745,100,37.4722,39.6048,2.1326
600M,chip_283_431_merged.tif,0.4,3,1093194227,100,37.9281,39.4968,1.5687
600M,chip_283_431_merged.tif,0.4,4,712587596,100,37.429,39.3315,1.9025
600M,chip_283_431_merged.tif,0.6,0,1690393687,154,35.683,39.2123,3.5293
600M,chip_283_431_merged.tif,0.6,1,1210448169,154,37.1181,39.1,1.9819
600M,chip_283_431_merged.tif,0.6,2,829841538,154,37.0441,39.5286,2.4845
600M,chip_283_431_merged.tif,0.6,3,349896020,154,34.1826,39.8847,5.7021
600M,chip_283_431_merged.tif,0.6,4,2116773037,154,35.5531,39.1627,3.6096
600M,chip_283_431_merged.tif,0.8,0,1207801491,208,33.9665,37.9599,3.9934
600M,chip_283_431_merged.tif,0.8,1,727855973,208,33.9016,38.6948,4.7932
600M,chip_283_431_merged.tif,0.8,2,347249342,208,33.9022,38.2603,4.3581
600M,chip_283_431_merged.tif,0.8,3,2014787472,208,33.4898,38.4766,4.9868
600M,chip_283_431_merged.tif,0.8,4,1634180841,208,33.4907,38.4728,4.9821
600M,chip_284_263_merged.tif,0.2,0,45181829,50,32.9825,38.5242,5.5418
600M,chip_284_263_merged.tif,0.2,1,1812058846,50,35.5224,38.6078,3.0853
600M,chip_284_263_merged.tif,0.2,2,1332113328,50,29.7103,38.7569,9.0466
600M,chip_284_263_merged.tif,0.2,3,951506697,50,33.6987,39.4272,5.7285
600M,chip_284_263_merged.tif,0.2,4,471561179,50,35.7035,38.0987,2.3952
600M,chip_284_263_merged.tif,0.4,0,1226729294,100,31.9745,37.718,5.7435
600M,chip_284_263_merged.tif,0.4,1,746783776,100,31.0255,37.8898,6.8643
600M,chip_284_263_merged.tif,0.4,2,366177145,100,32.7021,36.1555,3.4535
600M,chip_284_263_merged.tif,0.4,3,2033715275,100,31.2421,39.0847,7.8426
600M,chip_284_263_merged.tif,0.4,4,1653108644,100,33.4747,36.5191,3.0444
600M,chip_284_263_merged.tif,0.6,0,1288751937,154,31.8609,36.6483,4.7874
600M,chip_284_263_merged.tif,0.6,1,908145306,154,34.226,37.2516,3.0256
600M,chip_284_263_merged.tif,0.6,2,428199788,154,32.6829,36.2447,3.5617
600M,chip_284_263_merged.tif,0.6,3,47593157,154,31.5251,36.974,5.4489
600M,chip_284_263_merged.tif,0.6,4,1715131287,154,30.9162,35.0267,4.1105
600M,chip_284_263_merged.tif,0.8,0,806159741,208,32.2625,33.8465,1.584
600M,chip_284_263_merged.tif,0.8,1,425553110,208,30.5908,33.8524,3.2616
600M,chip_284_263_merged.tif,0.8,2,2093091240,208,30.5906,33.8701,3.2795
600M,chip_284_263_merged.tif,0.8,3,1712484609,208,32.0811,34.0249,1.9438
600M,chip_284_263_merged.tif,0.8,4,1232539091,208,32.0816,34.3624,2.2808
600M,chip_285_307_merged.tif,0.2,0,799851891,50,30.7158,36.4004,5.6847
600M,chip_285_307_merged.tif,0.2,1,419245260,50,34.06,36.8743,2.8143
600M,chip_285_307_merged.tif,0.2,2,2086783390,50,34.2787,36.906,2.6273
600M,chip_285_307_merged.tif,0.2,3,1706176759,50,34.0613,37.0002,2.9389
600M,chip_285_307_merged.tif,0.2,4,1325570128,50,30.0794,36.7143,6.6349
600M,chip_285_307_merged.tif,0.4,0,639236558,100,34.0197,36.3467,2.327
600M,chip_285_307_merged.tif,0.4,1,258629927,100,32.1087,37.201,5.0923
600M,chip_285_307_merged.tif,0.4,2,1926168057,100,34.2621,37.2483,2.9862
600M,chip_285_307_merged.tif,0.4,3,1545561426,100,33.6712,35.9717,2.3006
600M,chip_285_307_merged.tif,0.4,4,1065615908,100,27.898,36.8086,8.9107
600M,chip_285_307_merged.tif,0.6,0,2043421999,154,32.0161,35.2324,3.2163
600M,chip_285_307_merged.tif,0.6,1,1662815368,154,32.2843,35.8376,3.5533
600M,chip_285_307_merged.tif,0.6,2,1182869850,154,31.3946,35.603,4.2084
600M,chip_285_307_merged.tif,0.6,3,802263219,154,30.8706,35.0235,4.1529
600M,chip_285_307_merged.tif,0.6,4,322317701,154,31.3937,35.3199,3.9262
600M,chip_285_307_merged.tif,0.8,0,1560829803,208,29.7123,32.6561,2.9438
600M,chip_285_307_merged.tif,0.8,1,1180223172,208,29.5264,32.2903,2.7638
600M,chip_285_307_merged.tif,0.8,2,700277654,208,29.5864,32.9504,3.364
600M,chip_285_307_merged.tif,0.8,3,319671023,208,29.5263,32.4427,2.9164
600M,chip_285_307_merged.tif,0.8,4,2086548040,208,29.586,33.2479,3.6619
600M,chip_291_134_merged.tif,0.2,0,305499076,50,31.815,38.2228,6.4078
600M,chip_291_134_merged.tif,0.2,1,2072376093,50,31.3618,38.1741,6.8124
600M,chip_291_134_merged.tif,0.2,2,1592430575,50,32.9819,38.8192,5.8373
600M,chip_291_134_merged.tif,0.2,3,1211823944,50,39.7081,36.5951,-3.113
600M,chip_291_134_merged.tif,0.2,4,831217313,50,31.3032,39.4052,8.102
600M,chip_291_134_merged.tif,0.4,0,144883743,100,31.0889,37.5397,6.4508
600M,chip_291_134_merged.tif,0.4,1,1911760760,100,32.5518,38.2862,5.7345
600M,chip_291_134_merged.tif,0.4,2,1431815242,100,32.7169,36.8277,4.1108
600M,chip_291_134_merged.tif,0.4,3,1051208611,100,32.5515,37.8839,5.3324
600M,chip_291_134_merged.tif,0.4,4,571263093,100,34.3027,39.3978,5.0951
600M,chip_291_134_merged.tif,0.6,0,1549069184,154,31.6732,36.3825,4.7093
600M,chip_291_134_merged.tif,0.6,1,1168462553,154,33.2369,36.1505,2.9136
600M,chip_291_134_merged.tif,0.6,2,688517035,154,32.8978,36.3267,3.429
600M,chip_291_134_merged.tif,0.6,3,307910404,154,32.3335,34.1907,1.8572
600M,chip_291_134_merged.tif,0.6,4,1975448534,154,35.571,36.3338,0.7627
600M,chip_291_134_merged.tif,0.8,0,1066476988,208,32.1699,34.7786,2.6087
600M,chip_291_134_merged.tif,0.8,1,685870357,208,34.2318,35.9907,1.7588
600M,chip_291_134_merged.tif,0.8,2,205924839,208,32.1708,36.1817,4.0109
600M,chip_291_134_merged.tif,0.8,3,1972801856,208,33.4092,36.0981,2.6889
600M,chip_291_134_merged.tif,0.8,4,1592195225,208,33.41,34.8546,1.4445
600M,chip_292_552_merged.tif,0.2,0,1164356626,50,35.1877,37.5848,2.3971
600M,chip_292_552_merged.tif,0.2,1,783749995,50,35.9014,37.5689,1.6675
600M,chip_292_552_merged.tif,0.2,2,303804477,50,30.9474,37.662,6.7147
600M,chip_292_552_merged.tif,0.2,3,2070681494,50,30.9258,37.6094,6.6836
600M,chip_292_552_merged.tif,0.2,4,1590735976,50,31.7835,37.429,5.6455
600M,chip_292_552_merged.tif,0.4,0,1003741293,100,30.9126,35.9394,5.0268
600M,chip_292_552_merged.tif,0.4,1,623134662,100,33.0525,37.1441,4.0916
600M,chip_292_552_merged.tif,0.4,2,143189144,100,32.1223,36.9409,4.8186
600M,chip_292_552_merged.tif,0.4,3,1910066161,100,31.4514,36.5858,5.1344
600M,chip_292_552_merged.tif,0.4,4,1430120643,100,30.2634,36.7804,6.5171
600M,chip_292_552_merged.tif,0.6,0,260443086,154,31.499,36.5309,5.0319
600M,chip_292_552_merged.tif,0.6,1,2027320103,154,30.9501,35.4566,4.5066
600M,chip_292_552_merged.tif,0.6,2,1547374585,154,32.6904,36.0236,3.3332
600M,chip_292_552_merged.tif,0.6,3,1166767954,154,31.8612,35.76,3.8988
600M,chip_292_552_merged.tif,0.6,4,686822436,154,29.046,36.4594,7.4134
600M,chip_292_552_merged.tif,0.8,0,1925334538,208,29.5476,33.6761,4.1285
600M,chip_292_552_merged.tif,0.8,1,1544727907,208,28.1126,33.378,5.2654
600M,chip_292_552_merged.tif,0.8,2,1064782389,208,29.548,32.7981,3.2501
600M,chip_292_552_merged.tif,0.8,3,684175758,208,31.156,33.3666,2.2106
600M,chip_292_552_merged.tif,0.8,4,204230240,208,30.967,33.9727,3.0056
600M,chip_296_540_merged.tif,0.2,0,1326991753,50,33.5666,36.1501,2.5834
600M,chip_296_540_merged.tif,0.2,1,946385122,50,31.7212,35.0313,3.3101
600M,chip_296_540_merged.tif,0.2,2,466439604,50,29.3808,33.8445,4.4637
600M,chip_296_540_merged.tif,0.2,3,85832973,50,32.0906,35.9689,3.8783
600M,chip_296_540_merged.tif,0.2,4,1753371103,50,35.2605,34.3631,-0.8975
600M,chip_296_540_merged.tif,0.4,0,1166376420,100,32.346,34.4282,2.0822
600M,chip_296_540_merged.tif,0.4,1,686430902,100,31.1765,35.3877,4.2112
600M,chip_296_540_merged.tif,0.4,2,305824271,100,29.4558,34.4658,5.0099
600M,chip_296_540_merged.tif,0.4,3,2072701288,100,31.1019,34.5653,3.4634
600M,chip_296_540_merged.tif,0.4,4,1592755770,100,29.5545,34.5203,4.9658
600M,chip_296_540_merged.tif,0.6,0,423078213,154,31.5858,34.0286,2.4428
600M,chip_296_540_merged.tif,0.6,1,2090616343,154,30.183,32.2889,2.1059
600M,chip_296_540_merged.tif,0.6,2,1710009712,154,31.1511,34.1792,3.0281
600M,chip_296_540_merged.tif,0.6,3,1329403081,154,31.7589,34.427,2.6682
600M,chip_296_540_merged.tif,0.6,4,849457563,154,30.1934,32.7183,2.5249
600M,chip_296_540_merged.tif,0.8,0,2087969665,208,29.9208,32.039,2.1182
600M,chip_296_540_merged.tif,0.8,1,1707363034,208,29.9205,31.866,1.9454
600M,chip_296_540_merged.tif,0.8,2,1227417516,208,29.0902,32.0886,2.9984
600M,chip_296_540_merged.tif,0.8,3,846810885,208,29.982,32.0938,2.1117
600M,chip_296_540_merged.tif,0.8,4,366865367,208,29.9441,31.7038,1.7596
600M,chip_298_351_merged.tif,0.2,0,1346420959,50,36.2223,39.0319,2.8097
600M,chip_298_351_merged.tif,0.2,1,965814328,50,36.4423,39.602,3.1597
600M,chip_298_351_merged.tif,0.2,2,485868810,50,36.5434,38.6967,2.1533
600M,chip_298_351_merged.tif,0.2,3,105262179,50,35.7867,37.8234,2.0367
600M,chip_298_351_merged.tif,0.2,4,1772800309,50,36.5484,38.9297,2.3813
600M,chip_298_351_merged.tif,0.4,0,380484776,100,35.6652,39.0513,3.3861
600M,chip_298_351_merged.tif,0.4,1,2048022906,100,35.9818,39.2462,3.2645
600M,chip_298_351_merged.tif,0.4,2,1667416275,100,36.4513,38.6672,2.2159
600M,chip_298_351_merged.tif,0.4,3,1187470757,100,36.5745,38.655,2.0806
600M,chip_298_351_merged.tif,0.4,4,806864126,100,35.4338,38.0824,2.6486
600M,chip_298_351_merged.tif,0.6,0,442507419,154,36.2301,38.4756,2.2456
600M,chip_298_351_merged.tif,0.6,1,61900788,154,36.379,37.8835,1.5045
600M,chip_298_351_merged.tif,0.6,2,1729438918,154,34.7891,37.8731,3.084
600M,chip_298_351_merged.tif,0.6,3,1348832287,154,34.4929,37.7682,3.2753
600M,chip_298_351_merged.tif,0.6,4,868886769,154,35.5968,38.0785,2.4817
600M,chip_298_351_merged.tif,0.8,0,2107398871,208,34.2156,36.9074,2.6918
600M,chip_298_351_merged.tif,0.8,1,1726792240,208,34.2159,37.0733,2.8575
600M,chip_298_351_merged.tif,0.8,2,1246846722,208,34.2153,36.6,2.3847
600M,chip_298_351_merged.tif,0.8,3,866240091,208,34.2163,36.7254,2.5091
600M,chip_298_351_merged.tif,0.8,4,386294573,208,31.5721,36.7289,5.1568
600M,chip_299_453_merged.tif,0.2,0,1124566588,50,38.5269,39.3591,0.8322
600M,chip_299_453_merged.tif,0.2,1,743959957,50,37.9997,40.273,2.2732
600M,chip_299_453_merged.tif,0.2,2,264014439,50,31.7508,40.4231,8.6722
600M,chip_299_453_merged.tif,0.2,3,2030891456,50,36.093,40.3148,4.2218
600M,chip_299_453_merged.tif,0.2,4,1650284825,50,36.9972,40.8294,3.8322
600M,chip_299_453_merged.tif,0.4,0,963951255,100,35.7289,39.2196,3.4907
600M,chip_299_453_merged.tif,0.4,1,583344624,100,31.1425,40.2543,9.1118
600M,chip_299_453_merged.tif,0.4,2,103399106,100,33.7582,38.3229,4.5647
600M,chip_299_453_merged.tif,0.4,3,1870276123,100,33.319,39.5585,6.2395
600M,chip_299_453_merged.tif,0.4,4,1390330605,100,31.7932,38.1814,6.3882
600M,chip_299_453_merged.tif,0.6,0,220653048,154,32.5278,38.1468,5.619
600M,chip_299_453_merged.tif,0.6,1,1987530065,154,32.0374,37.4261,5.3887
600M,chip_299_453_merged.tif,0.6,2,1507584547,154,34.3932,38.5149,4.1217
600M,chip_299_453_merged.tif,0.6,3,1126977916,154,32.0377,36.3033,4.2656
600M,chip_299_453_merged.tif,0.6,4,647032398,154,32.7981,38.1437,5.3456
600M,chip_299_453_merged.tif,0.8,0,1885544500,208,32.8064,34.6034,1.797
600M,chip_299_453_merged.tif,0.8,1,1504937869,208,31.672,34.2261,2.5541
600M,chip_299_453_merged.tif,0.8,2,1024992351,208,28.6279,34.7312,6.1033
600M,chip_299_453_merged.tif,0.8,3,644385720,208,31.6723,35.9348,4.2625
600M,chip_299_453_merged.tif,0.8,4,263779089,208,31.672,34.5572,2.8852
600M,chip_302_301_merged.tif,0.2,0,160416071,50,32.1937,38.9727,6.779
600M,chip_302_301_merged.tif,0.2,1,1927293088,50,32.4321,37.8439,5.4118
600M,chip_302_301_merged.tif,0.2,2,1447347570,50,33.9673,38.4327,4.4654
600M,chip_302_301_merged.tif,0.2,3,1066740939,50,32.1561,38.0397,5.8836
600M,chip_302_301_merged.tif,0.2,4,586795421,50,33.1722,37.8716,4.6993
600M,chip_302_301_merged.tif,0.4,0,2147284386,100,31.415,37.6446,6.2296
600M,chip_302_301_merged.tif,0.4,1,1667338868,100,33.7405,38.3752,4.6347
600M,chip_302_301_merged.tif,0.4,2,1286732237,100,32.4773,37.6408,5.1635
600M,chip_302_301_merged.tif,0.4,3,906125606,100,34.3912,37.8453,3.4541
600M,chip_302_301_merged.tif,0.4,4,426180088,100,32.8271,37.9228,5.0957
600M,chip_302_301_merged.tif,0.6,0,1403986179,154,32.6223,36.7503,4.1279
600M,chip_302_301_merged.tif,0.6,1,1023379548,154,33.1793,35.8806,2.7013
600M,chip_302_301_merged.tif,0.6,2,543434030,154,31.7465,36.1908,4.4444
600M,chip_302_301_merged.tif,0.6,3,162827399,154,31.6768,36.6172,4.9404
600M,chip_302_301_merged.tif,0.6,4,1830365529,154,32.9188,36.4709,3.5522
600M,chip_302_301_merged.tif,0.8,0,921393983,208,32.5786,34.4053,1.8267
600M,chip_302_301_merged.tif,0.8,1,540787352,208,32.5784,34.6205,2.0421
600M,chip_302_301_merged.tif,0.8,2,60841834,208,32.5787,34.7089,2.1303
600M,chip_302_301_merged.tif,0.8,3,1827718851,208,32.5781,35.0793,2.5013
600M,chip_302_301_merged.tif,0.8,4,1347773333,208,31.3643,34.9692,3.6048
600M,chip_308_293_merged.tif,0.2,0,2013562939,50,34.824,37.385,2.561
600M,chip_308_293_merged.tif,0.2,1,1632956308,50,34.4673,38.2688,3.8015
600M,chip_308_293_merged.tif,0.2,2,1153010790,50,34.6079,38.0369,3.429
600M,chip_308_293_merged.tif,0.2,3,772404159,50,34.9578,37.3158,2.358
600M,chip_308_293_merged.tif,0.2,4,391797528,50,36.0314,37.9541,1.9228
600M,chip_308_293_merged.tif,0.4,0,1852947606,100,34.4474,37.5119,3.0645
600M,chip_308_293_merged.tif,0.4,1,1472340975,100,34.2934,37.7373,3.4439
600M,chip_308_293_merged.tif,0.4,2,992395457,100,34.9773,37.716,2.7387
600M,chip_308_293_merged.tif,0.4,3,611788826,100,34.1033,37.8346,3.7313
600M,chip_308_293_merged.tif,0.4,4,131843308,100,32.8262,36.9898,4.1636
600M,chip_308_293_merged.tif,0.6,0,1109649399,154,32.9894,36.4519,3.4625
600M,chip_308_293_merged.tif,0.6,1,729042768,154,32.9865,36.5013,3.5148
600M,chip_308_293_merged.tif,0.6,2,249097250,154,33.8,36.7205,2.9204
600M,chip_308_293_merged.tif,0.6,3,2015974267,154,33.6805,36.9939,3.3133
600M,chip_308_293_merged.tif,0.6,4,1536028749,154,33.8485,37.24,3.3915
600M,chip_308_293_merged.tif,0.8,0,627057203,208,30.9603,35.6388,4.6785
600M,chip_308_293_merged.tif,0.8,1,246450572,208,32.891,35.77,2.879
600M,chip_308_293_merged.tif,0.8,2,1913988702,208,32.3624,35.7143,3.3519
600M,chip_308_293_merged.tif,0.8,3,1533382071,208,32.3621,34.2983,1.9362
600M,chip_308_293_merged.tif,0.8,4,1152775440,208,32.8915,34.9028,2.0113
600M,chip_308_517_merged.tif,0.2,0,2132540792,50,35.5059,36.8152,1.3093
600M,chip_308_517_merged.tif,0.2,1,1652595274,50,32.0173,36.3895,4.3722
600M,chip_308_517_merged.tif,0.2,2,1271988643,50,34.6327,36.896,2.2633
600M,chip_308_517_merged.tif,0.2,3,891382012,50,33.0982,36.4569,3.3587
600M,chip_308_517_merged.tif,0.2,4,411436494,50,37.1275,35.6645,-1.4629
600M,chip_308_517_merged.tif,0.4,0,1067265722,100,31.959,35.2146,3.2556
600M,chip_308_517_merged.tif,0.4,1,686659091,100,32.7977,36.4278,3.6301
600M,chip_308_517_merged.tif,0.4,2,206713573,100,32.1925,35.5891,3.3966
600M,chip_308_517_merged.tif,0.4,3,1973590590,100,34.0304,35.7286,1.6982
600M,chip_308_517_merged.tif,0.4,4,1592983959,100,32.7358,36.1248,3.3889
600M,chip_308_517_merged.tif,0.6,0,323967515,154,31.1374,34.0665,2.9291
600M,chip_308_517_merged.tif,0.6,1,2090844532,154,31.0659,34.1063,3.0404
600M,chip_308_517_merged.tif,0.6,2,1710237901,154,28.6785,34.2441,5.5655
600M,chip_308_517_merged.tif,0.6,3,1230292383,154,30.4263,34.7444,4.3181
600M,chip_308_517_merged.tif,0.6,4,849685752,154,31.0295,34.6909,3.6614
600M,chip_308_517_merged.tif,0.8,0,2088197854,208,29.1668,32.9956,3.8288
600M,chip_308_517_merged.tif,0.8,1,1608252336,208,29.1666,33.1863,4.0198
600M,chip_308_517_merged.tif,0.8,2,1227645705,208,30.165,30.8043,0.6393
600M,chip_308_517_merged.tif,0.8,3,747700187,208,28.6774,31.8778,3.2004
600M,chip_308_517_merged.tif,0.8,4,367093556,208,29.1666,32.8772,3.7106
600M,chip_310_469_merged.tif,0.2,0,1268299536,50,35.7498,39.9248,4.1751
600M,chip_310_469_merged.tif,0.2,1,887692905,50,35.39,39.189,3.799
600M,chip_310_469_merged.tif,0.2,2,407747387,50,35.5728,39.8316,4.2588
600M,chip_310_469_merged.tif,0.2,3,27140756,50,35.7004,39.9799,4.2795
600M,chip_310_469_merged.tif,0.2,4,1694678886,50,36.3128,40.1141,3.8013
600M,chip_310_469_merged.tif,0.4,0,1107684203,100,34.8861,39.7868,4.9006
600M,chip_310_469_merged.tif,0.4,1,627738685,100,34.8792,39.1909,4.3117
600M,chip_310_469_merged.tif,0.4,2,247132054,100,33.7225,40.1928,6.4703
600M,chip_310_469_merged.tif,0.4,3,2014009071,100,35.2739,39.3534,4.0795
600M,chip_310_469_merged.tif,0.4,4,1534063553,100,33.7231,39.2464,5.5233
600M,chip_310_469_merged.tif,0.6,0,364385996,154,33.3137,38.6351,5.3214
600M,chip_310_469_merged.tif,0.6,1,2131263013,154,33.5865,38.4532,4.8667
600M,chip_310_469_merged.tif,0.6,2,1651317495,154,33.3132,38.2666,4.9533
600M,chip_310_469_merged.tif,0.6,3,1270710864,154,33.5863,38.7444,5.1581
600M,chip_310_469_merged.tif,0.6,4,790765346,154,33.8483,38.9968,5.1485
600M,chip_310_469_merged.tif,0.8,0,2029277448,208,34.4766,37.3897,2.9131
600M,chip_310_469_merged.tif,0.8,1,1648670817,208,31.357,36.6987,5.3417
600M,chip_310_469_merged.tif,0.8,2,1168725299,208,31.3581,36.4207,5.0626
600M,chip_310_469_merged.tif,0.8,3,788118668,208,34.4769,37.8368,3.3598
600M,chip_310_469_merged.tif,0.8,4,308173150,208,34.4514,37.1428,2.6914
600M,chip_311_380_merged.tif,0.2,0,922365505,50,33.4489,36.3697,2.9207
600M,chip_311_380_merged.tif,0.2,1,541758874,50,33.5267,36.4395,2.9129
600M,chip_311_380_merged.tif,0.2,2,161152243,50,32.0832,35.1686,3.0855
600M,chip_311_380_merged.tif,0.2,3,1828690373,50,33.0999,36.0963,2.9965
600M,chip_311_380_merged.tif,0.2,4,1448083742,50,35.1399,36.2859,1.146
600M,chip_311_380_merged.tif,0.4,0,761750172,100,31.2669,35.0179,3.751
600M,chip_311_380_merged.tif,0.4,1,381143541,100,31.5798,36.0979,4.5181
600M,chip_311_380_merged.tif,0.4,2,2048681671,100,30.4108,35.8914,5.4806
600M,chip_311_380_merged.tif,0.4,3,1668075040,100,28.9945,36.6341,7.6396
600M,chip_311_380_merged.tif,0.4,4,1287468409,100,33.4021,36.1841,2.7819
600M,chip_311_380_merged.tif,0.6,0,18451965,154,29.0097,35.3239,6.3142
600M,chip_311_380_merged.tif,0.6,1,1785328982,154,27.1878,35.2828,8.0951
600M,chip_311_380_merged.tif,0.6,2,1305383464,154,25.8481,35.5688,9.7207
600M,chip_311_380_merged.tif,0.6,3,924776833,154,31.6909,34.7977,3.1068
600M,chip_311_380_merged.tif,0.6,4,544170202,154,30.8039,35.4807,4.6768
600M,chip_311_380_merged.tif,0.8,0,1683343417,208,28.352,33.2572,4.9052
600M,chip_311_380_merged.tif,0.8,1,1302736786,208,28.3506,33.4403,5.0897
600M,chip_311_380_merged.tif,0.8,2,922130155,208,28.3523,33.5275,5.1752
600M,chip_311_380_merged.tif,0.8,3,442184637,208,25.453,33.2725,7.8195
600M,chip_311_380_merged.tif,0.8,4,61578006,208,24.5288,33.5245,8.9957
600M,chip_311_469_merged.tif,0.2,0,77174198,50,35.3269,41.8219,6.4951
600M,chip_311_469_merged.tif,0.2,1,1844051215,50,41.3239,43.0568,1.7329
600M,chip_311_469_merged.tif,0.2,2,1364105697,50,35.7708,41.695,5.9242
600M,chip_311_469_merged.tif,0.2,3,983499066,50,35.8349,41.8745,6.0396
600M,chip_311_469_merged.tif,0.2,4,602892435,50,36.5592,41.7008,5.1416
600M,chip_311_469_merged.tif,0.4,0,2064042513,100,37.6067,42.6439,5.0372
600M,chip_311_469_merged.tif,0.4,1,1683435882,100,38.9694,42.776,3.8067
600M,chip_311_469_merged.tif,0.4,2,1203490364,100,37.1316,41.8583,4.7267
600M,chip_311_469_merged.tif,0.4,3,822883733,100,40.1172,41.7187,1.6015
600M,chip_311_469_merged.tif,0.4,4,342938215,100,39.8462,40.253,0.4067
600M,chip_311_469_merged.tif,0.6,0,1320744306,154,39.5865,41.3084,1.722
600M,chip_311_469_merged.tif,0.6,1,940137675,154,39.5853,41.1937,1.6085
600M,chip_311_469_merged.tif,0.6,2,460192157,154,39.1133,41.1159,2.0026
600M,chip_311_469_merged.tif,0.6,3,79585526,154,38.1508,40.9296,2.7788
600M,chip_311_469_merged.tif,0.6,4,1747123656,154,37.9528,41.6811,3.7282
600M,chip_311_469_merged.tif,0.8,0,838152110,208,37.3248,40.5897,3.2649
600M,chip_311_469_merged.tif,0.8,1,457545479,208,38.5793,38.8232,0.2439
600M,chip_311_469_merged.tif,0.8,2,2125083609,208,38.0274,41.0261,2.9987
600M,chip_311_469_merged.tif,0.8,3,1744476978,208,38.5832,40.5066,1.9234
600M,chip_311_469_merged.tif,0.8,4,1363870347,208,38.0261,40.3969,2.3707
600M,chip_312_433_merged.tif,0.2,0,1331191979,50,35.1871,36.1467,0.9596
600M,chip_312_433_merged.tif,0.2,1,851246461,50,36.6012,33.2981,-3.303
600M,chip_312_433_merged.tif,0.2,2,470639830,50,34.8934,36.7729,1.8795
600M,chip_312_433_merged.tif,0.2,3,90033199,50,33.0533,37.6024,4.5491
600M,chip_312_433_merged.tif,0.2,4,1757571329,50,33.0297,36.5858,3.5561
600M,chip_312_433_merged.tif,0.4,0,265916909,100,33.955,35.2088,1.2538
600M,chip_312_433_merged.tif,0.4,1,2032793926,100,33.9043,35.0576,1.1532
600M,chip_312_433_merged.tif,0.4,2,1652187295,100,33.8498,35.3142,1.4645
600M,chip_312_433_merged.tif,0.4,3,1172241777,100,33.6149,35.6039,1.989
600M,chip_312_433_merged.tif,0.4,4,791635146,100,34.0865,34.9417,0.8553
600M,chip_312_433_merged.tif,0.6,0,427278439,154,31.2361,35.208,3.972
600M,chip_312_433_merged.tif,0.6,1,2094816569,154,34.2295,35.4308,1.2013
600M,chip_312_433_merged.tif,0.6,2,1714209938,154,34.2464,35.3655,1.1191
600M,chip_312_433_merged.tif,0.6,3,1234264420,154,34.2299,34.9785,0.7486
600M,chip_312_433_merged.tif,0.6,4,853657789,154,31.2356,34.9104,3.6748
600M,chip_312_433_merged.tif,0.8,0,2092169891,208,33.2711,33.795,0.5239
600M,chip_312_433_merged.tif,0.8,1,1612224373,208,33.2705,34.0442,0.7737
600M,chip_312_433_merged.tif,0.8,2,1231617742,208,30.3024,33.8272,3.5248
600M,chip_312_433_merged.tif,0.8,3,851011111,208,32.3607,34.2757,1.915
600M,chip_312_433_merged.tif,0.8,4,371065593,208,33.2209,34.4786,1.2577
600M,chip_313_236_merged.tif,0.2,0,1849141943,50,31.4632,36.5857,5.1225
600M,chip_313_236_merged.tif,0.2,1,1468535312,50,33.5035,35.4638,1.9603
600M,chip_313_236_merged.tif,0.2,2,1087928681,50,34.6078,36.5647,1.9569
600M,chip_313_236_merged.tif,0.2,3,607983163,50,33.3863,36.4454,3.0591
600M,chip_313_236_merged.tif,0.2,4,227376532,50,32.0253,35.547,3.5217
600M,chip_313_236_merged.tif,0.4,0,1688526610,100,33.0014,34.7914,1.79
600M,chip_313_236_merged.tif,0.4,1,1307919979,100,32.29,35.6659,3.3759
600M,chip_313_236_merged.tif,0.4,2,827974461,100,33.2318,35.9002,2.6684
600M,chip_313_236_merged.tif,0.4,3,447367830,100,32.8077,34.758,1.9503
600M,chip_313_236_merged.tif,0.4,4,66761199,100,31.5592,35.6726,4.1133
600M,chip_313_236_merged.tif,0.6,0,945228403,154,32.7283,34.652,1.9236
600M,chip_313_236_merged.tif,0.6,1,564621772,154,32.7287,35.0415,2.3128
600M,chip_313_236_merged.tif,0.6,2,84676254,154,32.7285,34.8516,2.1231
600M,chip_313_236_merged.tif,0.6,3,1851553271,154,32.3253,34.9801,2.6548
600M,chip_313_236_merged.tif,0.6,4,1470946640,154,32.6559,35.0533,2.3975
600M,chip_313_236_merged.tif,0.8,0,462636207,208,32.0096,32.9304,0.9208
600M,chip_313_236_merged.tif,0.8,1,82029576,208,30.837,32.8663,2.0293
600M,chip_313_236_merged.tif,0.8,2,1848906593,208,31.504,33.9973,2.4932
600M,chip_313_236_merged.tif,0.8,3,1368961075,208,32.0099,33.6112,1.6014
600M,chip_313_236_merged.tif,0.8,4,988354444,208,31.8934,34.4105,2.517
600M,chip_314_342_merged.tif,0.2,0,1859075675,50,35.4612,37.2641,1.8028
600M,chip_314_342_merged.tif,0.2,1,1478469044,50,36.9897,37.5375,0.5478
600M,chip_314_342_merged.tif,0.2,2,998523526,50,36.6115,39.0489,2.4373
600M,chip_314_342_merged.tif,0.2,3,617916895,50,36.953,37.7178,0.7648
600M,chip_314_342_merged.tif,0.2,4,137971377,50,36.9411,38.2875,1.3464
600M,chip_314_342_merged.tif,0.4,0,1698460342,100,35.4436,37.7914,2.3479
600M,chip_314_342_merged.tif,0.4,1,1218514824,100,36.7804,38.1988,1.4184
600M,chip_314_342_merged.tif,0.4,2,837908193,100,36.3041,38.0068,1.7027
600M,chip_314_342_merged.tif,0.4,3,457301562,100,35.7699,37.7359,1.966
600M,chip_314_342_merged.tif,0.4,4,2124839692,100,35.0585,38.5044,3.4459
600M,chip_314_342_merged.tif,0.6,0,1808100998,154,31.1667,37.9246,6.7579
600M,chip_314_342_merged.tif,0.6,1,1328155480,154,31.1671,36.6597,5.4926
600M,chip_314_342_merged.tif,0.6,2,947548849,154,31.2263,36.9515,5.7252
600M,chip_314_342_merged.tif,0.6,3,467603331,154,35.4088,37.5936,2.1847
600M,chip_314_342_merged.tif,0.6,4,86996700,154,31.2235,37.1303,5.9067
600M,chip_314_342_merged.tif,0.8,0,472569939,208,30.319,36.3981,6.0791
600M,chip_314_342_merged.tif,0.8,1,91963308,208,30.4133,36.5514,6.1381
600M,chip_314_342_merged.tif,0.8,2,1759501438,208,29.8632,36.7804,6.9172
600M,chip_314_342_merged.tif,0.8,3,1378894807,208,29.3915,36.5572,7.1657
600M,chip_314_342_merged.tif,0.8,4,898949289,208,29.863,37.0625,7.1994
600M,chip_314_519_merged.tif,0.2,0,24881390,50,39.902,38.0056,-1.8964
600M,chip_314_519_merged.tif,0.2,1,1692419520,50,33.9303,39.1647,5.2344
600M,chip_314_519_merged.tif,0.2,2,1311812889,50,40.4024,38.5994,-1.803
600M,chip_314_519_merged.tif,0.2,3,831867371,50,35.2087,38.7087,3.5
600M,chip_314_519_merged.tif,0.2,4,451260740,50,30.3878,37.2615,6.8737
600M,chip_314_519_merged.tif,0.4,0,1912410818,100,32.0074,37.8467,5.8393
600M,chip_314_519_merged.tif,0.4,1,1531804187,100,39.2573,39.0918,-0.1654
600M,chip_314_519_merged.tif,0.4,2,1151197556,100,31.9636,37.5027,5.5391
600M,chip_314_519_merged.tif,0.4,3,671252038,100,37.9972,38.5162,0.5189
600M,chip_314_519_merged.tif,0.4,4,290645407,100,28.9706,38.2404,9.2699
600M,chip_314_519_merged.tif,0.6,0,1169112611,154,30.1084,34.8894,4.781
600M,chip_314_519_merged.tif,0.6,1,788505980,154,30.0923,35.9404,5.8481
600M,chip_314_519_merged.tif,0.6,2,407899349,154,33.6432,36.4537,2.8105
600M,chip_314_519_merged.tif,0.6,3,2075437479,154,30.0928,35.7384,5.6457
600M,chip_314_519_merged.tif,0.6,4,1694830848,154,30.0924,37.0488,6.9564
600M,chip_314_519_merged.tif,0.8,0,785859302,208,34.6253,37.6638,3.0386
600M,chip_314_519_merged.tif,0.8,1,305913784,208,34.6251,37.1983,2.5732
600M,chip_314_519_merged.tif,0.8,2,2072790801,208,30.9021,36.8937,5.9916
600M,chip_314_519_merged.tif,0.8,3,1592845283,208,37.0251,34.9165,-2.1086
600M,chip_314_519_merged.tif,0.8,4,1212238652,208,30.9027,34.8395,3.9368
600M,chip_315_516_merged.tif,0.2,0,1843936569,50,37.4599,38.7643,1.3044
600M,chip_315_516_merged.tif,0.2,1,1363991051,50,34.2481,38.7132,4.4651
600M,chip_315_516_merged.tif,0.2,2,983384420,50,35.6813,38.6205,2.9391
600M,chip_315_516_merged.tif,0.2,3,503438902,50,36.1842,37.7112,1.527
600M,chip_315_516_merged.tif,0.2,4,122832271,50,34.9358,38.8012,3.8653
600M,chip_315_516_merged.tif,0.4,0,1583982349,100,35.1032,37.8761,2.7729
600M,chip_315_516_merged.tif,0.4,1,1203375718,100,35.6411,38.7846,3.1435
600M,chip_315_516_merged.tif,0.4,2,822769087,100,34.8555,37.9153,3.0598
600M,chip_315_516_merged.tif,0.4,3,342823569,100,34.2594,37.8055,3.5461
600M,chip_315_516_merged.tif,0.4,4,2109700586,100,35.3641,38.2742,2.9102
600M,chip_315_516_merged.tif,0.6,0,840684142,154,35.1423,38.1451,3.0029
600M,chip_315_516_merged.tif,0.6,1,460077511,154,35.8315,36.9619,1.1304
600M,chip_315_516_merged.tif,0.6,2,79470880,154,35.1426,37.4912,2.3487
600M,chip_315_516_merged.tif,0.6,3,1747009010,154,34.8132,37.8284,3.0152
600M,chip_315_516_merged.tif,0.6,4,1366402379,154,32.6243,36.476,3.8517
600M,chip_315_516_merged.tif,0.8,0,457430833,208,32.5288,35.7919,3.2631
600M,chip_315_516_merged.tif,0.8,1,2124968963,208,32.2302,35.2341,3.0038
600M,chip_315_516_merged.tif,0.8,2,1744362332,208,32.2309,35.9295,3.6987
600M,chip_315_516_merged.tif,0.8,3,1264416814,208,32.1575,36.4975,4.3399
600M,chip_315_516_merged.tif,0.8,4,883810183,208,32.2304,34.9485,2.718
600M,chip_316_543_merged.tif,0.2,0,489030854,50,33.0239,37.0914,4.0674
600M,chip_316_543_merged.tif,0.2,1,108424223,50,32.9901,36.9318,3.9417
600M,chip_316_543_merged.tif,0.2,2,1775962353,50,33.7551,38.3887,4.6336
600M,chip_316_543_merged.tif,0.2,3,1395355722,50,33.2858,37.4806,4.1949
600M,chip_316_543_merged.tif,0.2,4,915410204,50,32.1389,36.8582,4.7193
600M,chip_316_543_merged.tif,0.4,0,328415521,100,33.4239,35.376,1.9521
600M,chip_316_543_merged.tif,0.4,1,1995953651,100,33.4277,35.8837,2.456
600M,chip_316_543_merged.tif,0.4,2,1615347020,100,33.3739,36.9291,3.5552
600M,chip_316_543_merged.tif,0.4,3,1135401502,100,33.5491,36.4639,2.9148
600M,chip_316_543_merged.tif,0.4,4,754794871,100,34.2756,37.8034,3.5279
600M,chip_316_543_merged.tif,0.6,0,1732600962,154,34.0724,35.4815,1.4091
600M,chip_316_543_merged.tif,0.6,1,1252655444,154,33.6568,35.6824,2.0256
600M,chip_316_543_merged.tif,0.6,2,872048813,154,34.5307,36.558,2.0273
600M,chip_316_543_merged.tif,0.6,3,392103295,154,34.1244,35.0089,0.8845
600M,chip_316_543_merged.tif,0.6,4,11496664,154,33.7531,35.3427,1.5896
600M,chip_316_543_merged.tif,0.8,0,1250008766,208,33.5919,35.3751,1.7832
600M,chip_316_543_merged.tif,0.8,1,770063248,208,33.5453,35.6415,2.0962
600M,chip_316_543_merged.tif,0.8,2,389456617,208,33.4237,35.2082,1.7845
600M,chip_316_543_merged.tif,0.8,3,8849986,208,33.3948,34.9008,1.506
600M,chip_316_543_merged.tif,0.8,4,1676388116,208,33.3941,34.9718,1.5777
600M,chip_317_528_merged.tif,0.2,0,1986611857,50,34.5932,37.5499,2.9567
600M,chip_317_528_merged.tif,0.2,1,1606005226,50,36.5778,36.9921,0.4144
600M,chip_317_528_merged.tif,0.2,2,1225398595,50,34.8757,37.2761,2.4004
600M,chip_317_528_merged.tif,0.2,3,745453077,50,34.0388,38.349,4.3102
600M,chip_317_528_merged.tif,0.2,4,364846446,50,34.875,37.3889,2.5138
600M,chip_317_528_merged.tif,0.4,0,1825996524,100,35.449,36.8929,1.444
600M,chip_317_528_merged.tif,0.4,1,1445389893,100,30.9893,37.0883,6.099
600M,chip_317_528_merged.tif,0.4,2,965444375,100,33.3627,36.9856,3.6228
600M,chip_317_528_merged.tif,0.4,3,584837744,100,30.9895,37.2813,6.2918
600M,chip_317_528_merged.tif,0.4,4,104892226,100,33.4455,36.5755,3.1299
600M,chip_317_528_merged.tif,0.6,0,1082698317,154,33.1423,36.0298,2.8875
600M,chip_317_528_merged.tif,0.6,1,702091686,154,32.57,34.7575,2.1876
600M,chip_317_528_merged.tif,0.6,2,222146168,154,33.0294,35.6379,2.6085
600M,chip_317_528_merged.tif,0.6,3,1989023185,154,34.6019,34.6575,0.0556
600M,chip_317_528_merged.tif,0.6,4,1509077667,154,33.8854,36.2611,2.3756
600M,chip_317_528_merged.tif,0.8,0,600106121,208,32.5812,34.4619,1.8807
600M,chip_317_528_merged.tif,0.8,1,219499490,208,32.6735,35.4221,2.7485
600M,chip_317_528_merged.tif,0.8,2,1986376507,208,32.4684,35.1106,2.6422
600M,chip_317_528_merged.tif,0.8,3,1506430989,208,32.1763,33.9385,1.7622
600M,chip_317_528_merged.tif,0.8,4,1125824358,208,32.5813,34.6744,2.0931
600M,chip_317_529_merged.tif,0.2,0,535170148,50,33.6706,36.3445,2.6739
600M,chip_317_529_merged.tif,0.2,1,154563517,50,35.4518,36.7907,1.3389
600M,chip_317_529_merged.tif,0.2,2,1822101647,50,33.724,36.2281,2.5041
600M,chip_317_529_merged.tif,0.2,3,1441495016,50,34.9953,36.0091,1.0138
600M,chip_317_529_merged.tif,0.2,4,1060888385,50,35.1625,36.4954,1.3328
600M,chip_317_529_merged.tif,0.4,0,1716717613,100,34.2774,35.6989,1.4215
600M,chip_317_529_merged.tif,0.4,1,1236772095,100,34.0322,36.4371,2.405
600M,chip_317_529_merged.tif,0.4,2,856165464,100,33.7462,34.9715,1.2253
600M,chip_317_529_merged.tif,0.4,3,376219946,100,34.1272,35.6652,1.538
600M,chip_317_529_merged.tif,0.4,4,2143096963,100,33.3489,36.1612,2.8123
600M,chip_317_529_merged.tif,0.6,0,1778740256,154,34.6443,35.2259,0.5816
600M,chip_317_529_merged.tif,0.6,1,1398133625,154,33.9387,36.4608,2.5221
600M,chip_317_529_merged.tif,0.6,2,918188107,154,33.7063,34.5796,0.8734
600M,chip_317_529_merged.tif,0.6,3,537581476,154,33.467,35.7633,2.2963
600M,chip_317_529_merged.tif,0.6,4,57635958,154,33.3003,34.8744,1.5741
600M,chip_317_529_merged.tif,0.8,0,1296148060,208,33.3359,33.9437,0.6078
600M,chip_317_529_merged.tif,0.8,1,915541429,208,33.6464,33.8224,0.176
600M,chip_317_529_merged.tif,0.8,2,435595911,208,33.9474,34.349,0.4016
600M,chip_317_529_merged.tif,0.8,3,54989280,208,34.0712,34.4895,0.4183
600M,chip_317_529_merged.tif,0.8,4,1821866297,208,34.0711,34.1405,0.0695
600M,chip_317_545_merged.tif,0.2,0,1355487662,50,34.1367,37.8384,3.7018
600M,chip_317_545_merged.tif,0.2,1,974881031,50,32.8902,37.8438,4.9537
600M,chip_317_545_merged.tif,0.2,2,494935513,50,33.016,37.5239,4.5079
600M,chip_317_545_merged.tif,0.2,3,114328882,50,36.194,35.9435,-0.2505
600M,chip_317_545_merged.tif,0.2,4,1781867012,50,30.1992,37.4967,7.2975
600M,chip_317_545_merged.tif,0.4,0,1194872329,100,29.5838,36.5768,6.9931
600M,chip_317_545_merged.tif,0.4,1,714926811,100,32.0912,36.5438,4.4526
600M,chip_317_545_merged.tif,0.4,2,334320180,100,31.6182,36.5606,4.9424
600M,chip_317_545_merged.tif,0.4,3,2001858310,100,32.4651,37.7951,5.33
600M,chip_317_545_merged.tif,0.4,4,1621251679,100,30.8607,35.5066,4.6459
600M,chip_317_545_merged.tif,0.6,0,451574122,154,30.972,34.9649,3.9929
600M,chip_317_545_merged.tif,0.6,1,2119112252,154,28.8747,34.9556,6.0809
600M,chip_317_545_merged.tif,0.6,2,1738505621,154,31.226,34.3576,3.1316
600M,chip_317_545_merged.tif,0.6,3,1258560103,154,30.5126,35.1809,4.6682
600M,chip_317_545_merged.tif,0.6,4,877953472,154,30.6189,36.5279,5.9091
600M,chip_317_545_merged.tif,0.8,0,2116465574,208,28.385,33.5936,5.2086
600M,chip_317_545_merged.tif,0.8,1,1636520056,208,29.8105,31.8514,2.0409
600M,chip_317_545_merged.tif,0.8,2,1255913425,208,30.7051,32.7142,2.009
600M,chip_317_545_merged.tif,0.8,3,875306794,208,28.8608,32.2191,3.3583
600M,chip_317_545_merged.tif,0.8,4,395361276,208,28.8606,32.1275,3.2669
600M,chip_318_344_merged.tif,0.2,0,761654014,50,37.2085,41.7941,4.5856
600M,chip_318_344_merged.tif,0.2,1,281708496,50,40.6323,42.1974,1.5651
600M,chip_318_344_merged.tif,0.2,2,2048585513,50,40.4091,42.0992,1.6901
600M,chip_318_344_merged.tif,0.2,3,1568639995,50,40.9692,42.206,1.2368
600M,chip_318_344_merged.tif,0.2,4,1188033364,50,41.2846,42.6074,1.3227
600M,chip_318_344_merged.tif,0.4,0,501699794,100,40.3835,41.8262,1.4427
600M,chip_318_344_merged.tif,0.4,1,121093163,100,40.7349,42.2232,1.4883
600M,chip_318_344_merged.tif,0.4,2,1788631293,100,40.8523,42.2003,1.348
600M,chip_318_344_merged.tif,0.4,3,1408024662,100,40.8529,41.9277,1.0748
600M,chip_318_344_merged.tif,0.4,4,1027418031,100,39.2064,41.9035,2.6972
600M,chip_318_344_merged.tif,0.6,0,1905885235,154,38.373,41.1811,2.8081
600M,chip_318_344_merged.tif,0.6,1,1525278604,154,39.9581,41.5528,1.5947
600M,chip_318_344_merged.tif,0.6,2,1045333086,154,39.9578,41.8167,1.8589
600M,chip_318_344_merged.tif,0.6,3,664726455,154,39.9589,41.7459,1.7871
600M,chip_318_344_merged.tif,0.6,4,284119824,154,39.9227,41.9588,2.0362
600M,chip_318_344_merged.tif,0.8,0,1522631926,208,37.4718,40.8898,3.418
600M,chip_318_344_merged.tif,0.8,1,1042686408,208,37.8628,41.014,3.1511
600M,chip_318_344_merged.tif,0.8,2,662079777,208,37.4711,40.3636,2.8925
600M,chip_318_344_merged.tif,0.8,3,182134259,208,38.1408,40.5959,2.4552
600M,chip_318_344_merged.tif,0.8,4,1949011276,208,36.3555,40.4714,4.1159
600M,chip_318_539_merged.tif,0.2,0,1223561700,50,34.4681,37.9447,3.4766
600M,chip_318_539_merged.tif,0.2,1,743616182,50,34.2867,37.8055,3.5188
600M,chip_318_539_merged.tif,0.2,2,363009551,50,31.8199,38.3728,6.553
600M,chip_318_539_merged.tif,0.2,3,2129886568,50,34.4679,36.4903,2.0224
600M,chip_318_539_merged.tif,0.2,4,1649941050,50,33.8032,37.6251,3.8219
600M,chip_318_539_merged.tif,0.4,0,1062946367,100,32.9196,37.181,4.2614
600M,chip_318_539_merged.tif,0.4,1,583000849,100,32.8833,36.6989,3.8156
600M,chip_318_539_merged.tif,0.4,2,202394218,100,32.8446,38.2586,5.414
600M,chip_318_539_merged.tif,0.4,3,1869932348,100,34.4346,36.9695,2.5349
600M,chip_318_539_merged.tif,0.4,4,1489325717,100,32.919,37.6159,4.6969
600M,chip_318_539_merged.tif,0.6,0,319648160,154,33.286,36.52,3.234
600M,chip_318_539_merged.tif,0.6,1,1987186290,154,33.2038,36.0719,2.8681
600M,chip_318_539_merged.tif,0.6,2,1606579659,154,32.8688,36.7248,3.856
600M,chip_318_539_merged.tif,0.6,3,1126634141,154,32.946,36.9469,4.0009
600M,chip_318_539_merged.tif,0.6,4,746027510,154,32.7434,36.1779,3.4345
600M,chip_318_539_merged.tif,0.8,0,1984539612,208,33.1427,34.9732,1.8305
600M,chip_318_539_merged.tif,0.8,1,1504594094,208,32.9483,34.7607,1.8124
600M,chip_318_539_merged.tif,0.8,2,1123987463,208,32.9483,34.3354,1.387
600M,chip_318_539_merged.tif,0.8,3,743380832,208,32.9486,34.7021,1.7535
600M,chip_318_539_merged.tif,0.8,4,263435314,208,33.1783,35.0007,1.8224
600M,chip_319_529_merged.tif,0.2,0,1579600799,50,34.0495,36.7829,2.7335
600M,chip_319_529_merged.tif,0.2,1,1198994168,50,34.851,36.6438,1.7928
600M,chip_319_529_merged.tif,0.2,2,719048650,50,33.8075,36.5444,2.737
600M,chip_319_529_merged.tif,0.2,3,338442019,50,30.981,36.6528,5.6718
600M,chip_319_529_merged.tif,0.2,4,2105319036,50,33.096,37.364,4.268
600M,chip_319_529_merged.tif,0.4,0,1418985466,100,33.5848,35.7807,2.196
600M,chip_319_529_merged.tif,0.4,1,1038378835,100,30.9761,34.5643,3.5882
600M,chip_319_529_merged.tif,0.4,2,558433317,100,32.7776,36.6147,3.8371
600M,chip_319_529_merged.tif,0.4,3,177826686,100,32.2315,36.0985,3.8669
600M,chip_319_529_merged.tif,0.4,4,1845364816,100,32.0213,37.0344,5.0131
600M,chip_319_529_merged.tif,0.6,0,1528626122,154,31.4269,34.568,3.1411
600M,chip_319_529_merged.tif,0.6,1,1048680604,154,32.9564,34.3979,1.4414
600M,chip_319_529_merged.tif,0.6,2,668073973,154,31.427,35.8942,4.4672
600M,chip_319_529_merged.tif,0.6,3,287467342,154,32.582,35.177,2.595
600M,chip_319_529_merged.tif,0.6,4,1955005472,154,32.6845,34.9036,2.2191
600M,chip_319_529_merged.tif,0.8,0,193095063,208,31.9248,33.6658,1.741
600M,chip_319_529_merged.tif,0.8,1,1959972080,208,31.9263,33.0842,1.1579
600M,chip_319_529_merged.tif,0.8,2,1480026562,208,31.9256,33.5661,1.6405
600M,chip_319_529_merged.tif,0.8,3,1099419931,208,31.648,33.7719,2.124
600M,chip_319_529_merged.tif,0.8,4,718813300,208,29.0734,33.5414,4.468
600M,chip_320_544_merged.tif,0.2,0,609629529,50,33.8668,37.7493,3.8825
600M,chip_320_544_merged.tif,0.2,1,229022898,50,33.0743,39.0675,5.9932
600M,chip_320_544_merged.tif,0.2,2,1896561028,50,32.1869,35.8454,3.6585
600M,chip_320_544_merged.tif,0.2,3,1515954397,50,34.3559,38.8437,4.4878
600M,chip_320_544_merged.tif,0.2,4,1036008879,50,33.9903,36.1546,2.1642
600M,chip_320_544_merged.tif,0.4,0,449014196,100,33.2717,38.403,5.1313
600M,chip_320_544_merged.tif,0.4,1,2116552326,100,33.5399,37.8884,4.3485
600M,chip_320_544_merged.tif,0.4,2,1735945695,100,33.696,38.0563,4.3604
600M,chip_320_544_merged.tif,0.4,3,1355339064,100,34.7937,36.664,1.8702
600M,chip_320_544_merged.tif,0.4,4,875393546,100,31.7349,35.9029,4.168
600M,chip_320_544_merged.tif,0.6,0,1853199637,154,32.3271,36.4368,4.1097
600M,chip_320_544_merged.tif,0.6,1,1373254119,154,33.3851,35.9959,2.6108
600M,chip_320_544_merged.tif,0.6,2,992647488,154,33.6072,35.2324,1.6252
600M,chip_320_544_merged.tif,0.6,3,612040857,154,33.0603,36.3457,3.2854
600M,chip_320_544_merged.tif,0.6,4,132095339,154,33.5555,36.0776,2.5221
600M,chip_320_544_merged.tif,0.8,0,1370607441,208,32.8899,33.376,0.4861
600M,chip_320_544_merged.tif,0.8,1,990000810,208,32.8906,34.483,1.5924
600M,chip_320_544_merged.tif,0.8,2,510055292,208,31.8221,35.0796,3.2575
600M,chip_320_544_merged.tif,0.8,3,129448661,208,31.8226,34.4594,2.6368
600M,chip_320_544_merged.tif,0.8,4,1796986791,208,32.744,35.1156,2.3716
600M,chip_321_314_merged.tif,0.2,0,804066311,50,35.9664,39.3797,3.4133
600M,chip_321_314_merged.tif,0.2,1,324120793,50,37.6375,38.8195,1.182
600M,chip_321_314_merged.tif,0.2,2,2090997810,50,36.3245,38.6916,2.3671
600M,chip_321_314_merged.tif,0.2,3,1611052292,50,37.6354,38.327,0.6916
600M,chip_321_314_merged.tif,0.2,4,1230445661,50,37.0536,38.9919,1.9383
600M,chip_321_314_merged.tif,0.4,0,1886274889,100,36.1045,38.9308,2.8264
600M,chip_321_314_merged.tif,0.4,1,1505668258,100,36.1873,38.3911,2.2038
600M,chip_321_314_merged.tif,0.4,2,1025722740,100,35.6544,38.9678,3.3134
600M,chip_321_314_merged.tif,0.4,3,645116109,100,36.1263,38.734,2.6077
600M,chip_321_314_merged.tif,0.4,4,165170591,100,37.0416,37.7446,0.703
600M,chip_321_314_merged.tif,0.6,0,1948297532,154,34.3541,38.5021,4.148
600M,chip_321_314_merged.tif,0.6,1,1567690901,154,35.6053,37.8843,2.2791
600M,chip_321_314_merged.tif,0.6,2,1187084270,154,36.108,38.4437,2.3357
600M,chip_321_314_merged.tif,0.6,3,707138752,154,35.7904,37.6147,1.8243
600M,chip_321_314_merged.tif,0.6,4,326532121,154,36.0222,37.6733,1.6511
600M,chip_321_314_merged.tif,0.8,0,1565044223,208,35.2996,36.351,1.0515
600M,chip_321_314_merged.tif,0.8,1,1085098705,208,34.4934,36.5174,2.024
600M,chip_321_314_merged.tif,0.8,2,704492074,208,35.1811,36.217,1.0358
600M,chip_321_314_merged.tif,0.8,3,224546556,208,35.2996,36.4691,1.1695
600M,chip_321_314_merged.tif,0.8,4,1991423573,208,35.1806,36.9464,1.7658
600M,chip_322_417_merged.tif,0.2,0,808870900,50,30.3458,37.1571,6.8114
600M,chip_322_417_merged.tif,0.2,1,328925382,50,35.689,36.0244,0.3354
600M,chip_322_417_merged.tif,0.2,2,2095802399,50,33.7758,36.0297,2.2539
600M,chip_322_417_merged.tif,0.2,3,1715195768,50,31.2736,35.9132,4.6396
600M,chip_322_417_merged.tif,0.2,4,1235250250,50,35.013,35.2814,0.2684
600M,chip_322_417_merged.tif,0.4,0,648255567,100,31.3727,35.1446,3.772
600M,chip_322_417_merged.tif,0.4,1,168310049,100,33.8671,34.8185,0.9515
600M,chip_322_417_merged.tif,0.4,2,1935187066,100,31.6778,35.909,4.2311
600M,chip_322_417_merged.tif,0.4,3,1455241548,100,31.6787,35.3558,3.6771
600M,chip_322_417_merged.tif,0.4,4,1074634917,100,32.9236,35.6025,2.6789
600M,chip_322_417_merged.tif,0.6,0,2052441008,154,29.1501,33.6659,4.5158
600M,chip_322_417_merged.tif,0.6,1,1572495490,154,27.9632,35.1028,7.1396
600M,chip_322_417_merged.tif,0.6,2,1191888859,154,28.0637,34.4145,6.3508
600M,chip_322_417_merged.tif,0.6,3,711943341,154,31.3133,33.9393,2.626
600M,chip_322_417_merged.tif,0.6,4,331336710,154,28.0646,34.076,6.0114
600M,chip_322_417_merged.tif,0.8,0,1569848812,208,28.5449,31.1557,2.6108
600M,chip_322_417_merged.tif,0.8,1,1089903294,208,28.8452,33.0178,4.1726
600M,chip_322_417_merged.tif,0.8,2,709296663,208,28.5448,33.3285,4.7837
600M,chip_322_417_merged.tif,0.8,3,328690032,208,28.1101,32.5814,4.4713
600M,chip_322_417_merged.tif,0.8,4,1996228162,208,28.8455,32.4898,3.6443
600M,chip_322_533_merged.tif,0.2,0,2142289853,50,31.7233,34.8223,3.099
600M,chip_322_533_merged.tif,0.2,1,1761683222,50,30.7093,36.0047,5.2954
600M,chip_322_533_merged.tif,0.2,2,1381076591,50,32.7274,34.4354,1.7081
600M,chip_322_533_merged.tif,0.2,3,901131073,50,32.2779,35.1377,2.8598
600M,chip_322_533_merged.tif,0.2,4,520524442,50,28.3173,36.258,7.9407
600M,chip_322_533_merged.tif,0.4,0,1981674520,100,32.0958,34.2783,2.1826
600M,chip_322_533_merged.tif,0.4,1,1601067889,100,31.5836,34.9983,3.4147
600M,chip_322_533_merged.tif,0.4,2,1121122371,100,30.2575,34.0486,3.7911
600M,chip_322_533_merged.tif,0.4,3,740515740,100,30.1248,34.5273,4.4025
600M,chip_322_533_merged.tif,0.4,4,260570222,100,28.7302,35.3813,6.6511
600M,chip_322_533_merged.tif,0.6,0,1238376313,154,30.0286,34.1478,4.1192
600M,chip_322_533_merged.tif,0.6,1,857769682,154,29.6259,33.7481,4.1222
600M,chip_322_533_merged.tif,0.6,2,377824164,154,30.1615,32.5961,2.4347
600M,chip_322_533_merged.tif,0.6,3,2144701181,154,30.4091,34.9574,4.5483
600M,chip_322_533_merged.tif,0.6,4,1764094550,154,30.4395,33.6064,3.1669
600M,chip_322_533_merged.tif,0.8,0,755784117,208,29.8426,32.289,2.4464
600M,chip_322_533_merged.tif,0.8,1,375177486,208,29.9125,31.9802,2.0676
600M,chip_322_533_merged.tif,0.8,2,2142054503,208,28.7596,32.001,3.2415
600M,chip_322_533_merged.tif,0.8,3,1662108985,208,28.759,30.472,1.713
600M,chip_322_533_merged.tif,0.8,4,1281502354,208,29.8424,32.3254,2.483
600M,chip_322_543_merged.tif,0.2,0,2142706597,50,34.7281,36.7797,2.0516
600M,chip_322_543_merged.tif,0.2,1,1662761079,50,36.0773,37.9725,1.8951
600M,chip_322_543_merged.tif,0.2,2,1282154448,50,34.6602,37.9126,3.2524
600M,chip_322_543_merged.tif,0.2,3,802208930,50,35.7224,37.523,1.8006
600M,chip_322_543_merged.tif,0.2,4,421602299,50,37.0028,37.0396,0.0368
600M,chip_322_543_merged.tif,0.4,0,1882752377,100,35.0012,36.986,1.9848
600M,chip_322_543_merged.tif,0.4,1,1502145746,100,33.4619,36.21,2.7481
600M,chip_322_543_merged.tif,0.4,2,1121539115,100,33.5546,36.9223,3.3677
600M,chip_322_543_merged.tif,0.4,3,641593597,100,33.3723,37.8138,4.4415
600M,chip_322_543_merged.tif,0.4,4,260986966,100,36.426,36.8701,0.4441
600M,chip_322_543_merged.tif,0.6,0,1139454170,154,34.0446,35.7758,1.7312
600M,chip_322_543_merged.tif,0.6,1,758847539,154,33.5393,36.8501,3.3109
600M,chip_322_543_merged.tif,0.6,2,378240908,154,33.5398,35.2794,1.7396
600M,chip_322_543_merged.tif,0.6,3,2045779038,154,34.0432,35.5211,1.4779
600M,chip_322_543_merged.tif,0.6,4,1665172407,154,33.7353,36.26,2.5247
600M,chip_322_543_merged.tif,0.8,0,756200861,208,33.0333,34.5985,1.5652
600M,chip_322_543_merged.tif,0.8,1,276255343,208,31.6068,33.572,1.9652
600M,chip_322_543_merged.tif,0.8,2,2043132360,208,32.5979,31.9579,-0.6399
600M,chip_322_543_merged.tif,0.8,3,1563186842,208,33.1637,33.5962,0.4324
600M,chip_322_543_merged.tif,0.8,4,1182580211,208,32.5978,34.0849,1.4871
600M,chip_324_316_merged.tif,0.2,0,1906609671,50,30.6418,38.6868,8.0449
600M,chip_324_316_merged.tif,0.2,1,1426664153,50,35.8241,37.6274,1.8033
600M,chip_324_316_merged.tif,0.2,2,1046057522,50,34.0691,37.516,3.4469
600M,chip_324_316_merged.tif,0.2,3,566112004,50,35.9958,38.4272,2.4315
600M,chip_324_316_merged.tif,0.2,4,185505373,50,31.1615,38.3575,7.196
600M,chip_324_316_merged.tif,0.4,0,1646655451,100,33.0749,37.4283,4.3534
600M,chip_324_316_merged.tif,0.4,1,1266048820,100,35.4504,37.4279,1.9775
600M,chip_324_316_merged.tif,0.4,2,885442189,100,32.7684,37.5903,4.8219
600M,chip_324_316_merged.tif,0.4,3,405496671,100,32.2112,37.4628,5.2516
600M,chip_324_316_merged.tif,0.4,4,24890040,100,35.7313,37.452,1.7208
600M,chip_324_316_merged.tif,0.6,0,903357244,154,32.991,36.4889,3.4978
600M,chip_324_316_merged.tif,0.6,1,522750613,154,34.8025,37.0645,2.262
600M,chip_324_316_merged.tif,0.6,2,142143982,154,35.5111,36.8299,1.3189
600M,chip_324_316_merged.tif,0.6,3,1809682112,154,32.224,37.4524,5.2285
600M,chip_324_316_merged.tif,0.6,4,1429075481,154,35.0958,36.6302,1.5344
600M,chip_324_316_merged.tif,0.8,0,520103935,208,34.474,35.4586,0.9847
600M,chip_324_316_merged.tif,0.8,1,40158417,208,34.9269,35.3196,0.3928
600M,chip_324_316_merged.tif,0.8,2,1807035434,208,34.4735,35.2214,0.7479
600M,chip_324_316_merged.tif,0.8,3,1327089916,208,34.927,36.1461,1.2191
600M,chip_324_316_merged.tif,0.8,4,946483285,208,34.4737,35.3193,0.8456
600M,chip_325_314_merged.tif,0.2,0,809578607,50,35.1117,37.736,2.6243
600M,chip_325_314_merged.tif,0.2,1,428971976,50,36.9341,37.203,0.269
600M,chip_325_314_merged.tif,0.2,2,48365345,50,34.819,38.2734,3.4544
600M,chip_325_314_merged.tif,0.2,3,1715903475,50,35.7967,37.8415,2.0449
600M,chip_325_314_merged.tif,0.2,4,1335296844,50,35.1116,37.3905,2.2789
600M,chip_325_314_merged.tif,0.4,0,648963274,100,35.6761,37.4365,1.7604
600M,chip_325_314_merged.tif,0.4,1,268356643,100,35.7422,37.6348,1.8926
600M,chip_325_314_merged.tif,0.4,2,1935894773,100,34.4779,37.6348,3.1569
600M,chip_325_314_merged.tif,0.4,3,1555288142,100,34.9658,37.502,2.5362
600M,chip_325_314_merged.tif,0.4,4,1075342624,100,35.2725,37.5387,2.2662
600M,chip_325_314_merged.tif,0.6,0,2053148715,154,35.5228,36.5337,1.0109
600M,chip_325_314_merged.tif,0.6,1,1672542084,154,35.3845,36.6253,1.2408
600M,chip_325_314_merged.tif,0.6,2,1192596566,154,34.0766,36.9654,2.8889
600M,chip_325_314_merged.tif,0.6,3,811989935,154,35.5234,37.2024,1.679
600M,chip_325_314_merged.tif,0.6,4,431383304,154,34.9873,36.8542,1.8668
600M,chip_325_314_merged.tif,0.8,0,1570556519,208,34.4924,36.0618,1.5694
600M,chip_325_314_merged.tif,0.8,1,1189949888,208,35.1564,35.7323,0.5759
600M,chip_325_314_merged.tif,0.8,2,809343257,208,34.4926,36.3619,1.8693
600M,chip_325_314_merged.tif,0.8,3,329397739,208,34.5101,35.8488,1.3386
600M,chip_325_314_merged.tif,0.8,4,2096274756,208,34.4924,36.0325,1.5401
600M,chip_325_316_merged.tif,0.2,0,1577611469,50,33.3208,37.4625,4.1417
600M,chip_325_316_merged.tif,0.2,1,1197004838,50,29.913,38.5463,8.6333
600M,chip_325_316_merged.tif,0.2,2,717059320,50,36.4807,38.4719,1.9912
600M,chip_325_316_merged.tif,0.2,3,336452689,50,34.73,38.6569,3.9269
600M,chip_325_316_merged.tif,0.2,4,2103329706,50,31.063,37.2745,6.2115
600M,chip_325_316_merged.tif,0.4,0,1416996136,100,35.3512,37.3961,2.0448
600M,chip_325_316_merged.tif,0.4,1,1036389505,100,33.5485,38.3699,4.8215
600M,chip_325_316_merged.tif,0.4,2,556443987,100,34.6608,37.9012,3.2404
600M,chip_325_316_merged.tif,0.4,3,175837356,100,34.4019,37.9359,3.534
600M,chip_325_316_merged.tif,0.4,4,1843375486,100,33.9984,37.1903,3.1919
600M,chip_325_316_merged.tif,0.6,0,673697929,154,33.6342,37.165,3.5308
600M,chip_325_316_merged.tif,0.6,1,293091298,154,33.6559,36.8014,3.1455
600M,chip_325_316_merged.tif,0.6,2,1960629428,154,33.6561,37.2747,3.6186
600M,chip_325_316_merged.tif,0.6,3,1580022797,154,33.6608,37.2966,3.6358
600M,chip_325_316_merged.tif,0.6,4,1100077279,154,31.0047,36.0462,5.0415
600M,chip_325_316_merged.tif,0.8,0,191105733,208,30.1169,35.0458,4.9289
600M,chip_325_316_merged.tif,0.8,1,1957982750,208,30.1173,34.7541,4.6369
600M,chip_325_316_merged.tif,0.8,2,1478037232,208,33.413,35.6727,2.2597
600M,chip_325_316_merged.tif,0.8,3,1097430601,208,33.4128,34.3,0.8872
600M,chip_325_316_merged.tif,0.8,4,716823970,208,33.4126,35.8754,2.4628
600M,chip_326_499_merged.tif,0.2,0,643749780,50,34.9677,40.8022,5.8345
600M,chip_326_499_merged.tif,0.2,1,263143149,50,42.5776,40.6053,-1.9722
600M,chip_326_499_merged.tif,0.2,2,1930681279,50,36.4058,40.0259,3.6202
600M,chip_326_499_merged.tif,0.2,3,1550074648,50,41.411,40.677,-0.7339
600M,chip_326_499_merged.tif,0.2,4,1070129130,50,37.8634,39.8967,2.0332
600M,chip_326_499_merged.tif,0.4,0,483134447,100,34.8908,40.1439,5.2531
600M,chip_326_499_merged.tif,0.4,1,3188929,100,37.3594,40.1635,2.8041
600M,chip_326_499_merged.tif,0.4,2,1770065946,100,36.9213,41.0003,4.079
600M,chip_326_499_merged.tif,0.4,3,1290120428,100,35.4244,39.5506,4.1262
600M,chip_326_499_merged.tif,0.4,4,909513797,100,35.9375,40.1126,4.1752
600M,chip_326_499_merged.tif,0.6,0,1887319888,154,36.1693,39.252,3.0827
600M,chip_326_499_merged.tif,0.6,1,1407374370,154,36.2052,39.4944,3.2892
600M,chip_326_499_merged.tif,0.6,2,1026767739,154,36.5287,39.2506,2.722
600M,chip_326_499_merged.tif,0.6,3,546822221,154,35.8787,39.9873,4.1086
600M,chip_326_499_merged.tif,0.6,4,166215590,154,35.3282,38.8553,3.527
600M,chip_326_499_merged.tif,0.8,0,1404727692,208,35.0206,38.1878,3.1672
600M,chip_326_499_merged.tif,0.8,1,924782174,208,35.7311,37.684,1.9529
600M,chip_326_499_merged.tif,0.8,2,544175543,208,35.0206,37.0512,2.0307
600M,chip_326_499_merged.tif,0.8,3,163568912,208,35.407,37.8409,2.434
600M,chip_326_499_merged.tif,0.8,4,1831107042,208,36.1127,36.8131,0.7004
600M,chip_327_511_merged.tif,0.2,0,1015039091,50,35.0813,36.039,0.9577
600M,chip_327_511_merged.tif,0.2,1,535093573,50,33.6665,35.8623,2.1959
600M,chip_327_511_merged.tif,0.2,2,154486942,50,35.0602,36.1911,1.1309
600M,chip_327_511_merged.tif,0.2,3,1822025072,50,33.6955,36.5784,2.8829
600M,chip_327_511_merged.tif,0.2,4,1441418441,50,33.7549,36.6391,2.8842
600M,chip_327_511_merged.tif,0.4,0,2097247669,100,32.6808,36.0301,3.3493
600M,chip_327_511_merged.tif,0.4,1,1716641038,100,34.3851,36.2948,1.9098
600M,chip_327_511_merged.tif,0.4,2,1236695520,100,33.6666,36.5884,2.9218
600M,chip_327_511_merged.tif,0.4,3,856088889,100,33.6894,34.341,0.6516
600M,chip_327_511_merged.tif,0.4,4,475482258,100,34.2124,36.7085,2.4961
600M,chip_327_511_merged.tif,0.6,0,111125551,154,33.8065,35.8102,2.0037
600M,chip_327_511_merged.tif,0.6,1,1778663681,154,32.5829,35.6587,3.0758
600M,chip_327_511_merged.tif,0.6,2,1398057050,154,33.5037,35.1483,1.6446
600M,chip_327_511_merged.tif,0.6,3,918111532,154,32.3689,34.8646,2.4957
600M,chip_327_511_merged.tif,0.6,4,537504901,154,33.4778,33.9946,0.5169
600M,chip_327_511_merged.tif,0.8,0,1776017003,208,32.3397,33.3626,1.0229
600M,chip_327_511_merged.tif,0.8,1,1296071485,208,31.7849,33.5442,1.7593
600M,chip_327_511_merged.tif,0.8,2,915464854,208,32.3398,31.7248,-0.615
600M,chip_327_511_merged.tif,0.8,3,435519336,208,30.1247,33.6768,3.5521
600M,chip_327_511_merged.tif,0.8,4,54912705,208,30.1245,32.9716,2.847
600M,chip_327_516_merged.tif,0.2,0,2109882852,50,36.3769,36.7314,0.3545
600M,chip_327_516_merged.tif,0.2,1,1629937334,50,30.8378,38.1959,7.3581
600M,chip_327_516_merged.tif,0.2,2,1249330703,50,32.0123,36.8883,4.876
600M,chip_327_516_merged.tif,0.2,3,868724072,50,35.5586,37.1357,1.5771
600M,chip_327_516_merged.tif,0.2,4,388778554,50,35.9984,37.381,1.3825
600M,chip_327_516_merged.tif,0.4,0,1044607782,100,30.5104,37.4473,6.937
600M,chip_327_516_merged.tif,0.4,1,664001151,100,32.1572,37.0712,4.9139
600M,chip_327_516_merged.tif,0.4,2,283394520,100,32.0598,37.5167,5.4569
600M,chip_327_516_merged.tif,0.4,3,1950932650,100,30.6907,38.0139,7.3232
600M,chip_327_516_merged.tif,0.4,4,1570326019,100,31.7968,36.4063,4.6095
600M,chip_327_516_merged.tif,0.6,0,1205969312,154,30.8879,36.7901,5.9022
600M,chip_327_516_merged.tif,0.6,1,726023794,154,30.154,33.6727,3.5187
600M,chip_327_516_merged.tif,0.6,2,345417163,154,30.3362,35.8791,5.5428
600M,chip_327_516_merged.tif,0.6,3,2012955293,154,31.0208,36.383,5.3622
600M,chip_327_516_merged.tif,0.6,4,1632348662,154,31.3893,36.5466,5.1573
600M,chip_327_516_merged.tif,0.8,0,723377116,208,30.4255,33.6625,3.237
600M,chip_327_516_merged.tif,0.8,1,243431598,208,29.4469,32.7893,3.3424
600M,chip_327_516_merged.tif,0.8,2,2010308615,208,30.5809,33.3265,2.7455
600M,chip_327_516_merged.tif,0.8,3,1629701984,208,30.321,32.2355,1.9144
600M,chip_327_516_merged.tif,0.8,4,1149756466,208,30.5804,33.9627,3.3823
600M,chip_329_493_merged.tif,0.2,0,1204698519,50,35.885,37.2579,1.3729
600M,chip_329_493_merged.tif,0.2,1,724753001,50,37.4382,39.0967,1.6584
600M,chip_329_493_merged.tif,0.2,2,344146370,50,35.7563,39.5737,3.8174
600M,chip_329_493_merged.tif,0.2,3,2011684500,50,37.795,39.5239,1.7289
600M,chip_329_493_merged.tif,0.2,4,1631077869,50,35.581,39.5354,3.9545
600M,chip_329_493_merged.tif,0.4,0,139423449,100,34.4243,39.0087,4.5844
600M,chip_329_493_merged.tif,0.4,1,1906300466,100,34.0734,38.5635,4.4901
600M,chip_329_493_merged.tif,0.4,2,1426354948,100,35.6675,38.7115,3.044
600M,chip_329_493_merged.tif,0.4,3,1045748317,100,33.7458,39.8359,6.0901
600M,chip_329_493_merged.tif,0.4,4,565802799,100,34.6861,38.7266,4.0404
600M,chip_329_493_merged.tif,0.6,0,201446092,154,36.2385,38.2459,2.0074
600M,chip_329_493_merged.tif,0.6,1,1968323109,154,36.4266,39.0281,2.6015
600M,chip_329_493_merged.tif,0.6,2,1488377591,154,36.5068,38.4924,1.9855
600M,chip_329_493_merged.tif,0.6,3,1107770960,154,36.2702,37.6664,1.3962
600M,chip_329_493_merged.tif,0.6,4,727164329,154,36.4265,38.0456,1.619
600M,chip_329_493_merged.tif,0.8,0,1965676431,208,35.4638,35.5437,0.0799
600M,chip_329_493_merged.tif,0.8,1,1485730913,208,35.112,34.9688,-0.1431
600M,chip_329_493_merged.tif,0.8,2,1105124282,208,35.1111,35.9141,0.8031
600M,chip_329_493_merged.tif,0.8,3,625178764,208,33.7312,35.7979,2.0668
600M,chip_329_493_merged.tif,0.8,4,244572133,208,33.7312,37.0206,3.2894
600M,chip_329_512_merged.tif,0.2,0,1473086300,50,32.6777,36.38,3.7023
600M,chip_329_512_merged.tif,0.2,1,993140782,50,34.1094,35.9573,1.848
600M,chip_329_512_merged.tif,0.2,2,612534151,50,32.1211,37.4948,5.3736
600M,chip_329_512_merged.tif,0.2,3,132588633,50,32.5506,35.7306,3.18
600M,chip_329_512_merged.tif,0.2,4,1899465650,50,32.6788,36.4818,3.803
600M,chip_329_512_merged.tif,0.4,0,407811230,100,31.1149,35.7397,4.6248
600M,chip_329_512_merged.tif,0.4,1,27204599,100,33.3426,35.9359,2.5932
600M,chip_329_512_merged.tif,0.4,2,1694742729,100,32.4097,35.3804,2.9707
600M,chip_329_512_merged.tif,0.4,3,1314136098,100,29.8129,36.4114,6.5985
600M,chip_329_512_merged.tif,0.4,4,834190580,100,30.9655,35.106,4.1405
600M,chip_329_512_merged.tif,0.6,0,469833873,154,32.3594,35.1633,2.8039
600M,chip_329_512_merged.tif,0.6,1,89227242,154,31.8826,35.3144,3.4318
600M,chip_329_512_merged.tif,0.6,2,1856104259,154,32.5935,34.2552,1.6617
600M,chip_329_512_merged.tif,0.6,3,1376158741,154,30.3736,34.9776,4.604
600M,chip_329_512_merged.tif,0.6,4,995552110,154,31.882,34.9748,3.0928
600M,chip_329_512_merged.tif,0.8,0,86580564,208,28.9679,32.7473,3.7794
600M,chip_329_512_merged.tif,0.8,1,1754118694,208,29.8881,33.6097,3.7216
600M,chip_329_512_merged.tif,0.8,2,1373512063,208,30.1697,33.5959,3.4262
600M,chip_329_512_merged.tif,0.8,3,893566545,208,30.1712,32.8548,2.6836
600M,chip_329_512_merged.tif,0.8,4,512959914,208,29.8877,33.4181,3.5304
600M,chip_330_499_merged.tif,0.2,0,1832051189,50,35.8259,39.1907,3.3648
600M,chip_330_499_merged.tif,0.2,1,1352105671,50,37.1426,39.3355,2.193
600M,chip_330_499_merged.tif,0.2,2,971499040,50,37.1664,38.8856,1.7192
600M,chip_330_499_merged.tif,0.2,3,491553522,50,36.154,39.6781,3.5241
600M,chip_330_499_merged.tif,0.2,4,110946891,50,36.3372,39.1197,2.7825
600M,chip_330_499_merged.tif,0.4,0,1572096969,100,36.4739,38.3744,1.9005
600M,chip_330_499_merged.tif,0.4,1,1191490338,100,36.5388,38.627,2.0882
600M,chip_330_499_merged.tif,0.4,2,711544820,100,36.7584,39.0373,2.2789
600M,chip_330_499_merged.tif,0.4,3,330938189,100,37.0179,39.1789,2.161
600M,chip_330_499_merged.tif,0.4,4,2097815206,100,37.097,38.9786,1.8816
600M,chip_330_499_merged.tif,0.6,0,828798762,154,36.6207,38.41,1.7893
600M,chip_330_499_merged.tif,0.6,1,448192131,154,36.8213,38.3105,1.4892
600M,chip_330_499_merged.tif,0.6,2,2115730261,154,36.0741,38.0184,1.9443
600M,chip_330_499_merged.tif,0.6,3,1735123630,154,36.0491,37.6425,1.5934
600M,chip_330_499_merged.tif,0.6,4,1354516999,154,36.0732,38.9432,2.87
600M,chip_330_499_merged.tif,0.8,0,445545453,208,35.5141,36.7046,1.1905
600M,chip_330_499_merged.tif,0.8,1,2113083583,208,35.5142,36.4676,0.9534
600M,chip_330_499_merged.tif,0.8,2,1732476952,208,35.8515,36.1723,0.3208
600M,chip_330_499_merged.tif,0.8,3,1252531434,208,35.5991,37.1871,1.5881
600M,chip_330_499_merged.tif,0.8,4,871924803,208,35.8509,36.9185,1.0676
600M,chip_331_495_merged.tif,0.2,0,1929706393,50,36.022,40.3625,4.3405
600M,chip_331_495_merged.tif,0.2,1,1549099762,50,35.9112,40.0523,4.1411
600M,chip_331_495_merged.tif,0.2,2,1069154244,50,37.3051,40.4536,3.1485
600M,chip_331_495_merged.tif,0.2,3,688547613,50,38.0386,40.6795,2.6409
600M,chip_331_495_merged.tif,0.2,4,307940982,50,38.8819,40.3396,1.4577
600M,chip_331_495_merged.tif,0.4,0,963770210,100,35.3241,39.8803,4.5563
600M,chip_331_495_merged.tif,0.4,1,483824692,100,34.1836,40.2602,6.0766
600M,chip_331_495_merged.tif,0.4,2,103218061,100,36.736,40.9238,4.1877
600M,chip_331_495_merged.tif,0.4,3,1770756191,100,33.9516,40.2719,6.3204
600M,chip_331_495_merged.tif,0.4,4,1390149560,100,34.8953,40.7445,5.8492
600M,chip_331_495_merged.tif,0.6,0,1025792853,154,34.6551,39.1154,4.4603
600M,chip_331_495_merged.tif,0.6,1,645186222,154,33.9306,38.6812,4.7506
600M,chip_331_495_merged.tif,0.6,2,165240704,154,34.6551,39.4407,4.7856
600M,chip_331_495_merged.tif,0.6,3,1932117721,154,34.5693,39.0026,4.4333
600M,chip_331_495_merged.tif,0.6,4,1452172203,154,34.0784,38.1877,4.1092
600M,chip_331_495_merged.tif,0.8,0,543200657,208,34.2394,35.581,1.3416
600M,chip_331_495_merged.tif,0.8,1,162594026,208,34.8897,36.8636,1.9739
600M,chip_331_495_merged.tif,0.8,2,1830132156,208,34.2393,36.4939,2.2546
600M,chip_331_495_merged.tif,0.8,3,1449525525,208,34.5841,37.2733,2.6892
600M,chip_331_495_merged.tif,0.8,4,1068918894,208,34.239,36.5427,2.3037
600M,chip_332_499_merged.tif,0.2,0,840228393,50,37.5178,39.0026,1.4848
600M,chip_332_499_merged.tif,0.2,1,360282875,50,38.0673,37.4039,-0.6634
600M,chip_332_499_merged.tif,0.2,2,2127159892,50,37.3245,37.8014,0.477
600M,chip_332_499_merged.tif,0.2,3,1647214374,50,37.2375,39.5219,2.2844
600M,chip_332_499_merged.tif,0.2,4,1266607743,50,38.4106,38.1809,-0.2297
600M,chip_332_499_merged.tif,0.4,0,679613060,100,34.6028,38.4996,3.8969
600M,chip_332_499_merged.tif,0.4,1,199667542,100,37.0967,38.3368,1.24
600M,chip_332_499_merged.tif,0.4,2,1966544559,100,34.9264,37.81,2.8836
600M,chip_332_499_merged.tif,0.4,3,1486599041,100,36.3019,37.5488,1.2469
600M,chip_332_499_merged.tif,0.4,4,1105992410,100,33.1136,38.297,5.1834
600M,chip_332_499_merged.tif,0.6,0,2083798501,154,34.889,38.3191,3.4301
600M,chip_332_499_merged.tif,0.6,1,1603852983,154,36.7817,37.7511,0.9693
600M,chip_332_499_merged.tif,0.6,2,1223246352,154,35.5276,35.2632,-0.2644
600M,chip_332_499_merged.tif,0.6,3,743300834,154,35.75,37.5278,1.7779
600M,chip_332_499_merged.tif,0.6,4,362694203,154,35.2318,37.1951,1.9633
600M,chip_332_499_merged.tif,0.8,0,1601206305,208,32.3837,36.7476,4.3639
600M,chip_332_499_merged.tif,0.8,1,1121260787,208,34.2718,37.1048,2.8329
600M,chip_332_499_merged.tif,0.8,2,740654156,208,34.2714,37.1919,2.9205
600M,chip_332_499_merged.tif,0.8,3,260708638,208,33.3766,36.4627,3.0861
600M,chip_332_499_merged.tif,0.8,4,2027585655,208,34.4433,36.6515,2.2082
600M,chip_333_509_merged.tif,0.2,0,562935483,50,32.5001,36.6867,4.1866
600M,chip_333_509_merged.tif,0.2,1,182328852,50,31.8096,35.2457,3.4361
600M,chip_333_509_merged.tif,0.2,2,1949205869,50,32.4997,36.4309,3.9313
600M,chip_333_509_merged.tif,0.2,3,1469260351,50,30.7894,35.1265,4.3371
600M,chip_333_509_merged.tif,0.2,4,1088653720,50,30.8852,36.2757,5.3906
600M,chip_333_509_merged.tif,0.4,0,402320150,100,28.8873,35.4145,6.5273
600M,chip_333_509_merged.tif,0.4,1,21713519,100,30.7579,36.1289,5.371
600M,chip_333_509_merged.tif,0.4,2,1689251649,100,30.575,35.7485,5.1735
600M,chip_333_509_merged.tif,0.4,3,1308645018,100,29.9556,35.8267,5.8712
600M,chip_333_509_merged.tif,0.4,4,928038387,100,31.1323,35.7296,4.5973
600M,chip_333_509_merged.tif,0.6,0,1806505591,154,30.1127,34.3019,4.1892
600M,chip_333_509_merged.tif,0.6,1,1425898960,154,30.2402,33.2169,2.9766
600M,chip_333_509_merged.tif,0.6,2,945953442,154,30.8465,34.218,3.3715
600M,chip_333_509_merged.tif,0.6,3,565346811,154,30.0985,34.585,4.4865
600M,chip_333_509_merged.tif,0.6,4,184740180,154,31.4887,35.1094,3.6207
600M,chip_333_509_merged.tif,0.8,0,1323913395,208,26.7641,32.5829,5.8188
600M,chip_333_509_merged.tif,0.8,1,943306764,208,26.7636,31.9566,5.193
600M,chip_333_509_merged.tif,0.8,2,562700133,208,29.0818,32.5084,3.4266
600M,chip_333_509_merged.tif,0.8,3,82754615,208,29.082,31.4975,2.4155
600M,chip_333_509_merged.tif,0.8,4,1849631632,208,29.1589,30.9133,1.7544
600M,chip_333_515_merged.tif,0.2,0,240385905,50,35.166,37.9025,2.7365
600M,chip_333_515_merged.tif,0.2,1,1907924035,50,34.5395,37.7894,3.2499
600M,chip_333_515_merged.tif,0.2,2,1527317404,50,36.2145,39.1977,2.9832
600M,chip_333_515_merged.tif,0.2,3,1047371886,50,35.9022,38.6418,2.7396
600M,chip_333_515_merged.tif,0.2,4,666765255,50,35.3876,38.5369,3.1493
600M,chip_333_515_merged.tif,0.4,0,2127915333,100,33.7808,37.7845,4.0037
600M,chip_333_515_merged.tif,0.4,1,1747308702,100,35.115,38.2975,3.1826
600M,chip_333_515_merged.tif,0.4,2,1267363184,100,34.4322,37.7734,3.3412
600M,chip_333_515_merged.tif,0.4,3,886756553,100,34.8085,37.7887,2.9802
600M,chip_333_515_merged.tif,0.4,4,506149922,100,33.8135,37.9041,4.0906
600M,chip_333_515_merged.tif,0.6,0,90072341,154,34.2436,36.8597,2.6161
600M,chip_333_515_merged.tif,0.6,1,1856949358,154,33.5162,36.8439,3.3277
600M,chip_333_515_merged.tif,0.6,2,1377003840,154,34.3437,37.0873,2.7436
600M,chip_333_515_merged.tif,0.6,3,996397209,154,34.1681,37.4671,3.299
600M,chip_333_515_merged.tif,0.6,4,516451691,154,34.2814,37.1599,2.8785
600M,chip_333_515_merged.tif,0.8,0,1001363817,208,33.6265,35.283,1.6566
600M,chip_333_515_merged.tif,0.8,1,521418299,208,32.7295,35.4422,2.7127
600M,chip_333_515_merged.tif,0.8,2,140811668,208,34.2354,35.3282,1.0928
600M,chip_333_515_merged.tif,0.8,3,1808349798,208,32.728,35.3279,2.5999
600M,chip_333_515_merged.tif,0.8,4,1427743167,208,34.2361,35.4378,1.2017
600M,chip_341_499_merged.tif,0.2,0,1867566243,50,41.8264,43.2325,1.4061
600M,chip_341_499_merged.tif,0.2,1,1387620725,50,40.1439,42.7646,2.6207
600M,chip_341_499_merged.tif,0.2,2,1007014094,50,39.4472,43.0347,3.5875
600M,chip_341_499_merged.tif,0.2,3,626407463,50,41.8836,40.5826,-1.301
600M,chip_341_499_merged.tif,0.2,4,146461945,50,40.145,43.6914,3.5464
600M,chip_341_499_merged.tif,0.4,0,1706950910,100,39.6925,43.4398,3.7473
600M,chip_341_499_merged.tif,0.4,1,1227005392,100,41.3765,43.5369,2.1604
600M,chip_341_499_merged.tif,0.4,2,846398761,100,39.5974,44.0297,4.4323
600M,chip_341_499_merged.tif,0.4,3,366453243,100,41.0858,43.7271,2.6413
600M,chip_341_499_merged.tif,0.4,4,2133330260,100,39.809,41.6729,1.864
600M,chip_341_499_merged.tif,0.6,0,963652703,154,41.524,42.9689,1.445
600M,chip_341_499_merged.tif,0.6,1,483707185,154,40.5719,42.5407,1.9688
600M,chip_341_499_merged.tif,0.6,2,103100554,154,41.2698,43.3455,2.0758
600M,chip_341_499_merged.tif,0.6,3,1770638684,154,39.6827,42.0317,2.349
600M,chip_341_499_merged.tif,0.6,4,1390032053,154,40.8793,42.3949,1.5156
600M,chip_341_499_merged.tif,0.8,0,481060507,208,39.3283,42.499,3.1707
600M,chip_341_499_merged.tif,0.8,1,1114989,208,39.0777,41.838,2.7603
600M,chip_341_499_merged.tif,0.8,2,1767992006,208,39.947,41.8183,1.8713
600M,chip_341_499_merged.tif,0.8,3,1387385375,208,39.0776,42.702,3.6244
600M,chip_341_499_merged.tif,0.8,4,907439857,208,39.9244,42.1628,2.2385
600M,chip_341_534_merged.tif,0.2,0,656633667,50,31.9131,39.6252,7.7122
600M,chip_341_534_merged.tif,0.2,1,276027036,50,34.9932,37.3254,2.3322
600M,chip_341_534_merged.tif,0.2,2,2042904053,50,32.7757,37.1409,4.3652
600M,chip_341_534_merged.tif,0.2,3,1562958535,50,35.0863,38.227,3.1407
600M,chip_341_534_merged.tif,0.2,4,1182351904,50,31.7488,38.8097,7.0609
600M,chip_341_534_merged.tif,0.4,0,496018334,100,33.1936,37.2652,4.0717
600M,chip_341_534_merged.tif,0.4,1,115411703,100,31.5336,37.1003,5.5666
600M,chip_341_534_merged.tif,0.4,2,1782949833,100,32.6538,36.6311,3.9773
600M,chip_341_534_merged.tif,0.4,3,1402343202,100,33.6222,37.1923,3.5701
600M,chip_341_534_merged.tif,0.4,4,922397684,100,33.5099,37.459,3.9491
600M,chip_341_534_merged.tif,0.6,0,605658990,154,32.021,35.6888,3.6678
600M,chip_341_534_merged.tif,0.6,1,125713472,154,32.5987,37.3076,4.7089
600M,chip_341_534_merged.tif,0.6,2,1892590489,154,32.0454,36.1937,4.1483
600M,chip_341_534_merged.tif,0.6,3,1511983858,154,32.5606,35.6807,3.1202
600M,chip_341_534_merged.tif,0.6,4,1032038340,154,32.5714,34.9631,2.3917
600M,chip_341_534_merged.tif,0.8,0,1417611579,208,31.2758,33.9769,2.7011
600M,chip_341_534_merged.tif,0.8,1,1037004948,208,31.4297,33.471,2.0413
600M,chip_341_534_merged.tif,0.8,2,656398317,208,31.746,34.2507,2.5048
600M,chip_341_534_merged.tif,0.8,3,176452799,208,31.7456,34.1152,2.3696
600M,chip_341_534_merged.tif,0.8,4,1943329816,208,31.4295,33.1881,1.7586
600M,chip_351_393_merged.tif,0.2,0,715941564,50,35.7943,36.885,1.0908
600M,chip_351_393_merged.tif,0.2,1,335334933,50,38.5876,38.8625,0.2748
600M,chip_351_393_merged.tif,0.2,2,2002873063,50,36.4233,37.0997,0.6763
600M,chip_351_393_merged.tif,0.2,3,1622266432,50,30.0531,37.1648,7.1117
600M,chip_351_393_merged.tif,0.2,4,1241659801,50,35.7944,37.5278,1.7335
600M,chip_351_393_merged.tif,0.4,0,555326231,100,33.1617,36.1041,2.9424
600M,chip_351_393_merged.tif,0.4,1,174719600,100,34.3596,36.022,1.6624
600M,chip_351_393_merged.tif,0.4,2,1842257730,100,30.501,35.5432,5.0421
600M,chip_351_393_merged.tif,0.4,3,1461651099,100,33.2537,37.5035,4.2498
600M,chip_351_393_merged.tif,0.4,4,981705581,100,37.682,37.3377,-0.3444
600M,chip_351_393_merged.tif,0.6,0,1959511672,154,29.7388,34.6963,4.9575
600M,chip_351_393_merged.tif,0.6,1,1578905041,154,34.2423,32.8046,-1.4377
600M,chip_351_393_merged.tif,0.6,2,1098959523,154,35.0084,36.6384,1.63
600M,chip_351_393_merged.tif,0.6,3,718352892,154,30.4443,36.0272,5.5829
600M,chip_351_393_merged.tif,0.6,4,238407374,154,34.9559,34.9204,-0.0356
600M,chip_351_393_merged.tif,0.8,0,1476919476,208,32.0678,34.3355,2.2677
600M,chip_351_393_merged.tif,0.8,1,1096312845,208,30.4123,33.3066,2.8943
600M,chip_351_393_merged.tif,0.8,2,616367327,208,30.412,31.8168,1.4049
600M,chip_351_393_merged.tif,0.8,3,235760696,208,32.0686,32.7827,0.7141
600M,chip_351_393_merged.tif,0.8,4,2002637713,208,32.0492,35.3618,3.3126
600M,chip_351_539_merged.tif,0.2,0,615257068,50,35.908,40.4887,4.5807
600M,chip_351_539_merged.tif,0.2,1,135311550,50,38.0031,39.9873,1.9842
600M,chip_351_539_merged.tif,0.2,2,1902188567,50,37.1743,40.1847,3.0104
600M,chip_351_539_merged.tif,0.2,3,1422243049,50,36.9483,39.4544,2.5061
600M,chip_351_539_merged.tif,0.2,4,1041636418,50,36.3879,40.3249,3.937
600M,chip_351_539_merged.tif,0.4,0,355302848,100,35.1572,40.4245,5.2673
600M,chip_351_539_merged.tif,0.4,1,2122179865,100,37.0288,40.5459,3.5171
600M,chip_351_539_merged.tif,0.4,2,1741573234,100,33.657,39.7942,6.1372
600M,chip_351_539_merged.tif,0.4,3,1261627716,100,35.1033,39.7277,4.6244
600M,chip_351_539_merged.tif,0.4,4,881021085,100,36.2977,40.5659,4.2682
600M,chip_351_539_merged.tif,0.6,0,1759488289,154,35.0959,39.8425,4.7466
600M,chip_351_539_merged.tif,0.6,1,1378881658,154,35.4516,39.6792,4.2276
600M,chip_351_539_merged.tif,0.6,2,998275027,154,34.84,39.7087,4.8688
600M,chip_351_539_merged.tif,0.6,3,518329509,154,35.5531,39.4528,3.8997
600M,chip_351_539_merged.tif,0.6,4,137722878,154,34.8387,39.6446,4.8059
600M,chip_351_539_merged.tif,0.8,0,1376234980,208,33.343,36.3487,3.0057
600M,chip_351_539_merged.tif,0.8,1,896289462,208,32.4601,37.8301,5.37
600M,chip_351_539_merged.tif,0.8,2,515682831,208,33.1198,36.5231,3.4034
600M,chip_351_539_merged.tif,0.8,3,35737313,208,32.4598,36.4369,3.9772
600M,chip_351_539_merged.tif,0.8,4,1802614330,208,32.459,37.7046,5.2456
600M,chip_354_327_merged.tif,0.2,0,1439449978,50,34.1955,38.8942,4.6987
600M,chip_354_327_merged.tif,0.2,1,1058843347,50,37.9133,37.4814,-0.4318
600M,chip_354_327_merged.tif,0.2,2,578897829,50,34.9848,38.3294,3.3446
600M,chip_354_327_merged.tif,0.2,3,198291198,50,35.4166,38.1395,2.7229
600M,chip_354_327_merged.tif,0.2,4,1865829328,50,34.1617,38.044,3.8822
600M,chip_354_327_merged.tif,0.4,0,473513795,100,34.5092,37.8404,3.3311
600M,chip_354_327_merged.tif,0.4,1,2141051925,100,34.333,38.26,3.9269
600M,chip_354_327_merged.tif,0.4,2,1760445294,100,35.1751,37.4856,2.3106
600M,chip_354_327_merged.tif,0.4,3,1280499776,100,34.6163,37.1155,2.4992
600M,chip_354_327_merged.tif,0.4,4,899893145,100,35.5075,38.6099,3.1024
600M,chip_354_327_merged.tif,0.6,0,1877699236,154,35.2853,37.5682,2.2829
600M,chip_354_327_merged.tif,0.6,1,1397753718,154,34.9012,36.5053,1.6041
600M,chip_354_327_merged.tif,0.6,2,1017147087,154,35.2855,37.3904,2.1049
600M,chip_354_327_merged.tif,0.6,3,537201569,154,34.0567,37.0435,2.9868
600M,chip_354_327_merged.tif,0.6,4,156594938,154,33.897,37.4747,3.5777
600M,chip_354_327_merged.tif,0.8,0,1395107040,208,34.7131,36.9826,2.2695
600M,chip_354_327_merged.tif,0.8,1,915161522,208,34.713,36.5434,1.8304
600M,chip_354_327_merged.tif,0.8,2,534554891,208,34.7131,36.3971,1.684
600M,chip_354_327_merged.tif,0.8,3,153948260,208,34.7131,36.052,1.3389
600M,chip_354_327_merged.tif,0.8,4,1821486390,208,34.5217,35.7039,1.1822
600M,chip_357_370_merged.tif,0.2,0,1595656955,50,33.3494,38.7661,5.4167
600M,chip_357_370_merged.tif,0.2,1,1215050324,50,32.6953,38.1983,5.503
600M,chip_357_370_merged.tif,0.2,2,834443693,50,34.7286,38.1593,3.4307
600M,chip_357_370_merged.tif,0.2,3,354498175,50,34.5547,38.6609,4.1062
600M,chip_357_370_merged.tif,0.2,4,2121375192,50,35.2269,38.4024,3.1756
600M,chip_357_370_merged.tif,0.4,0,629720772,100,33.392,38.4076,5.0156
600M,chip_357_370_merged.tif,0.4,1,149775254,100,34.3164,38.0756,3.7593
600M,chip_357_370_merged.tif,0.4,2,1916652271,100,34.4853,37.6555,3.1701
600M,chip_357_370_merged.tif,0.4,3,1536045640,100,33.9278,38.295,4.3672
600M,chip_357_370_merged.tif,0.4,4,1056100122,100,33.609,37.9758,4.3669
600M,chip_357_370_merged.tif,0.6,0,691743415,154,34.279,37.2643,2.9853
600M,chip_357_370_merged.tif,0.6,1,311136784,154,31.48,37.3673,5.8873
600M,chip_357_370_merged.tif,0.6,2,1978674914,154,31.4791,36.0632,4.5841
600M,chip_357_370_merged.tif,0.6,3,1598068283,154,34.1203,36.1061,1.9858
600M,chip_357_370_merged.tif,0.6,4,1118122765,154,30.8764,37.2489,6.3726
600M,chip_357_370_merged.tif,0.8,0,209151219,208,34.093,36.1697,2.0767
600M,chip_357_370_merged.tif,0.8,1,1976028236,208,34.0938,35.6601,1.5663
600M,chip_357_370_merged.tif,0.8,2,1595421605,208,31.5936,35.1568,3.5631
600M,chip_357_370_merged.tif,0.8,3,1115476087,208,34.0933,36.0467,1.9534
600M,chip_357_370_merged.tif,0.8,4,734869456,208,33.3224,35.8615,2.5392
600M,chip_363_321_merged.tif,0.2,0,1216634177,50,38.3325,38.8371,0.5046
600M,chip_363_321_merged.tif,0.2,1,736688659,50,36.9599,38.8271,1.8672
600M,chip_363_321_merged.tif,0.2,2,356082028,50,36.1262,38.189,2.0628
600M,chip_363_321_merged.tif,0.2,3,2023620158,50,37.9522,39.4499,1.4977
600M,chip_363_321_merged.tif,0.2,4,1643013527,50,37.9525,38.7838,0.8313
600M,chip_363_321_merged.tif,0.4,0,956679957,100,37.385,39.3624,1.9775
600M,chip_363_321_merged.tif,0.4,1,576073326,100,37.7728,38.6873,0.9145
600M,chip_363_321_merged.tif,0.4,2,195466695,100,37.2697,38.757,1.4873
600M,chip_363_321_merged.tif,0.4,3,1863004825,100,37.7717,38.8973,1.1256
600M,chip_363_321_merged.tif,0.4,4,1482398194,100,37.8012,38.5901,0.789
600M,chip_363_321_merged.tif,0.6,0,312720637,154,37.5675,39.1619,1.5943
600M,chip_363_321_merged.tif,0.6,1,1980258767,154,36.3636,38.6699,2.3063
600M,chip_363_321_merged.tif,0.6,2,1599652136,154,36.456,38.436,1.9799
600M,chip_363_321_merged.tif,0.6,3,1119706618,154,36.2818,39.1802,2.8984
600M,chip_363_321_merged.tif,0.6,4,739099987,154,36.4952,38.8581,2.3629
600M,chip_363_321_merged.tif,0.8,0,1977612089,208,36.1848,38.271,2.0861
600M,chip_363_321_merged.tif,0.8,1,1497666571,208,36.1853,37.9829,1.7976
600M,chip_363_321_merged.tif,0.8,2,1117059940,208,35.8561,38.0677,2.2116
600M,chip_363_321_merged.tif,0.8,3,637114422,208,36.1851,38.017,1.8319
600M,chip_363_321_merged.tif,0.8,4,256507791,208,36.1359,38.0976,1.9617
600M,chip_365_309_merged.tif,0.2,0,2049644693,50,36.7502,40.1796,3.4294
600M,chip_365_309_merged.tif,0.2,1,1669038062,50,35.5084,40.0241,4.5157
600M,chip_365_309_merged.tif,0.2,2,1288431431,50,36.6195,41.538,4.9185
600M,chip_365_309_merged.tif,0.2,3,808485913,50,36.6292,42.3249,5.6957
600M,chip_365_309_merged.tif,0.2,4,427879282,50,34.1593,41.3816,7.2224
600M,chip_365_309_merged.tif,0.4,0,1889029360,100,38.6195,41.618,2.9985
600M,chip_365_309_merged.tif,0.4,1,1508422729,100,36.9717,41.4832,4.5114
600M,chip_365_309_merged.tif,0.4,2,1028477211,100,35.1808,41.2256,6.0448
600M,chip_365_309_merged.tif,0.4,3,647870580,100,35.7344,39.4676,3.7332
600M,chip_365_309_merged.tif,0.4,4,167925062,100,38.6177,40.1574,1.5398
600M,chip_365_309_merged.tif,0.6,0,1145731153,154,35.8647,39.5094,3.6447
600M,chip_365_309_merged.tif,0.6,1,765124522,154,36.662,39.7435,3.0815
600M,chip_365_309_merged.tif,0.6,2,285179004,154,35.8647,39.4708,3.6062
600M,chip_365_309_merged.tif,0.6,3,2052056021,154,35.3487,41.2364,5.8877
600M,chip_365_309_merged.tif,0.6,4,1671449390,154,35.1638,39.4971,4.3333
600M,chip_365_309_merged.tif,0.8,0,663138957,208,35.5413,36.8597,1.3183
600M,chip_365_309_merged.tif,0.8,1,282532326,208,36.8396,37.4189,0.5793
600M,chip_365_309_merged.tif,0.8,2,2049409343,208,33.439,39.1044,5.6654
600M,chip_365_309_merged.tif,0.8,3,1569463825,208,33.4386,37.7686,4.3301
600M,chip_365_309_merged.tif,0.8,4,1188857194,208,35.5942,38.1449,2.5507
600M,chip_366_348_merged.tif,0.2,0,974856429,50,42.6454,41.7028,-0.9426
600M,chip_366_348_merged.tif,0.2,1,494910911,50,40.0089,42.5253,2.5164
600M,chip_366_348_merged.tif,0.2,2,114304280,50,39.754,42.1633,2.4093
600M,chip_366_348_merged.tif,0.2,3,1881181297,50,39.7522,43.0163,3.2642
600M,chip_366_348_merged.tif,0.2,4,1401235779,50,34.296,41.7799,7.4839
600M,chip_366_348_merged.tif,0.4,0,814241096,100,37.8959,41.2673,3.3713
600M,chip_366_348_merged.tif,0.4,1,334295578,100,38.4056,42.4216,4.016
600M,chip_366_348_merged.tif,0.4,2,2101172595,100,37.075,41.5961,4.5211
600M,chip_366_348_merged.tif,0.4,3,1621227077,100,36.979,40.5418,3.5628
600M,chip_366_348_merged.tif,0.4,4,1240620446,100,41.414,41.5859,0.1719
600M,chip_366_348_merged.tif,0.6,0,70942889,154,35.6519,40.5691,4.9172
600M,chip_366_348_merged.tif,0.6,1,1738481019,154,37.1514,41.2846,4.1332
600M,chip_366_348_merged.tif,0.6,2,1357874388,154,39.1199,41.2702,2.1503
600M,chip_366_348_merged.tif,0.6,3,877928870,154,35.2425,40.7704,5.5279
600M,chip_366_348_merged.tif,0.6,4,497322239,154,39.1212,40.8442,1.723
600M,chip_366_348_merged.tif,0.8,0,1735834341,208,35.205,37.6632,2.4582
600M,chip_366_348_merged.tif,0.8,1,1255888823,208,35.6813,39.5721,3.8908
600M,chip_366_348_merged.tif,0.8,2,875282192,208,35.2055,37.0649,1.8594
600M,chip_366_348_merged.tif,0.8,3,494675561,208,35.6811,38.5522,2.8711
600M,chip_366_348_merged.tif,0.8,4,14730043,208,34.3484,39.8334,5.485
600M,chip_366_355_merged.tif,0.2,0,958726985,50,41.773,43.366,1.5931
600M,chip_366_355_merged.tif,0.2,1,478781467,50,39.7322,43.0322,3.3001
600M,chip_366_355_merged.tif,0.2,2,98174836,50,38.1968,43.7795,5.5827
600M,chip_366_355_merged.tif,0.2,3,1765712966,50,38.1822,43.8941,5.7119
600M,chip_366_355_merged.tif,0.2,4,1385106335,50,41.4866,40.6718,-0.8148
600M,chip_366_355_merged.tif,0.4,0,2040935563,100,41.9445,41.9077,-0.0368
600M,chip_366_355_merged.tif,0.4,1,1660328932,100,40.042,43.1689,3.1269
600M,chip_366_355_merged.tif,0.4,2,1180383414,100,40.0012,41.9931,1.9919
600M,chip_366_355_merged.tif,0.4,3,799776783,100,40.0093,43.2294,3.22
600M,chip_366_355_merged.tif,0.4,4,319831265,100,38.0602,43.1179,5.0577
600M,chip_366_355_merged.tif,0.6,0,1297637356,154,37.5446,43.3826,5.838
600M,chip_366_355_merged.tif,0.6,1,917030725,154,36.6494,42.2539,5.6044
600M,chip_366_355_merged.tif,0.6,2,437085207,154,37.5449,41.4593,3.9144
600M,chip_366_355_merged.tif,0.6,3,56478576,154,41.0946,40.9112,-0.1834
600M,chip_366_355_merged.tif,0.6,4,1823355593,154,39.7963,41.3962,1.5999
600M,chip_366_355_merged.tif,0.8,0,815045160,208,34.4211,41.5921,7.171
600M,chip_366_355_merged.tif,0.8,1,434438529,208,36.9278,38.3949,1.4671
600M,chip_366_355_merged.tif,0.8,2,53831898,208,36.9273,41.3204,4.3931
600M,chip_366_355_merged.tif,0.8,3,1721370028,208,34.4246,41.2783,6.8538
600M,chip_366_355_merged.tif,0.8,4,1340763397,208,37.1126,40.8474,3.7348
600M,chip_370_342_merged.tif,0.2,0,1804148836,50,40.5728,43.2112,2.6383
600M,chip_370_342_merged.tif,0.2,1,1423542205,50,38.5927,43.0111,4.4183
600M,chip_370_342_merged.tif,0.2,2,943596687,50,38.405,41.7527,3.3478
600M,chip_370_342_merged.tif,0.2,3,562990056,50,39.9201,42.5673,2.6472
600M,chip_370_342_merged.tif,0.2,4,83044538,50,37.1309,40.9487,3.8178
600M,chip_370_342_merged.tif,0.4,0,738873766,100,34.6026,41.1979,6.5953
600M,chip_370_342_merged.tif,0.4,1,358267135,100,35.2878,41.294,6.0062
600M,chip_370_342_merged.tif,0.4,2,2125144152,100,38.1381,41.1824,3.0444
600M,chip_370_342_merged.tif,0.4,3,1645198634,100,35.5473,42.1002,6.5529
600M,chip_370_342_merged.tif,0.4,4,1264592003,100,38.8029,41.4811,2.6782
600M,chip_370_342_merged.tif,0.6,0,900235296,154,34.5987,40.3409,5.7422
600M,chip_370_342_merged.tif,0.6,1,420289778,154,35.9319,40.9177,4.9857
600M,chip_370_342_merged.tif,0.6,2,39683147,154,34.5981,41.1405,6.5425
600M,chip_370_342_merged.tif,0.6,3,1806560164,154,35.6511,41.778,6.1269
600M,chip_370_342_merged.tif,0.6,4,1326614646,154,38.134,40.1487,2.0147
600M,chip_370_342_merged.tif,0.8,0,417643100,208,34.2896,39.3554,5.0658
600M,chip_370_342_merged.tif,0.8,1,37036469,208,34.4205,38.9488,4.5283
600M,chip_370_342_merged.tif,0.8,2,1704574599,208,34.4214,36.4888,2.0674
600M,chip_370_342_merged.tif,0.8,3,1323967968,208,34.6135,38.3602,3.7467
600M,chip_370_342_merged.tif,0.8,4,844022450,208,34.5824,40.2891,5.7068
600M,chip_370_343_merged.tif,0.2,0,1743569710,50,30.4779,40.0393,9.5614
600M,chip_370_343_merged.tif,0.2,1,1263624192,50,38.3237,37.392,-0.9317
600M,chip_370_343_merged.tif,0.2,2,883017561,50,28.6673,38.9187,10.2514
600M,chip_370_343_merged.tif,0.2,3,403072043,50,34.9793,39.6216,4.6423
600M,chip_370_343_merged.tif,0.2,4,22465412,50,34.3476,39.9933,5.6458
600M,chip_370_343_merged.tif,0.4,0,1483615490,100,29.6586,38.5064,8.8478
600M,chip_370_343_merged.tif,0.4,1,1103008859,100,31.9,37.7215,5.8214
600M,chip_370_343_merged.tif,0.4,2,623063341,100,34.0491,37.7553,3.7061
600M,chip_370_343_merged.tif,0.4,3,242456710,100,33.7329,38.0788,4.3459
600M,chip_370_343_merged.tif,0.4,4,2009333727,100,34.5973,39.3439,4.7467
600M,chip_370_343_merged.tif,0.6,0,740317283,154,32.78,36.32,3.54
600M,chip_370_343_merged.tif,0.6,1,359710652,154,32.5045,35.907,3.4025
600M,chip_370_343_merged.tif,0.6,2,2126587669,154,32.3503,35.1173,2.767
600M,chip_370_343_merged.tif,0.6,3,1646642151,154,32.5037,37.2497,4.746
600M,chip_370_343_merged.tif,0.6,4,1266035520,154,32.7828,36.7941,4.0114
600M,chip_370_343_merged.tif,0.8,0,357063974,208,31.0952,34.9311,3.836
600M,chip_370_343_merged.tif,0.8,1,2024602104,208,32.0886,35.9862,3.8976
600M,chip_370_343_merged.tif,0.8,2,1643995473,208,32.1941,36.0555,3.8615
600M,chip_370_343_merged.tif,0.8,3,1164049955,208,32.1934,35.0746,2.8813
600M,chip_370_343_merged.tif,0.8,4,783443324,208,32.0881,33.8954,1.8073
600M,chip_370_348_merged.tif,0.2,0,1127120414,50,40.5884,44.8779,4.2895
600M,chip_370_348_merged.tif,0.2,1,746513783,50,38.8968,44.9799,6.0831
600M,chip_370_348_merged.tif,0.2,2,266568265,50,40.7561,44.3856,3.6296
600M,chip_370_348_merged.tif,0.2,3,2033445282,50,37.3822,44.5685,7.1864
600M,chip_370_348_merged.tif,0.2,4,1652838651,50,39.2663,44.5234,5.2571
600M,chip_370_348_merged.tif,0.4,0,966505081,100,37.0337,44.3752,7.3415
600M,chip_370_348_merged.tif,0.4,1,585898450,100,40.3811,44.3067,3.9256
600M,chip_370_348_merged.tif,0.4,2,105952932,100,40.2778,44.5028,4.225
600M,chip_370_348_merged.tif,0.4,3,1872829949,100,38.9385,44.9622,6.0237
600M,chip_370_348_merged.tif,0.4,4,1392884431,100,40.4457,44.4475,4.0019
600M,chip_370_348_merged.tif,0.6,0,223206874,154,38.4935,44.2884,5.795
600M,chip_370_348_merged.tif,0.6,1,1990083891,154,39.6361,44.1516,4.5156
600M,chip_370_348_merged.tif,0.6,2,1510138373,154,38.4933,43.2444,4.7511
600M,chip_370_348_merged.tif,0.6,3,1129531742,154,39.9385,43.9405,4.0021
600M,chip_370_348_merged.tif,0.6,4,649586224,154,39.5734,44.1425,4.5691
600M,chip_370_348_merged.tif,0.8,0,1888098326,208,39.2121,41.5492,2.3372
600M,chip_370_348_merged.tif,0.8,1,1507491695,208,38.6005,41.2571,2.6565
600M,chip_370_348_merged.tif,0.8,2,1027546177,208,38.6001,39.6906,1.0905
600M,chip_370_348_merged.tif,0.8,3,646939546,208,39.2116,42.081,2.8694
600M,chip_370_348_merged.tif,0.8,4,266332915,208,36.9084,41.7197,4.8113
600M,chip_373_294_merged.tif,0.2,0,269901805,50,36.0089,40.5272,4.5183
600M,chip_373_294_merged.tif,0.2,1,1937439935,50,41.4234,41.5947,0.1712
600M,chip_373_294_merged.tif,0.2,2,1556833304,50,34.2723,41.8844,7.6121
600M,chip_373_294_merged.tif,0.2,3,1076887786,50,36.8944,42.7288,5.8344
600M,chip_373_294_merged.tif,0.2,4,696281155,50,35.7934,40.7033,4.9099
600M,chip_373_294_merged.tif,0.4,0,1352110383,100,36.0132,39.909,3.8957
600M,chip_373_294_merged.tif,0.4,1,971503752,100,34.8465,40.337,5.4905
600M,chip_373_294_merged.tif,0.4,2,491558234,100,37.6433,40.9504,3.3071
600M,chip_373_294_merged.tif,0.4,3,110951603,100,36.4142,40.1967,3.7825
600M,chip_373_294_merged.tif,0.4,4,1778489733,100,34.602,37.5692,2.9671
600M,chip_373_294_merged.tif,0.6,0,1414133026,154,36.1954,39.1571,2.9617
600M,chip_373_294_merged.tif,0.6,1,1033526395,154,36.1943,40.5973,4.403
600M,chip_373_294_merged.tif,0.6,2,652919764,154,34.6971,39.3351,4.638
600M,chip_373_294_merged.tif,0.6,3,172974246,154,35.171,38.1008,2.9297
600M,chip_373_294_merged.tif,0.6,4,1939851263,154,36.7009,38.0675,1.3666
600M,chip_373_294_merged.tif,0.8,0,1030879717,208,34.8412,36.9873,2.1461
600M,chip_373_294_merged.tif,0.8,1,550934199,208,34.8411,36.7054,1.8644
600M,chip_373_294_merged.tif,0.8,2,170327568,208,35.3198,37.4667,2.1469
600M,chip_373_294_merged.tif,0.8,3,1837865698,208,35.3205,37.9244,2.6039
600M,chip_373_294_merged.tif,0.8,4,1457259067,208,35.2133,35.7823,0.5691
600M,chip_377_349_merged.tif,0.2,0,965392135,50,41.2384,38.7676,-2.4707
600M,chip_377_349_merged.tif,0.2,1,584785504,50,38.563,37.7593,-0.8038
600M,chip_377_349_merged.tif,0.2,2,104839986,50,41.2395,41.0369,-0.2026
600M,chip_377_349_merged.tif,0.2,3,1871717003,50,40.9248,40.1895,-0.7354
600M,chip_377_349_merged.tif,0.2,4,1491110372,50,35.8902,39.1063,3.2162
600M,chip_377_349_merged.tif,0.4,0,804776802,100,39.0704,41.2344,2.164
600M,chip_377_349_merged.tif,0.4,1,424170171,100,39.1352,40.7492,1.614
600M,chip_377_349_merged.tif,0.4,2,2091708301,100,38.2208,39.3454,1.1247
600M,chip_377_349_merged.tif,0.4,3,1711101670,100,33.4608,40.9903,7.5294
600M,chip_377_349_merged.tif,0.4,4,1231156152,100,35.6503,38.3183,2.668
600M,chip_377_349_merged.tif,0.6,0,61478595,154,34.4669,37.5914,3.1245
600M,chip_377_349_merged.tif,0.6,1,1828355612,154,33.4894,39.3969,5.9075
600M,chip_377_349_merged.tif,0.6,2,1348410094,154,34.1235,36.948,2.8245
600M,chip_377_349_merged.tif,0.6,3,967803463,154,35.4542,37.1029,1.6487
600M,chip_377_349_merged.tif,0.6,4,487857945,154,37.2283,40.1349,2.9066
600M,chip_377_349_merged.tif,0.8,0,1726370047,208,31.7674,36.1402,4.3728
600M,chip_377_349_merged.tif,0.8,1,1345763416,208,34.1769,36.5686,2.3917
600M,chip_377_349_merged.tif,0.8,2,865817898,208,34.177,36.8421,2.665
600M,chip_377_349_merged.tif,0.8,3,485211267,208,34.177,35.9088,1.7318
600M,chip_377_349_merged.tif,0.8,4,5265749,208,32.2404,36.8287,4.5883
600M,chip_379_328_merged.tif,0.2,0,756906538,50,32.9642,38.6846,5.7204
600M,chip_379_328_merged.tif,0.2,1,276961020,50,35.9685,37.8536,1.8852
600M,chip_379_328_merged.tif,0.2,2,2043838037,50,34.6008,39.5365,4.9357
600M,chip_379_328_merged.tif,0.2,3,1663231406,50,38.1971,39.8132,1.616
600M,chip_379_328_merged.tif,0.2,4,1183285888,50,33.0113,39.4135,6.4023
600M,chip_379_328_merged.tif,0.4,0,596291205,100,34.3258,38.7614,4.4356
600M,chip_379_328_merged.tif,0.4,1,116345687,100,34.4362,39.0713,4.6351
600M,chip_379_328_merged.tif,0.4,2,1883222704,100,36.7309,38.5777,1.8468
600M,chip_379_328_merged.tif,0.4,3,1403277186,100,34.2756,38.3648,4.0892
600M,chip_379_328_merged.tif,0.4,4,1022670555,100,34.275,39.0012,4.7263
600M,chip_379_328_merged.tif,0.6,0,2000476646,154,33.4407,37.7984,4.3577
600M,chip_379_328_merged.tif,0.6,1,1520531128,154,32.77,37.3483,4.5783
600M,chip_379_328_merged.tif,0.6,2,1139924497,154,33.7295,36.9423,3.2128
600M,chip_379_328_merged.tif,0.6,3,659978979,154,32.7696,37.5912,4.8216
600M,chip_379_328_merged.tif,0.6,4,279372348,154,32.7701,38.2256,5.4555
600M,chip_379_328_merged.tif,0.8,0,1517884450,208,32.1102,35.7113,3.6011
600M,chip_379_328_merged.tif,0.8,1,1037938932,208,32.1662,35.6306,3.4644
600M,chip_379_328_merged.tif,0.8,2,657332301,208,32.1658,36.0836,3.9178
600M,chip_379_328_merged.tif,0.8,3,276725670,208,32.1098,36.5427,4.4329
600M,chip_379_328_merged.tif,0.8,4,1944263800,208,33.1095,35.9637,2.8542
600M,chip_396_322_merged.tif,0.2,0,1954423472,50,38.431,40.5811,2.1501
600M,chip_396_322_merged.tif,0.2,1,1474477954,50,36.7909,40.9006,4.1097
600M,chip_396_322_merged.tif,0.2,2,1093871323,50,40.294,40.2292,-0.0648
600M,chip_396_322_merged.tif,0.2,3,613925805,50,35.596,40.4266,4.8307
600M,chip_396_322_merged.tif,0.2,4,233319174,50,36.1329,40.1402,4.0073
600M,chip_396_322_merged.tif,0.4,0,1793808139,100,37.5878,39.6857,2.0979
600M,chip_396_322_merged.tif,0.4,1,1313862621,100,35.6314,40.0884,4.457
600M,chip_396_322_merged.tif,0.4,2,933255990,100,38.1394,39.7123,1.5729
600M,chip_396_322_merged.tif,0.4,3,453310472,100,35.6299,40.0777,4.4478
600M,chip_396_322_merged.tif,0.4,4,72703841,100,38.2477,40.0788,1.8311
600M,chip_396_322_merged.tif,0.6,0,1050509932,154,36.9126,39.9433,3.0307
600M,chip_396_322_merged.tif,0.6,1,570564414,154,36.4927,39.7516,3.2589
600M,chip_396_322_merged.tif,0.6,2,189957783,154,36.4927,39.146,2.6533
600M,chip_396_322_merged.tif,0.6,3,1857495913,154,37.5017,39.8529,2.3512
600M,chip_396_322_merged.tif,0.6,4,1476889282,154,36.531,40.247,3.716
600M,chip_396_322_merged.tif,0.8,0,567917736,208,28.1634,37.7348,9.5715
600M,chip_396_322_merged.tif,0.8,1,87972218,208,33.3122,37.1424,3.8303
600M,chip_396_322_merged.tif,0.8,2,1854849235,208,33.3113,38.2728,4.9615
600M,chip_396_322_merged.tif,0.8,3,1374903717,208,32.2326,38.466,6.2334
600M,chip_396_322_merged.tif,0.8,4,994297086,208,33.3121,39.1075,5.7954
600M,chip_419_323_merged.tif,0.2,0,1963550198,50,32.313,34.5107,2.1977
600M,chip_419_323_merged.tif,0.2,1,1582943567,50,31.299,34.1447,2.8456
600M,chip_419_323_merged.tif,0.2,2,1202336936,50,30.6323,34.2436,3.6113
600M,chip_419_323_merged.tif,0.2,3,722391418,50,31.6344,34.227,2.5926
600M,chip_419_323_merged.tif,0.2,4,341784787,50,31.7066,34.4098,2.7032
600M,chip_419_323_merged.tif,0.4,0,1802934865,100,30.8202,33.9317,3.1115
600M,chip_419_323_merged.tif,0.4,1,1422328234,100,31.5497,34.3612,2.8115
600M,chip_419_323_merged.tif,0.4,2,942382716,100,31.2342,33.4498,2.2156
600M,chip_419_323_merged.tif,0.4,3,561776085,100,31.6922,33.7702,2.078
600M,chip_419_323_merged.tif,0.4,4,181169454,100,31.0455,33.654,2.6085
600M,chip_419_323_merged.tif,0.6,0,1059636658,154,31.1095,33.1803,2.0708
600M,chip_419_323_merged.tif,0.6,1,679030027,154,30.9048,32.9761,2.0713
600M,chip_419_323_merged.tif,0.6,2,199084509,154,30.6098,32.8272,2.2174
600M,chip_419_323_merged.tif,0.6,3,1965961526,154,30.7358,33.5806,2.8448
600M,chip_419_323_merged.tif,0.6,4,1585354895,154,30.881,33.25,2.3691
600M,chip_419_323_merged.tif,0.8,0,577044462,208,30.8705,32.1701,1.2996
600M,chip_419_323_merged.tif,0.8,1,196437831,208,29.1195,31.6955,2.576
600M,chip_419_323_merged.tif,0.8,2,1963314848,208,30.8713,31.8528,0.9815
600M,chip_419_323_merged.tif,0.8,3,1483369330,208,30.5594,32.2328,1.6734
600M,chip_419_323_merged.tif,0.8,4,1102762699,208,30.8708,31.972,1.1012
600M,chip_421_329_merged.tif,0.2,0,27026632,50,39.462,41.5715,2.1095
600M,chip_421_329_merged.tif,0.2,1,1793903649,50,32.5287,41.7498,9.2211
600M,chip_421_329_merged.tif,0.2,2,1313958131,50,32.4601,38.395,5.9349
600M,chip_421_329_merged.tif,0.2,3,933351500,50,37.1791,40.5133,3.3342
600M,chip_421_329_merged.tif,0.2,4,453405982,50,42.844,41.2929,-1.5511
600M,chip_421_329_merged.tif,0.4,0,1109235210,100,35.3967,41.2984,5.9017
600M,chip_421_329_merged.tif,0.4,1,728628579,100,40.0195,40.978,0.9584
600M,chip_421_329_merged.tif,0.4,2,348021948,100,33.9735,41.7251,7.7515
600M,chip_421_329_merged.tif,0.4,3,2015560078,100,33.9477,41.6516,7.7039
600M,chip_421_329_merged.tif,0.4,4,1634953447,100,34.0356,42.204,8.1684
600M,chip_421_329_merged.tif,0.6,0,1270596740,154,33.9702,38.7106,4.7405
600M,chip_421_329_merged.tif,0.6,1,790651222,154,36.1657,40.0884,3.9227
600M,chip_421_329_merged.tif,0.6,2,410044591,154,36.4203,40.4849,4.0645
600M,chip_421_329_merged.tif,0.6,3,2077582721,154,35.5189,38.0832,2.5644
600M,chip_421_329_merged.tif,0.6,4,1696976090,154,35.8507,41.2418,5.3911
600M,chip_421_329_merged.tif,0.8,0,788004544,208,36.1626,36.7545,0.5919
600M,chip_421_329_merged.tif,0.8,1,407397913,208,36.2083,40.1504,3.9421
600M,chip_421_329_merged.tif,0.8,2,2074936043,208,36.163,39.8607,3.6977
600M,chip_421_329_merged.tif,0.8,3,1694329412,208,36.2087,41.0777,4.869
600M,chip_421_329_merged.tif,0.8,4,1214383894,208,36.2903,40.6564,4.3661
